REGIAO:;NE
UF:;PI
ESTACAO:;TERESINA
CODIGO (WMO):;A312
LATITUDE:;-5,03472221
LONGITUDE:;-42,80138888
ALTITUDE:;75,23
DATA DE FUNDACAO:;24/11/04
Data;Hora UTC;PRECIPITAO TOTAL, HORRIO (mm);PRESSAO ATMOSFERICA AO NIVEL DA ESTACAO, HORARIA (mB);PRESSO ATMOSFERICA MAX.NA HORA ANT. (AUT) (mB);PRESSO ATMOSFERICA MIN. NA HORA ANT. (AUT) (mB);RADIACAO GLOBAL (Kj/m);TEMPERATURA DO AR - BULBO SECO, HORARIA (C);TEMPERATURA DO PONTO DE ORVALHO (C);TEMPERATURA MXIMA NA HORA ANT. (AUT) (C);TEMPERATURA MNIMA NA HORA ANT. (AUT) (C);TEMPERATURA ORVALHO MAX. NA HORA ANT. (AUT) (C);TEMPERATURA ORVALHO MIN. NA HORA ANT. (AUT) (C);UMIDADE REL. MAX. NA HORA ANT. (AUT) (%);UMIDADE REL. MIN. NA HORA ANT. (AUT) (%);UMIDADE RELATIVA DO AR, HORARIA (%);VENTO, DIREO HORARIA (gr) ( (gr));VENTO, RAJADA MAXIMA (m/s);VENTO, VELOCIDADE HORARIA (m/s);
2024/01/01;0000 UTC;0;1005,6;1005,6;1004,5;;26;22,7;26,3;26;23,2;22,7;84;82;82;30;3,3;1,3;
2024/01/01;0100 UTC;0;1005,6;1005,8;1005,6;;25,8;22,7;26;25,8;22,9;22,6;83;82;83;347;3,3;1,8;
2024/01/01;0200 UTC;,2;1005,4;1005,8;1005,4;;25,5;22,8;25,8;25,5;22,8;22,2;85;81;85;274;3,3;,1;
2024/01/01;0300 UTC;0;1004,8;1005,4;1004,8;;25,3;23,2;25,8;25,3;23,7;22,5;89;84;88;360;1,6;,6;
2024/01/01;0400 UTC;0;1004,4;1004,8;1004,4;;25,2;22,4;25,3;25,1;23,1;22,4;88;85;85;338;2,3;,8;
2024/01/01;0500 UTC;0;1004,2;1004,5;1004,2;;24,8;22,3;25,3;24,8;22,6;22,2;86;84;86;350;3,6;0;
2024/01/01;0600 UTC;0;1003,8;1004,2;1003,8;;24,4;22,1;24,8;24,4;22,6;22,1;89;86;87;20;,9;0;
2024/01/01;0700 UTC;0;1003,8;1003,8;1003,7;;24,3;22,1;24,4;24,2;22,2;21,9;88;86;88;3;0;0;
2024/01/01;0800 UTC;0;1003,6;1003,8;1003,5;;24,1;22,2;24,3;24,1;22,4;22;89;87;89;107;0;0;
2024/01/01;0900 UTC;,2;1003,7;1003,7;1003,6;19,5;23,8;22,2;24,1;23,8;22,3;21,9;91;89;91;201;0;0;
2024/01/01;1000 UTC;0;1004,4;1004,4;1003,7;288,1;24,5;21;24,7;23,8;22,3;21;91;81;81;184;0;0;
2024/01/01;1100 UTC;0;1005,1;1005,1;1004,4;516,2;25,3;21,1;25,4;24,5;21,7;20,5;82;77;77;17;0;0;
2024/01/01;1200 UTC;0;1005,6;1005,6;1005,1;916,9;26,6;20,8;26,6;25,3;21,6;20,8;78;71;71;348;0;0;
2024/01/01;1300 UTC;0;1005,4;1005,6;1005,4;1267;28,3;21,6;28,3;26,5;21,8;20,6;72;66;67;349;0;0;
2024/01/01;1400 UTC;0;1005;1005,4;1005;2301,9;30,4;20,7;30,7;28,3;22,4;20,7;67;56;56;261;,2;0;
2024/01/01;1500 UTC;0;1003,9;1005;1003,9;2843,7;31,7;20,3;31,7;30,3;21,8;19,7;61;49;51;117;0;0;
2024/01/01;1600 UTC;0;1002,8;1003,9;1002,8;1905,5;31,7;20,7;32,7;31,5;21,4;19,5;55;47;52;300;3,7;1,2;
2024/01/01;1700 UTC;0;1001,2;1002,8;1001,2;2350,2;33,2;20,1;33,6;31,7;21,5;19,6;52;45;46;5;4,9;2,2;
2024/01/01;1800 UTC;0;1000,2;1001,2;1000,2;1496,6;33;20,5;33,5;32,4;21,3;19,6;52;45;48;57;5;2,9;
2024/01/01;1900 UTC;0;1000,1;1000,2;999,9;974;32,4;20,5;33,6;32,4;21;19,9;50;45;50;13;5;1,4;
2024/01/01;2000 UTC;0;1000,3;1000,3;1000,1;338;31,6;20,2;32,4;31,6;20,7;19,9;52;48;51;21;4,2;1,6;
2024/01/01;2100 UTC;0;1000,9;1000,9;1000,2;98,2;30,3;20,6;31,6;30,3;20,7;20,2;56;51;56;345;3;1,3;
2024/01/01;2200 UTC;0;1002,1;1002,1;1000,9;;29,5;21,5;30,3;29,4;21,6;20,5;63;56;62;2;2,8;1,1;
2024/01/01;2300 UTC;0;1002,8;1002,9;1002,1;;28,9;21,5;29,6;28,9;21,8;21,3;64;61;64;21;7,9;2,7;
2024/01/02;0000 UTC;0;1003,7;1003,8;1002,8;;28,1;21;28,9;28,1;21,5;20,9;65;63;65;28;5,8;2,8;
2024/01/02;0100 UTC;0;1004,1;1004,1;1003,7;;26,9;21;28,1;26,9;21,1;20,7;70;65;70;23;7;2,3;
2024/01/02;0200 UTC;0;1003,8;1004,2;1003,8;;26;21;26,9;26;21,3;21;75;70;74;356;4,7;1,7;
2024/01/02;0300 UTC;0;1002,9;1003,8;1002,9;;25,6;21,2;26;25,6;21,5;21;77;74;77;357;3,4;,9;
2024/01/02;0400 UTC;0;1002,4;1002,9;1002,4;;25,4;21,3;25,6;25,4;21,6;21,2;79;77;78;321;1,8;,7;
2024/01/02;0500 UTC;0;1002,4;1002,5;1002,3;;25,1;22,3;25,5;25,1;22,4;21,2;84;78;84;347;2;,3;
2024/01/02;0600 UTC;0;1002,4;1002,4;1002,3;;25;22,2;25,1;24,8;22,6;21,9;86;84;85;246;1,2;,1;
2024/01/02;0700 UTC;,2;1002,6;1002,6;1002,3;;24,7;23,1;25;24,4;23,1;21,9;91;84;91;77;,7;,2;
2024/01/02;0800 UTC;0;1002,8;1002,8;1002,6;;24,8;23,3;24,8;24,6;23,3;22,9;91;90;91;54;,7;0;
2024/01/02;0900 UTC;0;1003,5;1003,5;1002,7;19,3;24,6;22,9;24,8;24,5;23,3;22,8;91;90;90;280;0;0;
2024/01/02;1000 UTC;0;1004,1;1004,1;1003,5;252,5;25,4;21,6;25,4;24,5;23;21,5;90;79;80;267;2,6;1;
2024/01/02;1100 UTC;0;1004,2;1004,2;1004,1;695,7;26,9;22,4;26,9;25,4;22,5;21,5;81;76;76;19;3,7;2,1;
2024/01/02;1200 UTC;,2;1004;1004,2;1004;1574,4;29;21,8;29,7;26,9;23;21,7;77;64;65;1;7;3,3;
2024/01/02;1300 UTC;0;1004;1004,1;1003,9;1836,9;30,5;20,9;31;28,6;22,2;20,8;67;55;56;37;7;2,3;
2024/01/02;1400 UTC;0;1003,8;1004,1;1003,8;2008,5;31,7;20,5;32,5;30,5;21,2;19,6;57;49;52;355;5,8;2,4;
2024/01/02;1500 UTC;0;1003,1;1003,8;1003,1;922,1;31;20,8;31,9;31;21,2;19,7;55;50;55;323;5,9;1,7;
2024/01/02;1600 UTC;5;1002,3;1003,1;1002,3;541,3;27,2;23,4;31;26,6;24;20,6;85;54;80;282;7,1;1,6;
2024/01/02;1700 UTC;0;1000,6;1002,3;1000,6;1994,3;32;20,6;32,3;27,2;24,3;20,6;80;50;51;325;4,4;1,6;
2024/01/02;1800 UTC;0;999,6;1000,6;999,6;993,7;32,4;20,8;32,4;31,8;22,3;19,8;56;48;51;305;4,1;,9;
2024/01/02;1900 UTC;0;999,7;999,7;999,6;876,6;32,7;20,8;33;32,4;21,6;19,8;53;46;50;5;3,2;1,7;
2024/01/02;2000 UTC;0;1000,3;1000,3;999,7;566,6;31,8;20,6;33;31,8;22,6;19,2;56;45;52;282;3,4;,3;
2024/01/02;2100 UTC;0;1001,4;1001,4;1000,3;48,2;29,6;21,5;31,8;29,6;21,7;19,7;62;49;62;241;5,2;1,7;
2024/01/02;2200 UTC;0;1002,3;1002,3;1001,4;;28,2;22,7;29,5;28,2;22,8;21,6;72;62;72;242;4,8;1,2;
2024/01/02;2300 UTC;0;1002,9;1002,9;1002,3;;27,5;22,7;28,2;27,5;22,7;22,4;75;71;75;239;4,2;,6;
2024/01/03;0000 UTC;0;1004,5;1004,5;1002,9;;27,3;23,4;27,5;27,2;23,4;22,5;79;75;79;154;2,2;,2;
2024/01/03;0100 UTC;8,2;1004,8;1005,1;1004,5;;24,5;23,1;27,3;24,4;23,7;22,4;92;76;92;97;8,2;2,7;
2024/01/03;0200 UTC;4,4;1004,3;1004,8;1004,2;;24,4;23;24,6;24,4;23,2;23;92;92;92;3;5,4;0;
2024/01/03;0300 UTC;4,6;1004;1004,3;1003,9;;24,4;23,1;24,5;24,3;23,2;22,9;92;92;92;22;,8;0;
2024/01/03;0400 UTC;3,8;1003,2;1004;1003,2;;24,2;22,9;24,5;24,2;23,2;22,8;93;92;92;27;0;0;
2024/01/03;0500 UTC;2,2;1003;1003,3;1003;;24,1;22,9;24,3;24,1;23;22,8;93;92;93;108;0;0;
2024/01/03;0600 UTC;1,2;1003;1003;1002,9;;24,2;23;24,2;24,1;23;22,9;93;93;93;193;0;0;
2024/01/03;0700 UTC;,2;1003,4;1003,4;1003;;24,3;23,1;24,4;24,2;23,2;23,1;93;93;93;152;0;0;
2024/01/03;0800 UTC;,2;1003,7;1003,7;1003,3;;24,2;23;24,3;24,2;23,1;23;93;93;93;162;0;0;
2024/01/03;0900 UTC;,2;1004,5;1004,5;1003,7;13,9;24,4;23,2;24,4;24,2;23,2;23;93;93;93;105;0;0;
2024/01/03;1000 UTC;,2;1005;1005;1004,5;299,8;24,9;23,5;24,9;24,4;23,6;23,2;93;92;92;130;0;0;
2024/01/03;1100 UTC;0;1005,4;1005,4;1005;556,6;25,4;23,2;25,5;24,8;23,7;23,2;92;88;88;156;3,2;,8;
2024/01/03;1200 UTC;0;1005,6;1005,6;1005,4;699,4;26,2;22,9;26,4;25,3;23,6;22,8;88;82;82;111;3,2;1,1;
2024/01/03;1300 UTC;0;1005,6;1005,7;1005,6;877;27,2;22,5;27,3;26,1;23,4;22,1;84;75;75;118;2,4;,9;
2024/01/03;1400 UTC;0;1005,2;1005,6;1005,2;1146,6;28,1;22,7;28,2;27,1;23,6;22,2;77;72;72;136;2,7;,8;
2024/01/03;1500 UTC;0;1004,6;1005,2;1004,6;1162,4;28,6;23;28,7;27,9;23,7;22,4;75;70;72;69;3,5;1,6;
2024/01/03;1600 UTC;0;1003,4;1004,6;1003,4;1295,9;29,9;22,5;30;28,6;23,4;22,2;73;63;64;76;3,7;1,2;
2024/01/03;1700 UTC;0;1001,8;1003,4;1001,8;1523,9;30,5;23,2;30,5;29,7;23,2;22,2;66;63;65;34;3,7;1,1;
2024/01/03;1800 UTC;0;1001;1001,8;1001;1433,6;31,3;22,6;31,8;30,3;23,2;22,2;66;57;60;39;3,6;1,5;
2024/01/03;1900 UTC;0;1000,8;1001,1;1000,8;1430,1;31,8;22,2;32,6;31,3;23,2;21,6;60;54;57;115;3,6;1,6;
2024/01/03;2000 UTC;0;1001,1;1001,1;1000,8;774,6;31,2;23;32,2;31,1;23;21,7;62;55;62;121;3,5;,2;
2024/01/03;2100 UTC;0;1001,7;1001,7;1001,1;82,7;29;24;31,2;29;24,5;22,6;75;61;75;182;1,7;,1;
2024/01/03;2200 UTC;0;1002,4;1002,4;1001,7;;27,9;24,3;29;27,9;25;23,5;82;74;81;166;1,2;0;
2024/01/03;2300 UTC;0;1003,1;1003,1;1002,4;;27,3;24,7;27,9;27,2;25;24,3;86;81;85;127;0;0;
2024/01/04;0000 UTC;0;1003,9;1003,9;1003,1;;27,3;24,5;27,5;27,1;24,8;24,3;86;84;85;271;2;0;
2024/01/04;0100 UTC;0;1004,4;1004,4;1004;;27,3;23,2;27,4;27,1;24,8;23,2;86;78;78;325;3,6;1,6;
2024/01/04;0200 UTC;0;1004,5;1004,6;1004,3;;27;22,4;27,3;27;23;22,3;78;74;76;329;3,7;1,1;
2024/01/04;0300 UTC;0;1003,9;1004,5;1003,9;;26,6;22,5;27;26,6;22,9;22,3;79;76;79;345;2,9;,8;
2024/01/04;0400 UTC;0;1003,1;1003,9;1003,1;;26,1;22,4;26,6;26,1;23;22,4;82;79;80;280;2,1;,4;
2024/01/04;0500 UTC;0;1002,8;1003,1;1002,5;;25,9;23,1;26,2;25,8;23,4;22,5;85;80;85;302;1,5;,2;
2024/01/04;0600 UTC;0;1002,9;1003;1002,7;;25,8;23,2;25,9;25,7;23,3;23,1;86;85;86;263;1,6;,4;
2024/01/04;0700 UTC;0;1002,7;1002,9;1002,4;;25,5;23,2;25,8;25,4;23,3;22,9;88;85;88;236;1,4;0;
2024/01/04;0800 UTC;0;1003;1003;1002,6;;25,2;23,4;25,5;25,2;23,5;23,2;90;88;90;168;1,1;0;
2024/01/04;0900 UTC;0;1003,4;1003,4;1003;26,9;25,3;23,2;25,4;25,2;23,7;23,1;90;88;88;171;1,3;0;
2024/01/04;1000 UTC;0;1003,7;1003,7;1003,4;469,9;26,4;22,5;26,4;25,3;23,3;22,4;88;79;79;331;1;,2;
2024/01/04;1100 UTC;0;1004,3;1004,3;1003,7;559,1;27,2;22,8;27,2;26,4;23,3;22,5;81;77;77;38;2,3;,7;
2024/01/04;1200 UTC;0;1004,5;1004,6;1004,3;1072,8;28,4;22,4;28,5;27,2;23,6;22,4;77;70;70;158;2,7;1;
2024/01/04;1300 UTC;0;1004,2;1004,6;1004,2;939,3;29,2;21,8;29,6;28,4;23,3;21,8;71;64;64;9;3;1,3;
2024/01/04;1400 UTC;0;1003,5;1004,2;1003,5;2040;32;21,5;32,2;29,2;22,6;20,9;66;52;54;98;4,7;2,3;
2024/01/04;1500 UTC;0;1003;1003,5;1003;2926,7;32,5;22,3;33,2;31,9;22,5;21;56;50;55;116;5,6;2,2;
2024/01/04;1600 UTC;0;1001,9;1003;1001,9;1935,1;33;21,8;33,1;31,8;22,8;21,3;57;51;52;121;5,2;2;
2024/01/04;1700 UTC;0;1000,9;1001,9;1000,8;1820,5;33,4;21,9;33,8;32,6;22,7;21,1;54;48;51;102;7,8;2;
2024/01/04;1800 UTC;0;1000,1;1000,9;1000,1;1285,2;33,7;21,1;33,9;32,5;22,8;20,7;56;46;48;185;7,8;1,1;
2024/01/04;1900 UTC;0;999,9;1000,1;999,9;1085,7;33,6;20,4;34;33,1;21,8;19,7;50;44;46;155;3,6;1,1;
2024/01/04;2000 UTC;0;999,8;1000;999,8;685,9;33;21,1;34,2;32,9;21,8;19,6;50;43;50;4;2,1;,5;
2024/01/04;2100 UTC;0;1000,1;1000,1;999,7;66,8;29,6;22,9;33;29,5;23,6;20,9;70;50;68;184;1,4;0;
2024/01/04;2200 UTC;0;1000,6;1000,6;1000,1;;28;21,4;29,6;28;23,4;20,9;71;63;67;345;,4;0;
2024/01/04;2300 UTC;0;1001,8;1001,8;1000,6;;27,2;23;28,1;27,1;23,1;21,2;78;66;78;325;1,3;0;
2024/01/05;0000 UTC;0;1002,4;1002,4;1001,8;;26,9;24,1;27,3;26,9;24,3;22,7;85;77;85;16;0;0;
2024/01/05;0100 UTC;0;1002,6;1002,6;1002,4;;26,1;23,6;26,9;26,1;24,4;23,6;88;85;86;282;,7;0;
2024/01/05;0200 UTC;0;1002,6;1002,7;1002,6;;26,4;24,5;26,4;25,8;24,5;23,2;89;86;89;2;,9;0;
2024/01/05;0300 UTC;0;1002,6;1003;1002,6;;26,5;22,4;26,6;26,2;24,6;22,3;89;78;78;356;5,7;1,4;
2024/01/05;0400 UTC;0;1002,3;1002,6;1002,2;;26,2;22,4;26,6;26,2;22,4;22,3;80;78;80;342;3;1,4;
2024/01/05;0500 UTC;0;1001,8;1002,3;1001,8;;25,8;22,2;26,2;25,8;22,5;22,2;82;80;80;352;2,8;1,3;
2024/01/05;0600 UTC;0;1001,5;1001,8;1001,4;;25,1;22,4;25,8;25,1;22,9;22,2;86;80;85;281;2;,5;
2024/01/05;0700 UTC;0;1001,5;1001,5;1001,4;;24,8;22,7;25,2;24,8;22,7;22,4;88;85;88;288;2,2;,1;
2024/01/05;0800 UTC;0;1001,8;1001,8;1001,5;;24,4;22,8;24,8;24,4;23;22,7;91;88;91;139;1;0;
2024/01/05;0900 UTC;0;1002,5;1002,5;1001,8;26,5;24,5;23,2;24,5;24,1;23,2;22,7;92;91;92;94;0;0;
2024/01/05;1000 UTC;0;1003;1003;1002,5;453,7;25,8;22,6;25,9;24,5;23,7;22,6;93;82;83;13;2,5;,9;
2024/01/05;1100 UTC;0;1003,2;1003,2;1003;1094,4;27,5;22,3;27,6;25,8;22,7;21,7;83;72;73;31;3,6;1,7;
2024/01/05;1200 UTC;0;1003;1003,2;1003;1696,8;30;22,3;30,1;27,4;22,6;21,8;74;62;63;125;4;1,5;
2024/01/05;1300 UTC;0;1002,7;1003;1002,7;2095,3;31,7;22,4;31,9;29,6;23,4;21,7;66;56;58;65;3,8;1,4;
2024/01/05;1400 UTC;0;1002,2;1002,7;1002,2;2253,7;32,6;21,5;33,1;31,7;23,1;21,4;59;51;52;188;3,5;,9;
2024/01/05;1500 UTC;0;1001,4;1002,3;1001,4;2172,5;33,4;21,4;33,5;32,4;23,1;21,2;57;49;50;90;3,5;1,3;
2024/01/05;1600 UTC;0;1000,7;1001,4;1000,7;1516,3;33,7;21,2;33,9;32,9;22,8;20,6;54;47;48;196;4;,3;
2024/01/05;1700 UTC;0;999,7;1000,7;999,7;1690;35;21;35,1;33,7;21,9;19,1;49;40;44;209;4,7;1,8;
2024/01/05;1800 UTC;0;998,9;999,7;998,9;1470,2;34,6;19,8;35,2;34,6;21;18,9;45;38;42;152;4,4;1,1;
2024/01/05;1900 UTC;0;998,3;998,9;998,3;850,2;34,4;21,4;34,9;34,3;21,7;19;47;40;47;153;3,7;,7;
2024/01/05;2000 UTC;0;998,4;998,4;998,1;387,7;33;21,8;34,4;33;22,6;20,9;55;46;52;105;3,3;1;
2024/01/05;2100 UTC;0;998,6;998,6;998,4;71,1;29,9;23,8;33;29,8;23,8;21,7;70;51;70;140;2,6;0;
2024/01/05;2200 UTC;0;999,4;999,4;998,6;;28,3;23;29,9;28,3;23,9;22,2;73;67;73;158;,4;0;
2024/01/05;2300 UTC;0;1000,3;1000,3;999,4;;28;23,7;28,4;27,7;24;22,2;78;71;77;26;,5;0;
2024/01/06;0000 UTC;0;1001,2;1001,2;1000,4;;27,6;23,5;28,5;27,6;25;23,2;83;74;79;164;,6;0;
2024/01/06;0100 UTC;0;1001,6;1001,7;1001,2;;27;24,2;27,8;27;24,9;23,4;86;78;85;125;,9;0;
2024/01/06;0200 UTC;0;1001,6;1001,7;1001,6;;26,7;24,4;27;26,4;24,4;23,6;87;83;87;360;0;0;
2024/01/06;0300 UTC;0;1001,9;1002,3;1001,6;;27,2;22,7;27,2;26,5;24,6;22,7;88;76;77;333;3,8;1,2;
2024/01/06;0400 UTC;0;1001,8;1001,9;1001,6;;27,1;22,9;27,4;27,1;22,9;22,6;78;75;78;341;2,8;1;
2024/01/06;0500 UTC;0;1001,8;1001,9;1001,7;;26,9;22,7;27,1;26,7;23,2;22,7;81;78;78;336;2,9;1,2;
2024/01/06;0600 UTC;0;1001,5;1001,8;1001,5;;26,5;22,7;26,9;26,5;22,8;22,6;80;78;80;341;3,2;1,2;
2024/01/06;0700 UTC;0;1001,8;1001,8;1001,5;;25,9;23;26,5;25,9;23;22,8;84;80;84;279;2,8;,4;
2024/01/06;0800 UTC;0;1002,4;1002,4;1001,8;;25,4;22,8;26;25,4;22,9;22,7;86;83;85;299;2,3;,3;
2024/01/06;0900 UTC;0;1003,1;1003,1;1002,4;37,6;25,4;23,6;25,5;25,2;23,6;22,8;89;85;89;2;1,5;0;
2024/01/06;1000 UTC;0;1003,3;1003,3;1003,1;442,4;26,9;22,9;26,9;25,5;23,6;22,6;89;78;79;315;2,6;,8;
2024/01/06;1100 UTC;0;1003,5;1003,5;1003,2;1093,1;28,6;22,8;28,7;26,9;23,3;22,5;79;71;71;49;3,3;1,6;
2024/01/06;1200 UTC;0;1003,3;1003,6;1003,2;1672,5;29,9;22,7;30,2;28,4;23,3;22,3;72;65;65;345;3;1,1;
2024/01/06;1300 UTC;0;1003,1;1003,2;1003,1;1683,6;30,8;22,3;31,8;29,9;23,4;22,2;66;59;61;163;3,9;1,2;
2024/01/06;1400 UTC;0;1002,3;1003,1;1002,3;1958,9;33,5;22,6;33,5;30,8;23,2;21,9;62;53;53;186;3,8;1,5;
2024/01/06;1500 UTC;0;1001,7;1002,3;1001,7;2018,6;33,6;22,9;34,2;32,5;23,1;21,6;57;49;54;131;4,4;1,8;
2024/01/06;1600 UTC;0;1000,6;1001,7;1000,6;2369;34,4;21,7;34,9;33,5;23,2;21,6;54;47;48;141;5,7;1,9;
2024/01/06;1700 UTC;0;999,4;1000,6;999,4;2167,4;35,5;22;35,6;34,3;22,6;20,9;50;43;46;161;5,7;1,6;
2024/01/06;1800 UTC;0;998,8;999,4;998,7;1290,1;35;22;35,6;34,1;22,6;21,2;49;44;47;121;4,4;1,5;
2024/01/06;1900 UTC;0;998,5;998,8;998,4;1254,2;35,9;21,8;35,9;34,8;22,5;20,5;49;42;44;197;4,7;1,5;
2024/01/06;2000 UTC;0;998,2;998,5;998,2;620,1;34;21,6;35,9;34;21,6;20,4;49;42;49;194;5,5;1,5;
2024/01/06;2100 UTC;0;999,2;999,2;998,2;75;31,4;22,2;34;31,4;22,6;21,2;58;48;58;221;3,8;,4;
2024/01/06;2200 UTC;0;999,7;999,8;999,2;;29,4;23,8;31,4;29,4;23,8;22,1;72;58;72;208;1,8;0;
2024/01/06;2300 UTC;0;1000,6;1000,6;999,7;;28,2;23,8;29,4;28,2;24,4;23;78;71;77;339;1,5;,1;
2024/01/07;0000 UTC;0;1001,1;1001,2;1000,6;;28,3;22,2;28,6;28,1;23,8;22,1;77;68;70;268;2,1;0;
2024/01/07;0100 UTC;0;1001,4;1001,4;1001,1;;27,3;23,7;28,3;27,3;23,7;22,2;81;69;81;321;1,5;,1;
2024/01/07;0200 UTC;0;1001,6;1001,9;1001,4;;27,5;22;27,9;27;24;21,7;83;69;72;4;3,6;1,8;
2024/01/07;0300 UTC;0;1001,5;1001,9;1001,5;;26,8;22,1;27,5;26,7;22,2;22;76;72;76;334;3,3;1,6;
2024/01/07;0400 UTC;0;1001;1001,5;1000,9;;26,3;22,2;26,8;26,3;22,2;22,1;78;76;78;326;3,9;1;
2024/01/07;0500 UTC;0;1001,2;1001,2;1000,9;;25,8;22,7;26,3;25,7;22,7;22,1;83;78;83;303;3,5;,4;
2024/01/07;0600 UTC;0;1001,5;1001,7;1001,2;;25,6;22,6;25,8;25,6;22,8;22,5;84;82;84;306;2,7;,6;
2024/01/07;0700 UTC;0;1001,6;1001,6;1001,4;;25,4;22,3;25,6;25,4;22,7;22,3;85;83;83;297;2,7;,7;
2024/01/07;0800 UTC;0;1002;1002,3;1001,6;;25,2;22,5;25,5;25,2;22,5;22,3;85;83;85;320;2,9;,4;
2024/01/07;0900 UTC;0;1003,4;1003,4;1002;8,2;25,2;23;25,3;25,1;23;22,5;88;85;88;181;1,9;,2;
2024/01/07;1000 UTC;7,6;1004,9;1004,9;1003,4;33;23,3;21,9;25,4;23,1;23,2;20,2;92;77;92;127;9,4;2,3;
2024/01/07;1100 UTC;,8;1004,6;1005,1;1004,6;262,7;23,7;21,9;23,8;23,3;22,2;21,7;92;90;90;137;4,9;0;
2024/01/07;1200 UTC;0;1005,2;1005,3;1004,6;556,6;24,6;21,7;24,7;23,7;22,2;21,2;90;84;84;35;0;0;
2024/01/07;1300 UTC;0;1005,2;1005,5;1005,1;695;25,3;22;25,3;24,5;22,1;21,1;85;79;82;342;0;0;
2024/01/07;1400 UTC;0;1004,7;1005,4;1004,7;1152,1;26,8;21,7;26,9;25,2;22,3;21,1;82;72;73;247;,4;0;
2024/01/07;1500 UTC;0;1003,4;1004,7;1003,4;1923,3;28,9;22,7;28,9;26,9;23;21,6;75;69;69;12;4,3;1,4;
2024/01/07;1600 UTC;0;1002,9;1003,4;1002,8;2882;31,4;22,6;31,4;28,7;23,5;22,1;70;60;60;51;4,5;1,2;
2024/01/07;1700 UTC;0;1001,9;1002,9;1001,9;1330,8;30,6;22,4;31,9;30,2;23,1;21,7;64;57;62;352;4,2;1,2;
2024/01/07;1800 UTC;0;1000,7;1001,9;1000,7;1256,1;32,2;22,1;32,5;30,5;23,2;21,5;64;54;55;306;3,6;1,3;
2024/01/07;1900 UTC;0;1000,4;1000,7;1000,4;1251,8;33;22,4;33,1;31,8;23;21,3;59;52;54;256;4,4;1,1;
2024/01/07;2000 UTC;0;1001,5;1001,6;1000,3;386,8;30,5;22,3;33;30,5;22,5;21,9;62;53;62;265;4,7;1,6;
2024/01/07;2100 UTC;0;1002,4;1002,4;1001,5;69,8;29,5;22,9;30,5;29,5;22,9;21,8;68;60;68;256;4,4;1,2;
2024/01/07;2200 UTC;2;1003,3;1003,3;1002,4;;26,5;24,6;29,5;26,4;24,6;22,6;89;68;89;109;6,4;0;
2024/01/07;2300 UTC;0;1003,4;1003,7;1003,3;;24,8;21,9;26,5;24,8;24,8;21,8;91;82;84;348;7,9;1,9;
2024/01/08;0000 UTC;0;1004,6;1004,6;1003,3;;24,1;21,9;24,9;24,1;22,8;21,7;89;84;87;352;4,4;1,3;
2024/01/08;0100 UTC;0;1005;1005,2;1004,5;;24;21,6;24,2;23,8;21,9;21;87;84;87;25;4,6;2;
2024/01/08;0200 UTC;0;1004,9;1005,3;1004,9;;23,9;21,4;24,2;23,9;21,9;21,4;88;85;86;334;4,6;1,8;
2024/01/08;0300 UTC;0;1004,2;1005;1004,2;;23,7;21,6;23,9;23,7;21,7;21,3;88;86;88;29;3,5;,5;
2024/01/08;0400 UTC;0;1003,5;1004,2;1003,5;;23,8;21,7;23,9;23,7;21,9;21,6;89;88;88;22;2;,5;
2024/01/08;0500 UTC;0;1002,9;1003,5;1002,8;;23,5;22;23,8;23,4;22;21,6;91;88;91;323;1,4;,1;
2024/01/08;0600 UTC;0;1002,4;1002,9;1002,4;;23,3;21,8;23,6;23,3;22,2;21,8;92;91;91;280;2,8;,3;
2024/01/08;0700 UTC;0;1001,8;1002,5;1001,7;;23,2;21,8;23,4;23,1;21,8;21,6;92;91;92;247;1,6;,3;
2024/01/08;0800 UTC;0;1002,7;1002,7;1001,7;;23,1;21,9;23,2;23;21,9;21,6;93;92;93;77;1,4;,1;
2024/01/08;0900 UTC;0;1003,5;1003,5;1002,7;24,8;23,4;22,2;23,5;23,1;22,3;21,8;93;92;93;74;1,2;,4;
2024/01/08;1000 UTC;0;1004,6;1004,6;1003,5;226,4;24,4;22,4;24,4;23,4;22,5;22,2;93;88;88;89;2;,5;
2024/01/08;1100 UTC;0;1004,8;1004,9;1004,3;817,8;25,9;21,8;26,1;24,3;22,4;21,4;88;76;78;78;2;,5;
2024/01/08;1200 UTC;0;1005,1;1005,1;1004,8;1527;28;22;28;26;22,7;21,3;79;70;70;71;4,3;1,8;
2024/01/08;1300 UTC;0;1004,6;1005,1;1004,6;1880,2;29,7;21,6;29,9;27,9;22,9;20,9;71;60;62;81;6,9;3,2;
2024/01/08;1400 UTC;0;1004,1;1004,7;1004,1;1968,5;30;21,1;30,8;29,7;22,3;20,7;63;56;59;52;5,7;2,1;
2024/01/08;1500 UTC;0;1003,2;1004,1;1003,2;1925,1;31,8;21,3;32,2;30;22,4;20,7;62;51;54;57;5,2;2,2;
2024/01/08;1600 UTC;0;1002,3;1003,2;1002,3;1631;31,6;21;32,1;31;22,2;20,2;59;50;53;64;4,9;1,9;
2024/01/08;1700 UTC;0;1001,3;1002,3;1001,3;1590,9;32,2;21,1;32,8;31,6;21,7;20,1;55;48;52;93;3,6;1,5;
2024/01/08;1800 UTC;0;1000,7;1001,3;1000,7;1553,1;33,5;20,4;34;32,2;21,3;19,8;52;45;47;67;4,4;1,9;
2024/01/08;1900 UTC;0;1000,4;1000,7;1000,4;1077,1;33,3;20;33,8;33,1;22,1;19,1;51;43;46;190;4,4;,4;
2024/01/08;2000 UTC;0;1000,6;1000,6;1000,4;663,7;32,7;20,2;33,9;32,7;20,9;19,4;50;43;48;34;2,3;1,1;
2024/01/08;2100 UTC;0;1001;1001;1000,6;151,4;30;23,5;32,6;30;23,7;20,2;68;48;68;20;1,7;,1;
2024/01/08;2200 UTC;0;1001,6;1001,6;1001;;27,7;22,3;30;27,6;24,1;21,5;74;66;73;266;2;,3;
2024/01/08;2300 UTC;0;1002;1002;1001,6;;27;23;27,8;26,9;23,4;21,2;79;71;79;67;,9;,4;
2024/01/09;0000 UTC;0;1002,6;1002,6;1002;;26,1;23,2;27,2;26,1;23,7;22,2;84;77;84;294;,9;0;
2024/01/09;0100 UTC;0;1002,7;1002,9;1002,6;;26,1;23,8;26,3;25,9;24;23,2;88;84;87;225;1;,1;
2024/01/09;0200 UTC;0;1003,3;1003,4;1002,7;;25,7;22,8;26,2;25,7;24,2;22,8;90;84;84;13;3,5;1,7;
2024/01/09;0300 UTC;0;1003;1003,4;1003;;25,6;22;25,9;25,6;22,6;22;84;79;81;352;3,5;1,4;
2024/01/09;0400 UTC;0;1002,5;1003;1002,5;;24,7;22,2;25,7;24,7;22,6;22;87;80;86;308;2,4;,5;
2024/01/09;0500 UTC;0;1002,1;1002,5;1002,1;;24,1;22,1;24,7;24,1;22,4;22;89;86;88;5;1,3;0;
2024/01/09;0600 UTC;0;1002,3;1002,3;1002;;24;22,2;24,2;23,9;22,5;22;91;88;90;200;1,3;0;
2024/01/09;0700 UTC;0;1002,7;1002,7;1002,3;;23,5;22;24;23,5;22,3;22;91;90;91;303;,7;,2;
2024/01/09;0800 UTC;0;1003;1003;1002,6;;23,5;22,1;23,8;23,3;22,4;21,8;92;91;92;299;,9;,1;
2024/01/09;0900 UTC;0;1003,6;1003,6;1003;40,3;23,9;22,7;23,9;23,3;22,7;21,9;93;92;93;117;,6;0;
2024/01/09;1000 UTC;0;1004,2;1004,2;1003,6;477;26;21,1;26;23,9;23,3;21,1;93;75;75;184;1,4;,2;
2024/01/09;1100 UTC;0;1004,4;1004,4;1004,2;974,2;27,1;21,4;27,2;25,7;22,2;20,9;78;70;71;11;3;1,2;
2024/01/09;1200 UTC;0;1004,8;1004,8;1004,4;1680,3;29,6;21,1;29,6;27;22,4;21,1;73;60;60;76;3,6;1,1;
2024/01/09;1300 UTC;0;1004,5;1004,8;1004,5;1822,2;30,5;22,2;31,3;29,5;22,7;21,1;64;57;61;41;3,1;1,2;
2024/01/09;1400 UTC;0;1003,9;1004,5;1003,9;2222,2;32;21,9;32,3;30,4;22,5;20,8;63;52;55;81;3,7;2,1;
2024/01/09;1500 UTC;0;1002,9;1003,9;1002,9;2534,2;33,3;20,5;33,4;32;22,7;20,5;56;47;47;145;4,3;1,3;
2024/01/09;1600 UTC;0;1001,8;1002,9;1001,8;2209,6;34,6;19,3;34,6;33,1;21,8;19,3;50;41;41;131;4,1;1;
2024/01/09;1700 UTC;0;1000,7;1001,8;1000,7;2161,2;35,6;19,9;35,6;33,8;20,9;19,1;46;39;40;103;5,4;1,4;
2024/01/09;1800 UTC;0;1000,3;1000,7;1000,3;1885,3;35,6;20,8;36,1;35,1;21,1;19;44;37;42;104;5,1;1,9;
2024/01/09;1900 UTC;0;999,9;1000,3;999,9;1127,4;35,5;20,1;35,8;34,6;20,5;19,2;43;38;41;94;4,8;1,9;
2024/01/09;2000 UTC;0;999,8;999,9;999,8;788,2;34,5;18,8;35,5;34,5;20,2;18,7;42;39;40;128;6,2;1,9;
2024/01/09;2100 UTC;0;999,8;999,9;999,8;170,4;32,3;19,1;34,6;32,3;20,4;18,6;48;40;46;137;3,8;1,1;
2024/01/09;2200 UTC;0;1000,1;1000,1;999,8;;28,9;20,2;32,3;28,9;20,6;19,1;60;46;59;276;3;0;
2024/01/09;2300 UTC;0;1000,5;1000,5;1000,1;;27,5;21,1;28,9;27,4;21,6;19,7;71;58;68;336;,8;,4;
2024/01/10;0000 UTC;0;1000,9;1000,9;1000,5;;26,9;21,3;27,6;26,9;22,4;21;74;68;71;48;2,1;0;
2024/01/10;0100 UTC;0;1001,3;1001,3;1000,9;;27,8;21,6;28;26,3;21,7;20,9;76;67;69;350;5;2;
2024/01/10;0200 UTC;0;1001,8;1001,8;1001,3;;27,2;21,8;27,9;27,2;21,8;21,5;72;68;72;352;4,8;1,6;
2024/01/10;0300 UTC;0;1001,6;1001,8;1001,6;;26,8;21,7;27,5;26,8;21,8;21,7;74;71;73;345;4;1,9;
2024/01/10;0400 UTC;0;1001,3;1001,7;1001,3;;26,5;22;26,8;26,4;22;21,7;77;73;76;328;4,3;2;
2024/01/10;0500 UTC;0;1001,4;1001,4;1001,2;;25,9;22,4;26,5;25,9;22,4;22;81;76;81;350;4,8;1,4;
2024/01/10;0600 UTC;0;1001,1;1001,4;1001;;25,2;22,6;25,9;25,2;22,6;22,4;85;81;85;304;2,7;,5;
2024/01/10;0700 UTC;0;1001,7;1001,7;1001,1;;25,4;22,8;25,4;25,1;22,8;22,5;86;85;85;324;2,3;,9;
2024/01/10;0800 UTC;0;1002,4;1002,4;1001,7;;25,3;22,7;25,6;25,3;23;22,7;86;85;85;277;2,2;,6;
2024/01/10;0900 UTC;0;1003;1003;1002,4;22,9;25,4;23,1;25,4;25,2;23,1;22,7;87;85;87;254;1,8;,8;
2024/01/10;1000 UTC;0;1004;1004;1003;214,9;26,2;23,2;26,2;25,4;23,4;23;87;84;84;23;2,3;1,2;
2024/01/10;1100 UTC;0;1004,1;1004,1;1004;834;27,6;22,6;27,7;26,2;23,5;22,5;84;74;74;29;4;2,4;
2024/01/10;1200 UTC;0;1004,3;1004,4;1004,1;1396,3;29,1;22,2;29,4;27,6;23;21,9;76;66;67;60;5;2,6;
2024/01/10;1300 UTC;0;1004,2;1004,3;1004,1;1693,2;30,4;21,5;30,9;29,1;22,6;21,2;67;57;59;55;5,1;2,1;
2024/01/10;1400 UTC;0;1003,5;1004,2;1003,5;1726,6;31,6;22,1;32,3;30,4;22,8;20,7;62;52;57;89;4,6;1,4;
2024/01/10;1500 UTC;0;1002,8;1003,5;1002,8;2732,7;33;21,2;33,5;31,6;22,7;20,8;58;49;50;68;5,6;1,8;
2024/01/10;1600 UTC;0;1001,8;1002,8;1001,7;2308,6;33,5;22,1;34,1;32,7;22,6;20,8;54;47;51;190;4,5;1,7;
2024/01/10;1700 UTC;0;1000,5;1001,8;1000,5;1724;34,4;20,5;34,5;32,5;22,7;20,2;56;44;44;180;3,9;1,2;
2024/01/10;1800 UTC;0;999,6;1000,5;999,6;1837,7;34,8;20,1;34,9;33,9;21,7;19,5;49;41;42;36;3,9;1,4;
2024/01/10;1900 UTC;0;999,3;999,6;999,3;953,1;33,9;20,7;35,5;33,9;21,5;19,3;48;40;46;113;3;,6;
2024/01/10;2000 UTC;0;999,6;999,6;999,1;349,3;32,6;22,5;34,3;32,6;23,8;19,5;60;42;55;74;1,5;,9;
2024/01/10;2100 UTC;0;999,9;999,9;999,6;91,1;29,9;20,7;32,6;29,9;23;20,3;60;51;58;143;5,1;,3;
2024/01/10;2200 UTC;0;1000,6;1000,6;999,9;;28,4;20,9;29,9;28,4;21,9;19,8;65;58;64;65;1,7;,7;
2024/01/10;2300 UTC;0;1001,4;1001,4;1000,6;;27,5;22,3;28,4;27,5;22,4;20,7;74;64;73;47;3,6;,2;
2024/01/11;0000 UTC;0;1001,5;1001,6;1001,3;;26,9;22,8;27,6;26,9;23,1;21,8;78;71;78;25;1,3;0;
2024/01/11;0100 UTC;0;1002,2;1002,2;1001,5;;26,3;22,9;27;26,3;23;22,1;82;76;82;324;3;,8;
2024/01/11;0200 UTC;0;1002,5;1002,7;1002,2;;28,3;22,3;28,3;26,3;23,2;21,8;82;68;70;350;4,9;2,2;
2024/01/11;0300 UTC;0;1002,1;1002,6;1002,1;;26,8;22,3;28,3;26,8;22,7;22,2;76;70;76;352;5,3;1,2;
2024/01/11;0400 UTC;0;1001,8;1002,2;1001,8;;26,8;22,6;26,9;26,7;22,6;22,2;78;76;78;13;2,6;,5;
2024/01/11;0500 UTC;0;1001,5;1002;1001,5;;26,6;22,5;26,9;26,6;22,8;22,4;79;78;78;2;3,2;1,6;
2024/01/11;0600 UTC;0;1001,2;1001,6;1001,1;;26,3;22,9;26,6;26,2;22,9;22,4;82;78;81;345;2,8;1,1;
2024/01/11;0700 UTC;0;1001,1;1001,2;1000,7;;26,3;22,9;26,3;26,2;23;22,8;82;81;82;285;3,4;1,1;
2024/01/11;0800 UTC;0;1001,6;1001,6;1000,9;;26;23,1;26,3;26;23,1;22,9;85;81;85;344;3,8;,5;
2024/01/11;0900 UTC;0;1002,4;1002,4;1001,5;4;26,1;23,3;26,1;26;23,3;23,2;85;84;85;348;2,7;,4;
2024/01/11;1000 UTC;,2;1003,2;1003,3;1002,4;37,2;26,2;24,3;26,2;26;24,3;23,2;90;84;90;173;1,7;0;
2024/01/11;1100 UTC;0;1004,4;1004,4;1003,2;45,5;26;24;26,2;25,9;24,4;24;90;89;89;195;1,8;,3;
2024/01/11;1200 UTC;1;1004,3;1004,7;1004,3;22,2;23,9;22,2;26;23,8;24,2;22,1;91;88;91;246;6,7;1,4;
2024/01/11;1300 UTC;0;1004,1;1004,3;1004;68,2;23;21;23,9;22,9;22,3;20,9;91;88;88;201;4,1;,5;
2024/01/11;1400 UTC;0;1004,4;1004,4;1004;344,8;23,9;21,1;24,1;23;21,8;21;90;85;85;227;3,6;,9;
2024/01/11;1500 UTC;0;1003,4;1004,4;1003,3;585;25,9;22,3;25,9;23,8;22,7;21,1;87;81;81;162;2,5;,6;
2024/01/11;1600 UTC;0;1002,7;1003,4;1002,7;859,8;26,5;21,5;26,8;25,8;22,5;21,5;81;74;74;359;2,3;,4;
2024/01/11;1700 UTC;0;1001,8;1002,7;1001,8;935,4;28,2;22,1;28,3;26,5;22,3;21,2;75;68;70;27;2,3;,5;
2024/01/11;1800 UTC;0;1001,2;1001,8;1001,2;851,4;28,5;22,9;28,7;27,9;23,7;21,6;75;68;72;213;2,3;,8;
2024/01/11;1900 UTC;0;1000,6;1001,2;1000,6;675,2;28,7;23,4;29;28,3;23,5;22,6;73;70;73;214;2,6;1,1;
2024/01/11;2000 UTC;0;1000,4;1000,6;1000,2;369,1;28;23,1;28,9;28;23,9;22,8;75;71;75;221;2,8;,5;
2024/01/11;2100 UTC;0;1001;1001;1000,4;63,4;27;23,8;28;27;23,9;22,5;83;73;83;238;2,9;0;
2024/01/11;2200 UTC;0;1001,4;1001,5;1001;;26;23,9;27;26;24,2;23,7;88;83;88;304;0;0;
2024/01/11;2300 UTC;0;1001,7;1001,9;1001,4;;25,7;24;26,1;25,7;24,2;24;90;88;90;192;0;0;
2024/01/12;0000 UTC;0;1002,1;1002,1;1001,7;;25,7;24,2;25,8;25,6;24,3;24;91;90;91;182;0;0;
2024/01/12;0100 UTC;0;1002,4;1002,4;1002,1;;25,3;23,8;25,7;25,2;24,1;23,8;92;91;92;267;0;0;
2024/01/12;0200 UTC;0;1002,3;1002,4;1002,3;;25,1;23,6;25,3;25,1;23,8;23,6;92;91;92;86;0;0;
2024/01/12;0300 UTC;0;1002;1002,4;1001,9;;25,1;23,8;25,1;24,9;23,8;23,5;92;91;92;43;0;0;
2024/01/12;0400 UTC;0;1001,4;1002;1001,4;;24,9;23,6;25,1;24,9;23,8;23,5;93;92;93;244;0;0;
2024/01/12;0500 UTC;0;1001,4;1001,4;1001,3;;25;23,7;25,1;24,9;23,8;23,6;93;92;92;357;0;0;
2024/01/12;0600 UTC;0;1001,5;1001,5;1001,3;;24,7;23,3;25;24,7;23,6;23,2;92;91;91;305;0;0;
2024/01/12;0700 UTC;0;1001,4;1001,5;1001,3;;24,2;23;24,7;24,2;23,2;22,9;93;91;93;285;0;0;
2024/01/12;0800 UTC;0;1002;1002;1001,3;;24,6;23,4;24,6;24,2;23,4;23;93;93;93;135;0;0;
2024/01/12;0900 UTC;0;1002,4;1002,4;1001,7;18,2;24,7;23,5;24,7;24,5;23,5;23,3;93;93;93;203;0;0;
2024/01/12;1000 UTC;0;1002,3;1002,5;1002,3;233,4;25,5;23,4;25,5;24,7;24,1;23,3;93;88;88;265;0;0;
2024/01/12;1100 UTC;0;1003;1003;1002,2;751,3;26,7;22;27;25,3;23,3;21,9;88;75;76;142;0;0;
2024/01/12;1200 UTC;0;1003,7;1003,7;1003;720;27,7;22,7;28;26,4;23,3;22;79;73;74;48;0;0;
2024/01/12;1300 UTC;0;1003,6;1003,9;1003,6;868,2;28,3;24,1;28,6;27,7;24,3;22,5;78;72;78;46;0;0;
2024/01/12;1400 UTC;8,2;1002,9;1003,6;1002,9;598,8;27,2;25,7;28,4;25,6;25,7;23,8;92;78;92;46;6,6;0;
2024/01/12;1500 UTC;0;1002;1002,9;1001,9;2652,1;30,3;23,8;30,3;27,2;26,1;22,6;92;66;69;71;2,6;0;
2024/01/12;1600 UTC;0;1001;1002;1000,9;2145,6;31;23,9;31,9;30,2;24,7;23;69;62;66;94;6,1;2,8;
2024/01/12;1700 UTC;0;1001;1001,1;1000,7;950,4;28,2;23,2;31;28,2;23,8;22,7;75;62;74;125;8,4;1,9;
2024/01/12;1800 UTC;0;1000,7;1001,2;1000,4;393,6;26,7;22,2;28,2;26,7;23,3;21,9;76;73;76;125;6,5;2;
2024/01/12;1900 UTC;0;1000,7;1000,9;1000,6;244,7;26,6;21,8;26,8;26,5;22,1;21,6;76;74;75;142;4,5;,6;
2024/01/12;2000 UTC;0;1001,2;1001,2;999,8;74,4;25,8;21,5;26,6;25,8;21,9;21,5;78;74;78;142;4,6;1,3;
2024/01/12;2100 UTC;0;1002,3;1002,3;1001,2;9,9;25;22,4;25,8;25;22,4;21,4;85;77;85;197;4,1;1,6;
2024/01/12;2200 UTC;1;1002,4;1002,4;1002,2;;24,9;23,1;25,3;24,8;23,1;22,4;90;85;90;116;4;0;
2024/01/12;2300 UTC;,6;1003,1;1003,2;1002,4;;24,8;23,4;25;24,7;23,4;23,1;92;90;92;331;1;0;
2024/01/13;0000 UTC;0;1003,1;1003,3;1003;;24,7;23,2;24,8;24,7;23,5;23,2;92;92;92;341;2,3;1;
2024/01/13;0100 UTC;0;1003,2;1003,4;1003,1;;24,5;23,2;24,7;24,5;23,3;23,1;92;91;92;130;2,3;0;
2024/01/13;0200 UTC;0;1002,9;1003,2;1002,9;;24,5;23,3;24,6;24,3;23,3;23,1;93;92;93;338;1,3;,5;
2024/01/13;0300 UTC;0;1002,2;1002,9;1002,2;;24,6;23,4;24,6;24,4;23,4;23,2;93;93;93;329;2,9;1,2;
2024/01/13;0400 UTC;0;1002,3;1002,4;1002;;24,4;23;24,7;24,4;23,4;22,9;93;92;92;320;3,4;1,1;
2024/01/13;0500 UTC;0;1002,1;1002,3;1001,9;;24,3;22,9;24,5;24,3;23,1;22,9;92;92;92;272;3;,5;
2024/01/13;0600 UTC;0;1002,2;1002,3;1002;;24,1;22,7;24,3;24,1;22,9;22,7;92;92;92;323;2,6;,9;
2024/01/13;0700 UTC;0;1002,9;1002,9;1002,2;;24;22,6;24,1;24;22,7;22,6;92;91;91;325;2,6;1;
2024/01/13;0800 UTC;0;1003,5;1003,5;1002,9;;24;22,4;24,1;24;22,6;22,4;92;91;91;267;2,7;,1;
2024/01/13;0900 UTC;0;1004;1004;1003,5;13,1;24;22,5;24,1;23,9;22,6;22,4;91;91;91;258;1,5;,3;
2024/01/13;1000 UTC;0;1004,7;1004,7;1004;171,7;24,4;22,3;24,4;24;22,6;22,1;91;88;88;243;1,9;,4;
2024/01/13;1100 UTC;0;1005,2;1005,2;1004,7;481,5;24,9;21,6;25;24,3;22,5;21,3;88;81;82;350;1,8;,5;
2024/01/13;1200 UTC;0;1005,4;1005,4;1005,1;987,3;26,3;22;26,3;24,9;22,1;21,1;82;75;78;3;1,8;1;
2024/01/13;1300 UTC;0;1005,2;1005,4;1005,2;1798,3;28,6;22,2;28,6;26,1;22,5;21,4;78;67;68;297;3,2;,7;
2024/01/13;1400 UTC;0;1004,6;1005,2;1004,6;1901,6;30;22,1;30,2;28,3;22,8;20,9;69;59;63;181;4,8;,4;
2024/01/13;1500 UTC;0;1004;1004,6;1004;2580,6;31;20,4;31,8;29,7;22,6;20,2;65;52;53;85;4,7;1,6;
2024/01/13;1600 UTC;0;1003,4;1004;1003,4;1004;31;20,8;31,4;30,3;22;20,4;61;53;55;318;3,5;,6;
2024/01/13;1700 UTC;0;1002,4;1003,5;1002,4;1504,8;30,8;21,8;31,5;29,7;23,1;20,3;64;53;59;200;4,8;1,3;
2024/01/13;1800 UTC;0;1001,4;1002,4;1001,4;1385,2;32,7;21,1;32,7;30,8;22,6;20,6;61;50;51;224;3,2;1,3;
2024/01/13;1900 UTC;0;1001,3;1001,4;1001,2;1192,9;31,5;20,9;32,9;31,5;21,3;19,7;53;47;53;237;4,7;1,2;
2024/01/13;2000 UTC;0;1001,6;1001,6;1001,2;302,7;28,6;21,2;31,7;28,6;21,9;20,6;65;52;64;326;6,3;2,5;
2024/01/13;2100 UTC;0;1002,1;1002,1;1001,6;81;27,7;22;28,6;27,7;22,2;21;72;64;71;337;4,6;,5;
2024/01/13;2200 UTC;0;1002,9;1002,9;1002,1;;27,2;21,8;27,7;27,2;22,6;21,3;74;68;73;267;1,9;,5;
2024/01/13;2300 UTC;,2;1004,4;1004,4;1002,9;;27,1;22,7;27,4;27,1;23;21,8;78;72;77;20;6,2;2,7;
2024/01/14;0000 UTC;9,6;1006,7;1006,8;1004,4;,9;22,4;21,1;27,1;22,4;22,3;20,9;93;74;92;60;11;2,8;
2024/01/14;0100 UTC;3,8;1006,3;1006,7;1006,2;;21,9;20,6;22,4;21,8;21,1;20,4;92;91;92;107;7,2;1,1;
2024/01/14;0200 UTC;1,2;1005,6;1006,3;1005,6;;22,3;21,1;22,5;21,9;21,3;20,7;93;92;93;349;2,8;1;
2024/01/14;0300 UTC;,2;1004,6;1005,6;1004,6;;22,4;21,2;22,5;22,3;21,3;21,1;93;93;93;189;2,8;,6;
2024/01/14;0400 UTC;,2;1003,9;1004,6;1003,8;;22,8;21,6;22,9;22,4;21,6;21,3;93;93;93;175;3,9;1,3;
2024/01/14;0500 UTC;0;1004,3;1004,3;1003,9;;22,9;21,7;23;22,8;21,8;21,5;93;93;93;342;3,1;,2;
2024/01/14;0600 UTC;0;1003,9;1004,5;1003,9;;22,9;21,7;23,1;22,8;22;21,7;93;93;93;9;1,4;,8;
2024/01/14;0700 UTC;0;1003,9;1004;1003,6;;22,9;21,8;23;22,9;21,9;21,7;93;93;93;177;2;,2;
2024/01/14;0800 UTC;0;1004,2;1004,2;1003,9;;23;21,9;23,2;22,9;22;21,8;94;93;93;341;1,3;,3;
2024/01/14;0900 UTC;0;1005,1;1005,1;1004,2;25,9;23,1;22;23,2;23;22,1;21,9;94;93;94;352;1;,2;
2024/01/14;1000 UTC;0;1005,9;1005,9;1005;176,9;23,6;22,5;23,6;23,1;22,5;22;94;93;93;5;1,6;,3;
2024/01/14;1100 UTC;0;1006,2;1006,3;1005,9;406,8;24,2;22,4;24,2;23,5;22,7;22,3;93;90;90;78;2,1;1,2;
2024/01/14;1200 UTC;0;1006,7;1006,7;1006,1;1244,4;25,5;21,4;25,6;24,1;22,8;20,7;91;76;78;130;2,8;1,2;
2024/01/14;1300 UTC;0;1006,6;1006,8;1006,6;1394,8;27,1;21,7;27,4;25,5;22,8;21,3;79;72;72;8;2,7;,6;
2024/01/14;1400 UTC;0;1006,2;1006,6;1006,2;1801,8;29,4;21,6;29,5;27,1;23,3;21,2;74;62;63;67;5;2,9;
2024/01/14;1500 UTC;0;1005,5;1006,2;1005,5;2141,9;31,5;22,5;31,5;29,4;23,2;21,5;66;58;59;72;5,1;2,6;
2024/01/14;1600 UTC;0;1004,6;1005,5;1004,6;2380,5;32,4;22,2;32,4;30,9;23,3;21,9;62;55;55;88;6,1;1,9;
2024/01/14;1700 UTC;0;1003,5;1004,6;1003,5;2017,8;32,6;22,1;32,6;31,7;22,7;21;58;52;54;70;5,8;2,4;
2024/01/14;1800 UTC;0;1002,6;1003,5;1002,6;1612,3;32,5;21,1;33,4;32,1;23;20,5;56;48;51;84;5,4;2,1;
2024/01/14;1900 UTC;0;1002,4;1002,6;1002,3;864,1;32,5;21,4;33;32;22,1;20,4;55;48;52;122;3,8;1,5;
2024/01/14;2000 UTC;0;1002,6;1002,7;1002,4;383,6;30,9;22,2;32,5;30,9;23;21,3;61;52;60;175;2,7;,4;
2024/01/14;2100 UTC;0;1002,7;1002,7;1002,4;99,6;28,7;24,3;30,9;28,7;24,3;22;77;60;77;202;2,4;0;
2024/01/14;2200 UTC;0;1003,1;1003,1;1002,6;;27,5;23,7;28,7;27,4;24,3;22,6;80;72;80;202;1,8;0;
2024/01/14;2300 UTC;0;1003,7;1003,7;1003;;27;24,3;27,5;26,6;24,3;23,3;85;80;85;292;,9;0;
2024/01/15;0000 UTC;0;1004,1;1004,1;1003,7;;26,9;24,4;27,2;26,9;24,9;24,1;87;84;86;136;1,4;,1;
2024/01/15;0100 UTC;0;1004,6;1004,8;1004;;26,5;24,5;27;26,5;24,6;24,1;89;85;89;20;1,8;,3;
2024/01/15;0200 UTC;0;1004,9;1004,9;1004,6;;26,3;23,9;26,5;26,2;24,5;23,9;89;87;87;276;2,1;0;
2024/01/15;0300 UTC;0;1004,9;1005,2;1004,9;;25,4;22;26,3;25,4;23,9;21,8;87;80;81;290;2,9;,2;
2024/01/15;0400 UTC;0;1004,4;1004,9;1004,4;;24,7;22,4;25,4;24,7;22,7;21,7;87;81;87;268;1,3;0;
2024/01/15;0500 UTC;0;1003,8;1004,4;1003,8;;24,2;22,6;24,7;24,2;22,7;22,4;91;87;91;49;,6;0;
2024/01/15;0600 UTC;0;1003,6;1003,9;1003,6;;24,2;22,8;24,4;24,2;22,9;22,6;92;91;92;339;0;0;
2024/01/15;0700 UTC;0;1003,7;1003,8;1003,5;;24,1;22,7;24,3;24,1;22,9;22,7;92;92;92;53;0;0;
2024/01/15;0800 UTC;0;1004;1004;1003,5;;23,9;22,6;24,1;23,8;22,7;22,6;93;92;92;65;0;0;
2024/01/15;0900 UTC;0;1004,7;1004,7;1004;36,8;24,1;22,9;24,1;23,7;22,9;22,4;93;92;93;120;0;0;
2024/01/15;1000 UTC;0;1005,5;1005,5;1004,7;386,1;25;21,7;25,2;24,1;23,4;21,7;93;81;82;88;0;0;
2024/01/15;1100 UTC;0;1006;1006;1005,5;976,7;27,1;22,4;27,1;25,1;22,7;21,4;83;75;76;52;2,1;,6;
2024/01/15;1200 UTC;0;1006,3;1006,3;1005,8;1315,8;28,7;22,1;28,7;26,9;23,3;21,7;77;67;68;67;2,8;1,1;
2024/01/15;1300 UTC;0;1006,1;1006,4;1006,1;1321,8;30,4;22,3;30,4;28,7;22,6;21,5;69;61;62;81;2,8;,8;
2024/01/15;1400 UTC;0;1005,6;1006,1;1005,5;1964,1;31,5;22,1;31,9;30,3;23,1;21,4;65;55;58;61;3,9;1,8;
2024/01/15;1500 UTC;0;1005;1005,6;1005;1802,2;32,7;21,3;32,7;31,4;22,3;20,5;58;51;51;104;4,4;1,5;
2024/01/15;1600 UTC;0;1004,3;1005,1;1004,3;2216,9;33,4;21,5;34;32,2;22;19,6;53;44;50;68;5,5;2;
2024/01/15;1700 UTC;0;1003,2;1004,3;1003,2;2252,2;33,9;20,4;34,1;33,1;21,6;19,3;50;43;45;64;5,4;1,8;
2024/01/15;1800 UTC;0;1002,5;1003,2;1002,4;1648,7;34,7;20,4;34,9;33;21,5;19,2;48;41;43;115;4,7;1,5;
2024/01/15;1900 UTC;0;1002,2;1002,5;1002,2;1311,7;34,1;20,5;35,4;34,1;21,2;18,9;46;39;45;39;3,9;1,6;
2024/01/15;2000 UTC;0;1002,1;1002,2;1001,9;366,1;32,4;22;34,1;32,3;22,5;20,4;56;45;54;1;3,1;,8;
2024/01/15;2100 UTC;,2;1002,7;1002,9;1002,1;71,8;27,5;24,1;32,4;27,5;24,1;21,5;82;54;82;186;5;1;
2024/01/15;2200 UTC;0;1003,2;1003,2;1002,7;;26,3;24;27,5;26,1;24,3;22,9;87;80;87;339;1,6;,3;
2024/01/15;2300 UTC;0;1003,9;1003,9;1003,1;;25,9;23,2;26,3;25,9;24,1;23,2;88;85;85;338;1,8;,8;
2024/01/16;0000 UTC;0;1004,2;1004,3;1003,9;;25,6;22,8;26,1;25,5;23,5;22,5;86;83;85;333;1,8;0;
2024/01/16;0100 UTC;0;1004,5;1004,5;1004,2;;25,2;22,8;25,7;25,2;23,2;22,5;87;85;86;20;,5;0;
2024/01/16;0200 UTC;0;1004,2;1004,5;1004,2;;24,9;22,8;25,2;24,8;23,1;22,5;89;86;88;22;,5;0;
2024/01/16;0300 UTC;0;1003,4;1004,3;1003,4;;25;23,4;25;24,8;23,4;22,8;91;88;91;83;,6;0;
2024/01/16;0400 UTC;0;1002,7;1003,4;1002,7;;24,8;23,4;25,1;24,8;23,6;23,4;92;91;92;50;,9;0;
2024/01/16;0500 UTC;0;1002,5;1002,7;1002,4;;24,6;23,3;24,9;24,6;23,5;23,3;93;92;92;88;0;0;
2024/01/16;0600 UTC;0;1002,5;1002,5;1002,3;;24,4;23,2;24,6;24,3;23,3;23,1;93;92;93;236;0;0;
2024/01/16;0700 UTC;0;1002,4;1002,6;1002,4;;24;22,8;24,4;24;23,2;22,8;93;93;93;43;0;0;
2024/01/16;0800 UTC;0;1003,3;1003,3;1002,4;;24;22,8;24,1;23,9;22,9;22,7;93;93;93;147;0;0;
2024/01/16;0900 UTC;0;1003,9;1003,9;1003,3;23,1;24,4;23,2;24,4;23,9;23,2;22,8;93;93;93;73;0;0;
2024/01/16;1000 UTC;0;1004,6;1004,6;1003,9;188;24,9;23,4;25;24,4;23,5;23,2;93;91;91;4;0;0;
2024/01/16;1100 UTC;0;1005,3;1005,3;1004,6;408,5;25,7;22,2;26;24,9;23,6;22,2;91;81;81;132;0;0;
2024/01/16;1200 UTC;0;1005,7;1005,7;1005,3;1284,5;28,2;22,3;28,3;25,6;23,2;21,8;82;70;71;95;3,2;1,2;
2024/01/16;1300 UTC;0;1005,2;1005,7;1005,2;2349,3;30,5;23,2;30,9;28,2;23,5;21,7;72;61;65;91;5,3;2,2;
2024/01/16;1400 UTC;0;1005;1005,3;1004,9;2102,5;31,7;21,8;31,7;30,5;23,4;21,5;65;56;56;92;6,5;2;
2024/01/16;1500 UTC;0;1004,1;1005;1004,1;1991,4;32,4;21,8;32,8;31,4;22,9;21;60;50;54;97;6,5;2,2;
2024/01/16;1600 UTC;0;1003,3;1004,1;1003,3;2117,2;32,9;20,8;33,6;31,9;22,5;20,3;57;47;49;76;6,8;2,6;
2024/01/16;1700 UTC;0;1002,2;1003,3;1002,2;1719;33,3;21,6;34,1;32,6;21,6;20;51;44;50;62;5,5;2,5;
2024/01/16;1800 UTC;0;1001,3;1002,2;1001,3;1008,1;32,6;20,1;33,5;32,5;21,4;20,1;51;46;48;111;5,6;1,4;
2024/01/16;1900 UTC;0;1001,2;1001,3;1001,1;617;31,7;21,5;32,6;31,7;22,2;20,4;57;48;55;27;4,4;2,1;
2024/01/16;2000 UTC;0;1001,6;1001,6;1001,1;171,8;30,5;22,1;31,7;30,5;23,4;21,2;63;54;61;10;4,4;1,4;
2024/01/16;2100 UTC;0;1001,9;1001,9;1001,5;21,8;29,2;22,1;30,5;29,2;22,6;21,7;67;61;66;19;3,2;1;
2024/01/16;2200 UTC;0;1002,3;1002,3;1001,8;;28,7;22;29,3;28,7;22,2;21,9;68;64;67;360;3,9;1,6;
2024/01/16;2300 UTC;0;1003;1003;1002,1;;27,8;22,4;28,7;27,8;22,7;22;73;67;73;330;3,1;,7;
2024/01/17;0000 UTC;0;1003,6;1003,6;1003;;26,9;22,2;27,8;26,9;22,7;22;76;71;75;331;2,3;,2;
2024/01/17;0100 UTC;0;1003,7;1003,7;1003,5;;26,4;23,1;27;26,2;23,2;22,2;83;76;82;285;,6;0;
2024/01/17;0200 UTC;0;1003,8;1004;1003,7;;26,2;23;26,7;26,2;23,5;22,6;83;80;82;278;1,6;,3;
2024/01/17;0300 UTC;0;1003,5;1003,8;1003,5;;25,5;23,4;26,3;25,4;23,6;23;88;82;88;337;1,7;1;
2024/01/17;0400 UTC;0;1002,7;1003,5;1002,7;;24,9;23;25,5;24,8;23,3;22,7;89;86;89;344;1,7;,2;
2024/01/17;0500 UTC;0;1002,6;1002,9;1002,6;;24,8;22,7;24,9;24,5;23,1;22,6;90;88;88;347;2,6;,7;
2024/01/17;0600 UTC;0;1002,7;1002,7;1002,4;;24,3;22,6;24,8;24,3;22,7;22,6;90;88;90;86;1,9;0;
2024/01/17;0700 UTC;0;1002,9;1002,9;1002,6;;23,7;22,3;24,3;23,7;22,6;22,3;92;90;92;57;0;0;
2024/01/17;0800 UTC;0;1003,2;1003,2;1002,8;;23,5;22,2;23,8;23,5;22,5;22,2;93;92;93;99;0;0;
2024/01/17;0900 UTC;0;1004;1004;1003,2;19,4;23,5;22,3;23,6;23,3;22,3;22,1;93;93;93;115;0;0;
2024/01/17;1000 UTC;0;1005,2;1005,2;1004;387,2;25;22,1;25,2;23,5;23,4;22,1;93;84;84;305;0;0;
2024/01/17;1100 UTC;0;1005,6;1005,6;1005,2;1008,3;27,1;21,6;27,2;24,9;22,4;21,3;85;71;72;70;4,9;2,5;
2024/01/17;1200 UTC;0;1006,1;1006,1;1005,6;1498,7;29,5;21,8;29,8;27,1;22,2;20,9;72;59;63;80;6,1;2,9;
2024/01/17;1300 UTC;0;1005,9;1006,2;1005,8;1610,4;30,3;21;30,3;29,3;22;20,6;64;57;57;62;6,7;3,2;
2024/01/17;1400 UTC;0;1005,5;1005,9;1005,5;2196,9;31,9;21,3;31,9;30;21,7;20;60;51;54;75;5,9;2,8;
2024/01/17;1500 UTC;0;1005;1005,6;1005;2423,6;32;20,7;32,6;31,5;21,6;19,8;55;48;51;63;6,8;2,8;
2024/01/17;1600 UTC;0;1004,1;1005;1004,1;1589,5;32,3;21,2;32,3;31,5;21,6;20,1;54;49;52;51;5,5;1,2;
2024/01/17;1700 UTC;0;1002,9;1004,1;1002,9;2153,7;33,5;20,5;33,5;32,1;21,4;19,7;53;45;47;125;5,3;1,9;
2024/01/17;1800 UTC;0;1002,1;1002,9;1002,1;1755,2;33,6;19,9;33,9;33;21,1;19,6;48;43;45;92;4,4;1,4;
2024/01/17;1900 UTC;0;1001,5;1002,2;1001,5;1211;33,8;20,9;34,3;33,1;20,9;19,5;47;42;47;126;4;1,3;
2024/01/17;2000 UTC;0;1001,6;1001,7;1001,4;733,1;33,4;20,4;34,2;33,4;21,7;19,8;49;44;47;109;3,1;,9;
2024/01/17;2100 UTC;0;1002;1002;1001,6;134,8;29,9;21,4;33,4;29,9;22;20,3;62;47;61;193;1,9;,5;
2024/01/17;2200 UTC;0;1002,2;1002,2;1002;;27,8;22;29,9;27,8;22,8;21,2;73;61;70;264;1,3;,5;
2024/01/17;2300 UTC;0;1002,9;1002,9;1002,2;;27;23;27,9;26,8;23;21,6;79;70;79;318;2,2;,9;
2024/01/18;0000 UTC;0;1003,2;1003,3;1002,9;;26,5;22,9;27,1;26,5;23,2;22,3;81;77;80;277;2,2;0;
2024/01/18;0100 UTC;0;1003,3;1003,4;1003,2;;25,9;22,8;26,6;25,9;23,2;22,3;83;79;83;148;,9;,3;
2024/01/18;0200 UTC;0;1003,6;1003,7;1003,3;;26,2;22;26,4;25,6;23,6;21,7;88;75;78;359;5,9;,7;
2024/01/18;0300 UTC;0;1003,3;1003,6;1003,3;;25;22,2;26,2;25;22,6;22;86;78;84;313;2;,5;
2024/01/18;0400 UTC;0;1002,7;1003,3;1002,7;;24,6;22,4;25;24,6;22,4;22;88;84;88;346;1,9;0;
2024/01/18;0500 UTC;0;1002,6;1002,7;1002,4;;24,2;22,6;24,6;24,2;22,7;22,5;90;88;90;307;,8;,2;
2024/01/18;0600 UTC;0;1002,4;1002,6;1002,4;;23,9;22,3;24,3;23,9;22,6;22,2;91;90;91;14;1,5;0;
2024/01/18;0700 UTC;0;1002,7;1002,7;1002,4;;23,7;22,2;24;23,7;22,5;22,2;92;91;92;84;,5;0;
2024/01/18;0800 UTC;0;1002,9;1002,9;1002,6;;23,6;22,3;23,8;23,5;22,5;22,1;93;92;92;142;0;0;
2024/01/18;0900 UTC;0;1003,6;1003,6;1002,9;28,2;23,4;22,2;23,6;23,3;22,3;22,1;93;92;93;191;0;0;
2024/01/18;1000 UTC;0;1004,4;1004,4;1003,6;438,9;25,9;22,2;25,9;23,4;23,2;22;93;80;80;42;1,3;,2;
2024/01/18;1100 UTC;0;1004,8;1004,8;1004,4;1041,9;27,2;21,7;27,4;25,6;22,4;21,2;80;72;72;9;3,1;,9;
2024/01/18;1200 UTC;0;1004,7;1005;1004,7;1653,1;29,5;22,4;29,5;27,1;22,5;21,4;73;65;66;48;4,7;1,9;
2024/01/18;1300 UTC;0;1004,6;1004,7;1004,6;2208,2;31,1;21,7;31,6;29,5;22,9;21,5;65;57;57;68;4,9;2,4;
2024/01/18;1400 UTC;0;1004,1;1004,6;1004,1;2482,3;32,5;20,8;33;30,9;22,8;20,8;59;50;50;58;5,3;2,2;
2024/01/18;1500 UTC;0;1003,2;1004,1;1003,2;2838,8;33,5;21,4;33,7;32;22,3;20,3;54;47;49;41;5,1;2,1;
2024/01/18;1600 UTC;0;1002,5;1003,2;1002,5;2749;34,8;19,9;35,3;33,3;21,3;19;50;41;42;161;5,5;1,8;
2024/01/18;1700 UTC;0;1001,5;1002,5;1001,5;2208,9;35,5;19,9;35,6;33,6;21,3;19,2;46;39;40;153;5,4;1,6;
2024/01/18;1800 UTC;0;1001;1001,5;1001;1456,6;34,9;19,3;35,5;34,1;20,3;18,7;44;39;40;101;5;1,2;
2024/01/18;1900 UTC;0;1000,8;1001;1000,8;1318,5;35;19,5;35,6;34,8;20,7;18,4;43;37;40;149;4,8;1,7;
2024/01/18;2000 UTC;0;1001,1;1001,1;1000,8;751,4;34,4;19,2;35,2;34,3;20;18,3;42;38;41;146;4,1;1;
2024/01/18;2100 UTC;0;1001,4;1001,5;1001,1;141,6;30,2;20,3;34,5;30,2;20,7;18,5;56;39;55;137;4,1;,3;
2024/01/18;2200 UTC;0;1001,7;1001,7;1001,4;;28,2;20,1;30,2;28,2;21,7;19,7;65;54;62;62;1,3;0;
2024/01/18;2300 UTC;0;1002,4;1002,4;1001,7;;27,2;21,9;28,1;27,2;21,9;20,1;72;62;72;349;0;0;
2024/01/19;0000 UTC;0;1002,7;1002,7;1002,4;;26,9;21,6;27,3;26,7;22,6;21,6;77;72;73;11;,1;0;
2024/01/19;0100 UTC;0;1003,2;1003,2;1002,5;;25,8;22,5;27;25,8;22,6;21,7;82;73;82;280;3,7;,3;
2024/01/19;0200 UTC;0;1003,4;1003,7;1003,2;;27,4;22,1;27,5;25,8;22,7;21,3;83;70;73;9;6,5;2,2;
2024/01/19;0300 UTC;0;1002,7;1003,4;1002,7;;27,3;22,2;27,5;27,3;22,3;22;74;72;74;20;5,1;2,7;
2024/01/19;0400 UTC;0;1002,4;1002,7;1002,3;;26,4;22,2;27,3;26,4;22,3;22,2;78;74;78;340;5,1;1,5;
2024/01/19;0500 UTC;0;1002,3;1002,4;1002,2;;25,8;22,5;26,4;25,8;22,5;22,2;82;78;82;333;3,1;1;
2024/01/19;0600 UTC;0;1002,2;1002,3;1002,1;;25,5;22,8;25,9;25,3;22,8;22,4;86;82;85;331;2,9;1,2;
2024/01/19;0700 UTC;0;1002,4;1002,4;1002,1;;25,3;22,8;25,6;25,3;22,8;22,7;86;84;86;334;3,2;,5;
2024/01/19;0800 UTC;0;1002,9;1002,9;1002,4;;24,9;22,9;25,3;24,9;23;22,8;89;86;89;343;2,2;0;
2024/01/19;0900 UTC;0;1003,6;1003,6;1002,9;27,8;25;23,2;25;24,6;23,2;22,8;90;89;90;336;0;0;
2024/01/19;1000 UTC;0;1004,5;1004,5;1003,6;414,7;26,1;22,5;26,1;25;23,4;22,4;90;81;81;355;3,8;,2;
2024/01/19;1100 UTC;0;1005,2;1005,2;1004,5;1006,3;27,5;22,4;27,5;26;22,7;21,9;81;73;74;14;3,8;1,3;
2024/01/19;1200 UTC;0;1005,3;1005,3;1005,2;1660,3;29,3;21,5;29,4;27,5;22,5;21;74;62;63;45;4,6;2,6;
2024/01/19;1300 UTC;0;1005,1;1005,3;1005,1;2210,3;31,3;21,2;31,4;29,2;22;20,7;65;54;55;51;4,8;2,3;
2024/01/19;1400 UTC;0;1004,8;1005,1;1004,8;2631,6;32,7;21,3;33,3;31,3;22,1;20,7;57;49;51;114;5,4;2,1;
2024/01/19;1500 UTC;0;1003,8;1004,8;1003,8;1995,5;33,2;20,8;33,4;32,1;22,1;20,7;55;47;48;135;5,2;1,4;
2024/01/19;1600 UTC;0;1002,8;1003,8;1002,8;1738,9;32,3;21,1;34,2;32,3;22,1;20,6;54;46;52;64;4,8;1,5;
2024/01/19;1700 UTC;0;1002;1002,8;1002;1852,3;34,4;21;34,6;32,3;22,8;20,6;54;45;46;69;4,3;2;
2024/01/19;1800 UTC;0;1001,3;1002;1001,3;1698;35,2;21,1;35,2;33,6;21,8;20,1;49;42;44;79;4;1,3;
2024/01/19;1900 UTC;0;1000,8;1001,3;1000,8;1378,4;35,5;18,6;35,7;34,9;21,4;18,6;45;37;37;142;4,5;1,3;
2024/01/19;2000 UTC;0;1000,8;1000,9;1000,7;620,1;34,1;20,3;36;33,5;20,7;18,2;47;35;44;160;3,3;,3;
2024/01/19;2100 UTC;0;1000,8;1000,9;1000,7;163,5;30,3;21,5;34,2;30,3;22,2;19,6;60;43;59;118;2;,1;
2024/01/19;2200 UTC;0;1001,4;1001,4;1000,8;;28,5;21,8;30,3;28,5;22,4;21,2;67;59;67;140;1,1;,3;
2024/01/19;2300 UTC;0;1002,1;1002,1;1001,4;;27,3;22,1;28,5;27,3;22,6;21,2;75;66;73;40;,8;0;
2024/01/20;0000 UTC;0;1002,5;1002,6;1002,1;;26,6;23;27,3;26,6;23,3;22;81;73;80;282;1,9;,1;
2024/01/20;0100 UTC;0;1002,4;1002,5;1002,3;;26,3;23,6;26,8;26,2;23,7;22,8;86;79;85;334;,9;0;
2024/01/20;0200 UTC;0;1002,9;1003,1;1002,4;;27,1;22,2;27,1;25,9;23,8;22;88;74;75;7;5,2;2;
2024/01/20;0300 UTC;0;1002,4;1003;1002,4;;27;22,2;27,3;27;22,3;22,2;75;74;75;344;5,1;1,8;
2024/01/20;0400 UTC;0;1002,1;1002,6;1002,1;;26,5;22,1;27;26,5;22,2;22,1;77;75;77;346;3,8;1,6;
2024/01/20;0500 UTC;0;1001,9;1002,1;1001,8;;25,8;22,3;26,6;25,8;22,3;22,1;81;76;81;351;3,7;1,2;
2024/01/20;0600 UTC;0;1001,8;1002;1001,8;;25,3;22,4;25,8;25,3;22,6;22,3;84;81;84;340;2,8;,8;
2024/01/20;0700 UTC;0;1002;1002,1;1001,8;;24,9;22,7;25,3;24,8;22,7;22,4;88;84;88;293;2,1;0;
2024/01/20;0800 UTC;0;1002,5;1002,5;1002;;24,5;22,8;24,9;24,5;22,8;22,5;90;87;90;70;0;0;
2024/01/20;0900 UTC;0;1003;1003;1002,5;26,5;24,4;23;24,5;24,1;23;22,6;92;90;92;337;0;0;
2024/01/20;1000 UTC;0;1003,9;1003,9;1003;415;26,3;22,7;26,3;24,4;23,5;22,6;92;80;80;12;0;0;
2024/01/20;1100 UTC;0;1004,6;1004,6;1003,9;983,8;27,7;22,7;27,9;26,3;23;22,2;81;72;74;64;4,1;1,5;
2024/01/20;1200 UTC;0;1004,7;1004,7;1004,5;1709,5;29,7;21,5;29,9;27,7;22,9;21,2;74;60;62;27;4,9;2;
2024/01/20;1300 UTC;0;1004,3;1004,7;1004,3;2026,7;31,2;21,1;31,5;29,5;22,6;21;65;55;55;80;4,9;2,1;
2024/01/20;1400 UTC;0;1004,1;1004,3;1004,1;2325,9;32,7;21,7;32,9;31,1;22,2;20,9;57;51;53;52;5,3;2,2;
2024/01/20;1500 UTC;0;1003,3;1004,1;1003,3;2444;32,9;21,2;33,6;32,4;22,2;20,9;54;48;50;32;5,8;2,1;
2024/01/20;1600 UTC;0;1002,4;1003,3;1002,4;2273,2;34,8;21;34,9;32,6;22;20,4;52;43;45;56;4,8;2,5;
2024/01/20;1700 UTC;0;1001,3;1002,4;1001,3;2248,8;35,2;20,3;35,3;34;21,2;19,3;47;41;42;357;4,8;,9;
2024/01/20;1800 UTC;0;1000,2;1001,3;1000,2;1873,4;36,3;19,9;36,3;35;20,7;18,6;43;36;39;77;5,1;,7;
2024/01/20;1900 UTC;0;999,6;1000,2;999,6;1146,5;35,7;19,6;36,5;34,8;20,1;18,5;41;36;39;78;4,5;1;
2024/01/20;2000 UTC;0;1000;1000;999,6;568,6;34,3;20,7;36;34,2;21,3;19,2;48;37;45;80;3,4;,9;
2024/01/20;2100 UTC;0;1000,6;1000,7;999,9;123;31;21,8;34,5;31;22;19,9;58;43;58;56;1,8;,1;
2024/01/20;2200 UTC;0;1001,9;1001,9;1000,6;;29,8;22,3;30,9;29,7;22,6;21,4;66;58;64;47;3;1,4;
2024/01/20;2300 UTC;0;1002,8;1002,8;1001,9;;28,3;20;29,9;28,3;22,4;20;65;59;61;311;5,6;1,8;
2024/01/21;0000 UTC;0;1003,4;1003,4;1002,5;;27,4;20,2;28,3;27,4;20,7;20;65;61;65;331;4,4;,9;
2024/01/21;0100 UTC;0;1003,9;1003,9;1003,2;;26,3;20,6;27,3;26,3;20,8;19,7;71;65;71;339;3,3;,2;
2024/01/21;0200 UTC;0;1003,8;1003,9;1003,7;;25,7;21,5;26,4;25,7;21,6;20,8;78;71;78;298;1,4;,5;
2024/01/21;0300 UTC;0;1003,2;1003,8;1003,2;;26,7;21,9;26,7;25,7;22;21,5;78;75;75;333;3,6;1,2;
2024/01/21;0400 UTC;0;1002,8;1003,2;1002,8;;26,3;22,1;26,8;26,3;22,1;21,9;78;75;78;336;4,3;1,1;
2024/01/21;0500 UTC;0;1002,7;1002,8;1002,3;;25,8;22,5;26,3;25,8;22,5;22,1;82;78;82;326;3,2;,5;
2024/01/21;0600 UTC;0;1002,7;1002,8;1002,7;;25,9;22,9;25,9;25,8;22,9;22,5;84;82;84;336;2,8;,9;
2024/01/21;0700 UTC;0;1002,9;1002,9;1002,7;;26,1;22,9;26,2;25,9;23;22,9;84;82;83;343;3,2;,8;
2024/01/21;0800 UTC;0;1003,2;1003,2;1002,8;;26;23;26,1;25,9;23,1;22,9;84;83;84;340;3,2;1,2;
2024/01/21;0900 UTC;0;1003,8;1003,8;1003,2;31,5;25,8;23,2;26;25,7;23,2;23;86;84;86;331;2,2;,6;
2024/01/21;1000 UTC;0;1004,6;1004,6;1003,8;332;26,8;22,9;27;25,8;23,3;22,9;86;79;79;357;2,6;1,3;
2024/01/21;1100 UTC;0;1005,1;1005,2;1004,6;806,1;28,2;22,7;28,2;26,7;23,3;22,3;81;71;72;46;3,2;1,7;
2024/01/21;1200 UTC;0;1005,4;1005,4;1005,1;1462,5;30,1;21,7;30,2;28,2;22,7;21,2;72;60;61;82;5;1,9;
2024/01/21;1300 UTC;0;1005,3;1005,5;1005,3;2349,7;31,5;21,2;32,1;29,9;22,2;20,5;62;52;54;62;6,1;2;
2024/01/21;1400 UTC;0;1004,8;1005,3;1004,8;2537,1;33,2;21,1;33,3;31,5;21,5;20,2;55;47;49;121;4,8;1,4;
2024/01/21;1500 UTC;0;1003,9;1004,8;1003,9;2715,9;33,7;19,9;34,2;33,1;21,1;19,5;50;43;45;67;5,3;2,3;
2024/01/21;1600 UTC;0;1002,6;1003,9;1002,6;2633,7;34,1;20,1;34,9;33,5;20,7;19,2;45;41;44;3;5,3;2,1;
2024/01/21;1700 UTC;0;1001,7;1002,6;1001,7;2160;35,1;19,2;36;34,2;20,1;18,9;44;38;39;15;4,5;1,4;
2024/01/21;1800 UTC;0;1001,2;1001,7;1001,2;1354,8;36,2;18,5;36,3;34,3;20,3;18,3;43;35;35;339;5,2;,8;
2024/01/21;1900 UTC;0;1000,7;1001,2;1000,7;1303,7;36;19,5;36,9;35,6;19,9;18,4;40;34;38;118;4;1,2;
2024/01/21;2000 UTC;0;1000,8;1000,8;1000,7;751,4;35,2;20,4;36;35,1;20,4;19,3;42;38;42;144;3,6;,7;
2024/01/21;2100 UTC;0;1001,1;1001,1;1000,7;141,9;32,3;21;35,3;32,3;21,8;20,7;52;42;52;201;2,5;1,1;
2024/01/21;2200 UTC;0;1001,9;1001,9;1001,1;;30,4;21,8;32,3;30,4;22,3;21;61;52;60;180;2,3;,4;
2024/01/21;2300 UTC;0;1003;1003;1001,9;;28,7;23;30,4;28,7;23,4;21,6;72;60;72;88;1,1;0;
2024/01/22;0000 UTC;0;1003,6;1003,6;1003;;27,7;22,6;28,7;27,7;23,2;22,2;75;70;74;344;1;,1;
2024/01/22;0100 UTC;0;1004,4;1004,5;1003,6;;29,2;22,2;29,3;27,5;23,5;22,1;77;65;66;349;6;1,5;
2024/01/22;0200 UTC;0;1004,3;1004,6;1004,2;;28,6;22,6;29,3;28,6;22,6;22,2;70;66;70;351;3,9;1,5;
2024/01/22;0300 UTC;0;1003,8;1004,3;1003,8;;28,2;22,7;28,6;28,2;22,7;22,6;72;70;72;349;4,2;1,9;
2024/01/22;0400 UTC;0;1003,2;1003,8;1003,2;;27,5;22,6;28,2;27,5;22,7;22,5;75;72;75;339;4,2;1,7;
2024/01/22;0500 UTC;0;1003,2;1003,3;1003,1;;27,2;22,8;27,5;27,2;22,8;22,6;77;75;77;343;4,4;1,8;
2024/01/22;0600 UTC;0;1003;1003,2;1002,9;;26,8;22,9;27,2;26,8;22,9;22,8;79;77;79;353;4,2;1,4;
2024/01/22;0700 UTC;0;1003,7;1003,7;1003;;26,4;23,1;26,8;26,4;23,1;22,9;82;79;82;321;3,8;1,3;
2024/01/22;0800 UTC;0;1004,3;1004,3;1003,6;;26,5;23,3;26,6;26,3;23,3;23,1;83;82;83;316;2,8;,6;
2024/01/22;0900 UTC;0;1004,7;1004,7;1004,3;14,6;25,9;23,7;26,5;25,8;23,7;23,3;88;83;88;356;1,5;0;
2024/01/22;1000 UTC;0;1005,2;1005,2;1004,7;293,2;27,4;23,4;27,4;25,9;23,9;23,2;88;78;79;351;2,5;,8;
2024/01/22;1100 UTC;0;1005,9;1005,9;1005,2;859,6;28,6;23;28,6;27,4;23,5;22,7;79;71;72;27;4,8;2,3;
2024/01/22;1200 UTC;0;1006,1;1006,1;1005,8;903,7;29,9;22,8;29,9;28,6;23;22,2;72;64;66;71;4,9;2,4;
2024/01/22;1300 UTC;0;1005,7;1006,1;1005,6;2021,7;31,9;21,8;31,9;29,9;22,9;21,4;66;55;55;47;5;2,8;
2024/01/22;1400 UTC;0;1005,3;1005,7;1005,3;1794,6;32,4;21,8;32,6;31,2;22,5;21,3;59;53;54;59;4,9;2;
2024/01/22;1500 UTC;0;1004,3;1005,3;1004,3;2813,1;33,1;21,9;34;32,3;22,5;21,5;55;49;52;37;5,6;2,5;
2024/01/22;1600 UTC;0;1003,2;1004,3;1003,2;2904,5;35;21,5;35,3;33;22,2;21,1;53;44;46;101;6,4;2,1;
2024/01/22;1700 UTC;0;1001,7;1003,2;1001,7;1960,4;34,4;21;35,4;33,6;22,3;20,6;51;43;46;44;5,5;1,5;
2024/01/22;1800 UTC;0;1000,5;1001,7;1000,5;1561,3;34,8;20,9;36,2;34,4;21,5;19,6;47;40;44;129;4,9;1,5;
2024/01/22;1900 UTC;0;1000,1;1000,5;1000;1097,4;35,3;20,5;35,8;34,7;21,6;19,9;46;40;42;75;3,4;1,4;
2024/01/22;2000 UTC;0;1000,7;1000,7;1000,1;581,2;34,2;21,1;35,8;34,2;21,6;19,9;48;41;47;69;3,4;,7;
2024/01/22;2100 UTC;0;1001,3;1001,3;1000,7;74,3;31,3;23;34,2;31,3;23,4;21,3;63;47;61;347;2,1;,6;
2024/01/22;2200 UTC;0;1001,4;1001,4;1001,2;;30,6;22,6;31,5;30,6;23,1;22;63;57;63;2;2,3;,8;
2024/01/22;2300 UTC;0;1002,8;1002,8;1001,4;;29,8;22,9;30,6;29,7;23,4;22,6;69;63;66;3;2,5;1,2;
2024/01/23;0000 UTC;0;1003,6;1003,7;1002,7;;29,2;23,3;30;29,2;23,3;22,7;70;65;70;347;6,9;2,7;
2024/01/23;0100 UTC;0;1003,8;1003,9;1003,6;;28,7;23,1;29,2;28,7;23,3;23,1;73;70;72;17;6,1;3,1;
2024/01/23;0200 UTC;0;1003,9;1004;1003,8;;27,9;22,5;28,7;27,9;23,1;22,3;72;70;72;341;6,6;2,7;
2024/01/23;0300 UTC;0;1003,6;1004,2;1003,6;;27,4;22,7;27,9;27,4;22,7;22,5;76;72;76;345;5,7;2,6;
2024/01/23;0400 UTC;0;1003,4;1003,6;1003,4;;27;22,8;27,4;26,9;22,8;22,7;78;76;78;351;5;1,3;
2024/01/23;0500 UTC;0;1003,1;1003,4;1003;;26,9;22,9;27;26,9;22,9;22,8;79;78;79;356;3,9;1,4;
2024/01/23;0600 UTC;0;1003;1003,1;1002,8;;26,8;23;26,9;26,8;23;22,9;80;79;80;355;3,1;,9;
2024/01/23;0700 UTC;0;1003,3;1003,3;1003;;26,5;22,9;26,8;26,5;23;22,9;81;79;81;337;4;1,1;
2024/01/23;0800 UTC;0;1003,3;1003,4;1003,2;;26,2;23,2;26,5;26,2;23,3;22,9;84;81;84;328;2,4;,2;
2024/01/23;0900 UTC;0;1004,1;1004,1;1003,3;15,3;26,1;23,5;26,2;26;23,5;23,2;86;84;85;97;1,8;0;
2024/01/23;1000 UTC;0;1004,9;1004,9;1004;236,2;27,1;23,5;27,1;26,1;23,6;23,2;86;81;81;349;2,2;1;
2024/01/23;1100 UTC;0;1005,7;1005,7;1004,9;670,5;28,1;23,3;28,1;27;23,6;23;81;75;75;2;4;1,2;
2024/01/23;1200 UTC;0;1005,5;1005,8;1005,5;1062,8;29,6;23,2;29,6;28;23,4;22,8;76;69;69;9;3,7;1,4;
2024/01/23;1300 UTC;0;1005,1;1005,5;1005,1;1926;31,4;21,7;32,1;29,5;23,2;21,6;69;54;57;46;6,6;3,5;
2024/01/23;1400 UTC;0;1004,5;1005,1;1004,5;1865,2;32,4;21,9;32,6;31,2;22,5;21,6;59;53;54;99;6,1;3,1;
2024/01/23;1500 UTC;0;1003,8;1004,5;1003,8;2073;33,2;21,7;34;32,4;22,7;20,8;55;48;51;55;7,1;2,8;
2024/01/23;1600 UTC;0;1002,8;1003,8;1002,8;1439,5;34,3;22,5;34,3;32,1;22,7;21;56;49;50;101;5,1;2,4;
2024/01/23;1700 UTC;0;1001,4;1002,8;1001,4;1440,7;34,2;20,8;35,1;33,1;22,6;20,8;50;46;46;27;5,5;1,4;
2024/01/23;1800 UTC;0;1000,2;1001,4;1000,2;1313,9;33,9;21,2;34,9;33,9;21,5;20,5;48;44;47;23;4,2;2,3;
2024/01/23;1900 UTC;0;999,3;1000,2;999,3;1253,3;34,8;21,3;35,2;33,9;21,5;20;48;42;46;127;4,1;1,2;
2024/01/23;2000 UTC;0;999,6;999,6;999,2;695;33,9;20,7;35,4;33,9;21,5;20,5;47;43;46;34;3,5;2,2;
2024/01/23;2100 UTC;0;1000;1000;999,6;62,2;30,8;21,9;33,9;30,8;22,4;20,7;60;46;59;122;3,3;,1;
2024/01/23;2200 UTC;0;1000,9;1000,9;1000;;29,6;22,6;30,8;29,6;22,8;21,8;66;59;66;114;1,4;,4;
2024/01/23;2300 UTC;0;1002,7;1002,7;1000,9;;28,2;23,9;30,5;28,2;23,9;21,4;78;59;78;314;7,7;3,1;
2024/01/24;0000 UTC;3,8;1004,1;1004,2;1002,8;;25,5;24;28,2;25,5;24,6;23,7;91;78;91;249;9;1,5;
2024/01/24;0100 UTC;1,8;1004,6;1004,6;1004;;24,8;23,3;25,5;24,8;24;23,3;92;91;91;294;4,2;1;
2024/01/24;0200 UTC;3,4;1004;1004,6;1004;;24,3;23;24,8;24,3;23,3;22,9;92;91;92;295;3,9;1,2;
2024/01/24;0300 UTC;1,4;1003;1004;1003;;24,5;23,2;24,5;24,3;23,2;23;93;92;93;358;2,9;,6;
2024/01/24;0400 UTC;,2;1002,7;1003,1;1002,6;;24,6;23,3;24,6;24,4;23,4;23,2;93;92;93;352;2,2;,6;
2024/01/24;0500 UTC;0;1002;1002,7;1002;;24,4;23,1;24,7;24,4;23,4;23,1;93;92;92;350;1,4;,3;
2024/01/24;0600 UTC;0;1002,1;1002,1;1001,8;;24,7;23,4;24,7;24,4;23,4;23,1;93;92;93;87;1,2;0;
2024/01/24;0700 UTC;0;1002,1;1002,2;1002;;24,9;23,7;24,9;24,7;23,7;23,4;93;93;93;51;,8;0;
2024/01/24;0800 UTC;0;1002,3;1002,3;1002;;25;23,8;25,1;24,8;23,8;23,6;93;93;93;341;1,1;0;
2024/01/24;0900 UTC;0;1003;1003;1002,3;5,7;24,9;23,5;25;24,8;23,7;23,5;93;92;92;31;1,8;,6;
2024/01/24;1000 UTC;0;1003,8;1003,8;1003;131,9;25,3;23,5;25,4;24,9;23,8;23,5;92;89;89;76;1,8;,1;
2024/01/24;1100 UTC;0;1004,4;1004,4;1003,8;449,2;26;23,2;26;25,3;23,8;22,6;89;83;85;7;2,6;1,5;
2024/01/24;1200 UTC;0;1004,3;1004,5;1004,3;1002,1;27,3;22,7;27,4;25,9;23,3;22,3;85;76;76;22;3,9;1,7;
2024/01/24;1300 UTC;0;1004,3;1004,5;1004,3;1449,7;28,9;22,1;28,9;27,3;23,3;21,7;78;66;67;29;5,3;2,5;
2024/01/24;1400 UTC;0;1003,9;1004,3;1003,9;1344,2;29,7;21,9;29,8;28,8;22,8;21,1;68;59;63;57;4,8;2,6;
2024/01/24;1500 UTC;0;1003,4;1003,9;1003,4;1584,9;31,1;21,6;31,3;29,7;22,4;21;63;56;57;46;5,1;1,9;
2024/01/24;1600 UTC;0;1002,5;1003,4;1002,5;1553,4;31,6;21;32,2;30,8;22,4;20,7;59;52;53;46;4,6;2,4;
2024/01/24;1700 UTC;0;1001,9;1002,5;1001,9;945,2;30,8;22,3;31,7;30,8;23;20,6;62;52;61;272;4,6;1,7;
2024/01/24;1800 UTC;0;1001,3;1001,9;1001,3;620,9;30,3;22,2;30,8;30,2;22,8;21,9;64;60;62;281;4,6;,9;
2024/01/24;1900 UTC;0;1000,5;1001,3;1000,5;467,5;30,7;22,4;30,7;30;22,8;21,9;64;60;61;307;3,2;1,1;
2024/01/24;2000 UTC;0;1000,3;1000,5;1000,3;469,8;30,8;22;31,1;30,2;23,2;21,7;65;58;60;360;3,5;1,9;
2024/01/24;2100 UTC;0;1000,8;1000,8;1000,3;120,9;29,4;23,3;30,8;29,4;23,7;21,9;71;60;70;342;3,5;,8;
2024/01/24;2200 UTC;0;1001,6;1001,6;1000,8;;28,6;23,2;29,4;28,6;23,5;23,2;72;70;72;355;2,3;1,1;
2024/01/24;2300 UTC;0;1002,6;1002,6;1001,6;;27,9;23;28,7;27,9;24,1;23;77;72;75;1;2,3;1;
2024/01/25;0000 UTC;0;1003,3;1003,3;1002,6;;27,3;22,5;27,9;27,3;23,3;22,5;78;75;75;5;2,3;1;
2024/01/25;0100 UTC;0;1003,7;1003,8;1003,3;;27,5;22;27,7;27,3;23;21,9;77;71;72;31;3,6;2;
2024/01/25;0200 UTC;0;1003,5;1003,8;1003,5;;26,8;21,8;27,5;26,8;22,1;21,8;74;72;74;353;4,4;1,6;
2024/01/25;0300 UTC;0;1003;1003,5;1003;;26,5;22;26,8;26,5;22,2;21,7;77;74;76;344;2,9;1,1;
2024/01/25;0400 UTC;0;1002,2;1003;1002,2;;26,3;22;26,5;26,3;22,1;21,8;77;76;77;343;2,5;1;
2024/01/25;0500 UTC;0;1001,8;1002,2;1001,8;;25,6;22,4;26,3;25,6;22,9;22;84;77;82;319;2,4;,7;
2024/01/25;0600 UTC;0;1001,6;1001,8;1001,6;;25,4;23,1;25,7;25,4;23,1;22,4;87;82;87;325;2,4;,2;
2024/01/25;0700 UTC;0;1001,5;1001,6;1001,4;;24,9;23;25,5;24,9;23,1;22,7;89;86;89;323;1,2;0;
2024/01/25;0800 UTC;0;1002;1002;1001,5;;24,6;22,9;25,1;24,6;23,2;22,9;90;89;90;332;0;0;
2024/01/25;0900 UTC;0;1002,6;1002,6;1002;14,3;25;23,4;25;24,6;23,5;22,9;91;90;91;13;1,1;,1;
2024/01/25;1000 UTC;0;1003,4;1003,4;1002,6;472,1;26,5;22,3;26,5;25;23,4;22,3;91;78;78;351;2,5;1,3;
2024/01/25;1100 UTC;0;1004;1004;1003,4;700,6;27,7;21,9;27,8;26,4;23;21,8;79;70;70;41;4,7;2,1;
2024/01/25;1200 UTC;0;1004,3;1004,4;1004;1112,3;28,7;22;28,8;27,7;22,6;21,6;72;67;67;11;4,7;1,5;
2024/01/25;1300 UTC;0;1003,8;1004,3;1003,8;1900,1;31,1;21,8;31,4;28,7;22,8;21;68;55;58;20;5,1;2,7;
2024/01/25;1400 UTC;0;1003,3;1003,8;1003,3;2322,7;32;20,8;32,1;30,8;22;19,8;58;50;52;51;6,2;2,3;
2024/01/25;1500 UTC;0;1002,5;1003,3;1002,5;2992,6;33,4;19,3;33,6;31,9;21;19;52;42;44;24;6,3;2,9;
2024/01/25;1600 UTC;0;1001,3;1002,5;1001,3;1856,2;33,8;20,3;33,8;32,6;20,7;19;48;43;45;19;6,4;2,4;
2024/01/25;1700 UTC;0;1000,5;1001,3;1000,5;2209,4;34;20,1;34,7;33,8;20,1;17,7;45;37;44;16;6,3;2,5;
2024/01/25;1800 UTC;0;999,7;1000,5;999,7;1520,2;34,4;20;34,5;33,7;20,4;19;45;42;43;360;5,1;2,1;
2024/01/25;1900 UTC;0;999,1;999,7;999,1;1311,8;34,2;19,3;34,6;33,6;20,2;19;45;40;41;310;5;1,7;
2024/01/25;2000 UTC;0;999,2;999,2;999;735,1;34;20;34,7;33,9;20,1;18,7;44;40;44;25;5;,7;
2024/01/25;2100 UTC;0;999,4;999,4;999,2;106,3;30;22;34;30;22;19,4;62;43;62;115;1,9;,1;
2024/01/25;2200 UTC;0;1000,2;1000,2;999,4;;28,2;20,3;30;28;21,8;20,1;67;59;62;310;,7;0;
2024/01/25;2300 UTC;0;1001,2;1001,2;1000,2;;27,7;22,8;28,3;27,5;23,2;20,4;75;62;75;119;,6;,1;
2024/01/26;0000 UTC;0;1002,5;1002,5;1001,2;;27,8;21,4;27,8;27,1;23,5;21,3;80;68;68;345;3,8;,9;
2024/01/26;0100 UTC;0;1003;1003;1002,5;;27;22,7;27,9;27;22,8;21,5;78;68;77;348;1,9;,8;
2024/01/26;0200 UTC;0;1003,1;1003,2;1003;;26,4;22,3;27;26,4;22,9;22,2;79;77;78;296;2;,4;
2024/01/26;0300 UTC;0;1002,9;1003,2;1002,9;;26,9;22;26,9;26,4;22,5;22;79;74;75;350;2,8;1,4;
2024/01/26;0400 UTC;0;1002,4;1002,9;1002,4;;26,4;22,7;26,9;26,4;22,8;22;80;75;80;346;2,7;,6;
2024/01/26;0500 UTC;0;1002,1;1002,4;1002,1;;26,4;22,3;26,4;26,1;22,7;22,2;81;78;78;343;2,6;,8;
2024/01/26;0600 UTC;0;1002;1002,1;1002;;26,1;22,7;26,4;26,1;22,7;22,2;81;78;81;332;2,5;,8;
2024/01/26;0700 UTC;0;1002;1002;1001,9;;26,1;22,7;26,1;26;22,8;22,5;82;81;82;332;2,8;1,2;
2024/01/26;0800 UTC;0;1002,5;1002,5;1002;;26,1;23;26,1;26;23,1;22,7;84;82;83;336;3;,9;
2024/01/26;0900 UTC;0;1003,1;1003,1;1002,5;7,1;26,1;23,3;26,1;26,1;23,4;23;85;83;85;1;2,5;1,1;
2024/01/26;1000 UTC;0;1004;1004;1003,1;227,6;26,7;23,2;26,8;26,1;23,4;23,2;85;81;81;352;2,3;,9;
2024/01/26;1100 UTC;0;1004,5;1004,5;1004;377,6;27,4;23,4;27,4;26,7;23,6;23;82;78;79;7;2,9;1,3;
2024/01/26;1200 UTC;0;1004,7;1004,7;1004,5;781,5;28,6;22,2;28,7;27,3;23,4;22,2;79;68;68;11;3,4;1,8;
2024/01/26;1300 UTC;0;1004,7;1004,8;1004,7;1480,5;30,3;21,6;30,4;28,6;22,7;21,2;69;59;60;53;5,2;2,4;
2024/01/26;1400 UTC;0;1004,1;1004,7;1004,1;1612,5;31,4;21,5;31,4;30,3;21,9;21,1;60;56;56;354;5,8;1,6;
2024/01/26;1500 UTC;0;1003,4;1004,1;1003,4;1874,9;33,1;19,6;33,1;31,3;21,8;18,7;56;43;45;37;5,6;2,7;
2024/01/26;1600 UTC;0;1002,2;1003,4;1002,2;2577,5;33,5;19,3;34,5;33,1;20;18,7;46;40;43;49;6,8;3,5;
2024/01/26;1700 UTC;0;1000,9;1002,2;1000,9;2362,4;35,1;18,2;35,3;33,4;19,4;17,7;43;36;37;37;6,6;3;
2024/01/26;1800 UTC;0;999,9;1000,9;999,9;1682,6;35,4;17,1;35,7;34;18,8;16,6;39;33;34;32;6,1;2,8;
2024/01/26;1900 UTC;0;999,8;999,9;999,8;1137,4;34,5;16,4;35,6;34,4;17,5;16,2;37;33;34;43;5,7;2;
2024/01/26;2000 UTC;0;1000,1;1000,1;999,7;621,4;33,7;17;34,7;33,7;17,5;16,3;37;34;37;31;4,1;2;
2024/01/26;2100 UTC;0;1000,2;1000,2;1000,1;155,7;30,5;19,8;33,8;30,5;20,5;16,9;53;37;53;87;3,8;,3;
2024/01/26;2200 UTC;0;1000,8;1000,8;1000,2;;28,4;19,4;30,5;28,4;21,2;19,3;62;52;58;93;1,4;0;
2024/01/26;2300 UTC;0;1001,6;1001,6;1000,8;;28,1;21,2;28,4;27,7;21,2;19,3;66;58;66;341;,7;0;
2024/01/27;0000 UTC;0;1002,5;1002,5;1001,6;;28;20,9;28,1;27,3;22,8;20,9;76;65;65;342;2,9;1,6;
2024/01/27;0100 UTC;0;1003,3;1003,3;1002,5;;29,1;21,1;29,5;28;21,3;20,7;65;60;62;351;5,7;2,3;
2024/01/27;0200 UTC;0;1003,8;1003,9;1003,3;;28,4;21,1;29,1;28,4;21,1;21;65;62;65;348;4,2;1,4;
2024/01/27;0300 UTC;0;1003,5;1003,9;1003,5;;27,9;21,3;28,4;27,5;21,6;21,1;70;65;67;341;4,4;2;
2024/01/27;0400 UTC;0;1003;1003,5;1003;;27,5;21,7;27,9;27,4;21,7;21,3;71;67;71;342;4,4;1,7;
2024/01/27;0500 UTC;0;1002,3;1003;1002,3;;27,3;21,8;27,5;27,2;22;21,7;73;71;72;338;3,7;1,6;
2024/01/27;0600 UTC;0;1002,1;1002,3;1002,1;;26,9;22,3;27,3;26,9;22,3;21,8;76;72;76;353;3,3;1;
2024/01/27;0700 UTC;0;1002,3;1002,3;1002,1;;26,7;22,6;26,9;26,6;22,6;22,3;79;76;78;348;2,4;,9;
2024/01/27;0800 UTC;0;1002,6;1002,6;1002,2;;26,2;23;26,7;26,2;23,2;22,6;83;78;82;311;2,4;,2;
2024/01/27;0900 UTC;0;1003,4;1003,4;1002,6;8,3;26,3;23,6;26,3;26,1;23,6;23;86;82;85;32;1,6;0;
2024/01/27;1000 UTC;0;1004,4;1004,4;1003,3;197,1;27,1;22,8;27,2;26,2;23,6;22,8;85;77;77;78;,8;,1;
2024/01/27;1100 UTC;0;1004,9;1004,9;1004,4;614;28,4;23,1;28,5;27,1;23,5;22,7;77;73;73;39;3,3;1,5;
2024/01/27;1200 UTC;0;1005,3;1005,4;1005;1348,3;30,3;22,6;30,4;28,4;23,5;22,2;74;63;64;49;5,1;2,6;
2024/01/27;1300 UTC;0;1005,4;1005,4;1005,3;1311,6;31,4;22,6;31,4;30,1;22,7;21,4;64;57;60;87;6,8;3,1;
2024/01/27;1400 UTC;0;1005;1005,4;1005;1662,3;31,6;21,4;32,2;31,3;22,7;21,4;59;53;55;66;6,2;2,9;
2024/01/27;1500 UTC;0;1003,9;1005;1003,9;1625,8;33,1;21,2;33,4;31,6;21,5;20,6;55;48;50;87;6,8;2,8;
2024/01/27;1600 UTC;0;1002,8;1003,9;1002,8;1307,7;32,7;21,5;34;32,3;21,8;20,5;54;46;52;96;6,1;1,5;
2024/01/27;1700 UTC;0;1001,6;1002,8;1001,6;869,6;32,6;22,7;32,9;32,4;22,9;20;57;47;56;150;4,6;,6;
2024/01/27;1800 UTC;0;1001;1001,6;1001;705,9;32;22,4;32,6;32;23,2;21,8;58;53;57;183;3,1;1,2;
2024/01/27;1900 UTC;0;1000,8;1001;1000,8;409,5;30,8;23,4;32,2;30,8;23,6;22;65;56;65;200;4,4;2,1;
2024/01/27;2000 UTC;0;1000,9;1001;1000,8;206,5;29,8;23,4;30,8;29,8;23,6;23,4;69;65;69;201;4,1;1,5;
2024/01/27;2100 UTC;0;1001,6;1001,6;1000,9;41,9;29;23,5;29,8;29;23,6;23,3;72;69;72;194;3,8;1,3;
2024/01/27;2200 UTC;0;1002,9;1002,9;1001,6;;28,5;23,9;29;28,5;23,9;23,5;76;72;76;348;6,4;2,5;
2024/01/27;2300 UTC;0;1003,6;1003,6;1002,9;;27,5;22,2;28,6;27,5;23,9;21,8;76;69;73;325;6,6;,6;
2024/01/28;0000 UTC;0;1004,8;1004,8;1003,6;;27;22,9;27,5;26,9;23;22,2;79;73;79;352;2,5;,8;
2024/01/28;0100 UTC;0;1004,9;1004,9;1004,6;;26,8;23,7;27;26,6;23,7;23;83;79;83;331;1,9;0;
2024/01/28;0200 UTC;0;1005,1;1005,2;1004,7;;26,3;22,6;26,8;26,3;23,9;22,3;84;77;80;105;4,5;2,1;
2024/01/28;0300 UTC;,2;1004,9;1005,3;1004,9;;25,3;23,2;26,3;25,3;23,2;22,6;88;80;88;148;4,5;1,3;
2024/01/28;0400 UTC;1,2;1004,4;1004,9;1004,4;;25,1;23,7;25,4;25,1;23,7;23,3;92;88;92;266;2,8;,1;
2024/01/28;0500 UTC;2,4;1004;1004,4;1004;;24,9;23,6;25,1;24,9;23,7;23,5;92;92;92;229;1,4;0;
2024/01/28;0600 UTC;1,2;1003,6;1004,1;1003,6;;24,9;23,6;25;24,9;23,7;23,6;93;92;93;21;1;0;
2024/01/28;0700 UTC;,8;1003,8;1003,8;1003,5;;25;23,8;25;24,9;23,8;23,6;93;93;93;171;0;0;
2024/01/28;0800 UTC;0;1004;1004;1003,8;;25,1;23,9;25,2;25;23,9;23,8;93;93;93;122;0;0;
2024/01/28;0900 UTC;0;1004,7;1004,7;1004;2,6;24,4;23,2;25,1;24,4;23,9;23,2;93;93;93;142;1,6;0;
2024/01/28;1000 UTC;0;1005,4;1005,4;1004,7;55;24,3;23;24,4;24,2;23,2;23;93;93;93;129;1,3;0;
2024/01/28;1100 UTC;0;1006,2;1006,2;1005,4;201,7;24,6;22,9;24,6;24,3;23,1;22,8;93;91;91;187;2,5;,4;
2024/01/28;1200 UTC;0;1006,6;1006,6;1006,2;667,8;25,5;22,3;25,6;24,4;22,9;22,3;91;83;83;181;2,5;1,2;
2024/01/28;1300 UTC;0;1006,8;1006,8;1006,6;1096,7;26,9;22,3;27;25,3;23,1;22;84;75;76;204;3;,8;
2024/01/28;1400 UTC;0;1006;1006,8;1006;1412,4;28,7;22,7;28,8;26,8;23,1;22;78;69;70;145;2,5;,8;
2024/01/28;1500 UTC;0;1005,2;1006;1005,2;1501,7;29,7;22,9;29,8;28,5;23,3;22,2;71;65;67;172;3,1;1,5;
2024/01/28;1600 UTC;0;1004,2;1005,2;1004,2;2267,8;31,8;22,9;31,8;29,7;23,4;22,2;67;58;60;108;4,9;2;
2024/01/28;1700 UTC;0;1003,4;1004,2;1003,4;2229,8;32,5;22,6;32,9;31,6;23,8;22;61;54;56;61;5,3;1,6;
2024/01/28;1800 UTC;0;1002,4;1003,4;1002,4;1399,5;32,5;21,5;32,7;31,9;22,9;21,4;58;52;52;349;4,4;1;
2024/01/28;1900 UTC;0;1001,7;1002,4;1001,7;1268,8;33,5;21,6;33,8;32,5;22,5;20,9;55;48;50;215;3,1;1,2;
2024/01/28;2000 UTC;0;1001,8;1001,8;1001,6;564,3;32,5;22,7;33,8;32,5;22,7;21;57;48;56;188;3,1;,8;
2024/01/28;2100 UTC;0;1001,8;1001,9;1001,8;72,2;30,5;23,2;32,5;30,5;23,2;22,1;65;55;65;208;2,7;,9;
2024/01/28;2200 UTC;0;1002,4;1002,4;1001,8;;29;23,1;30,5;29;24,2;22,9;74;64;70;215;2,2;,6;
2024/01/28;2300 UTC;0;1003,8;1003,8;1002,4;;28,5;23,4;29,2;28,3;25;23,1;79;70;74;33;5,5;2,3;
2024/01/29;0000 UTC;0;1004,4;1004,4;1003,8;;26,2;20,9;28,6;26,2;23,3;20,7;75;69;72;355;6,4;1,7;
2024/01/29;0100 UTC;0;1005,2;1005,2;1004,4;;25,8;21;26,3;25,8;21,2;20,6;75;72;75;344;3,3;1,6;
2024/01/29;0200 UTC;0;1006;1006;1005,2;;25,7;21,9;25,9;25,7;22;21;80;75;79;317;3,9;1,8;
2024/01/29;0300 UTC;0;1005,4;1006;1005,4;;25,2;21,8;25,7;25,2;22;21,7;82;79;82;303;6,1;1,6;
2024/01/29;0400 UTC;0;1004,9;1005,4;1004,9;;24,6;21,7;25,2;24,6;22;21,7;84;82;84;315;3,7;,9;
2024/01/29;0500 UTC;4,6;1004,6;1005,7;1004,6;;24,1;22,4;24,7;24,1;22,7;21,6;91;83;90;256;4,7;1,7;
2024/01/29;0600 UTC;,2;1004,4;1004,6;1004,4;;24,2;22,8;24,2;23,6;22,8;21,7;92;89;92;39;4;,6;
2024/01/29;0700 UTC;0;1004,7;1005;1004,4;;24,1;22,7;24,3;24,1;22,9;22,6;92;92;92;296;4,7;,3;
2024/01/29;0800 UTC;0;1004,4;1004,8;1004,1;;24,2;22,9;24,2;24;22,9;22,7;93;92;93;207;1,6;,5;
2024/01/29;0900 UTC;0;1004,8;1004,8;1004,4;7,6;24,2;23;24,3;24,1;23;22,9;93;93;93;210;1,3;,1;
2024/01/29;1000 UTC;0;1006;1006;1004,7;51,4;24,6;23,4;24,7;24,2;23,4;23;93;93;93;185;2;,1;
2024/01/29;1100 UTC;,4;1006,4;1006,4;1006;111,5;24,4;22,8;24,6;24,2;23,4;22,7;93;91;91;204;3,8;1,4;
2024/01/29;1200 UTC;,2;1006,6;1006,7;1006,3;478,1;24,8;22,5;24,8;24,3;23;22,3;91;87;87;194;3,8;1,4;
2024/01/29;1300 UTC;0;1006,5;1006,7;1006,5;997,1;25,7;21,4;26;24,6;23;21,4;87;77;77;177;4,2;1;
2024/01/29;1400 UTC;0;1006,3;1006,5;1006,3;1216,1;27,9;22;27,9;25,7;22,6;21,3;78;70;70;196;3,5;1,1;
2024/01/29;1500 UTC;0;1005,5;1006,3;1005,5;1683,1;29,7;22,7;29,7;27,6;23;21,6;72;64;66;224;3,6;1,3;
2024/01/29;1600 UTC;0;1004,7;1005,5;1004,7;1436,1;29,5;21,4;30,3;29,3;22,5;21,2;66;60;62;87;4;,8;
2024/01/29;1700 UTC;0;1003,6;1004,7;1003,6;648;28,7;24,2;29,7;28,5;24,4;21,5;78;62;77;187;2,4;1,1;
2024/01/29;1800 UTC;0;1002,6;1003,6;1002,6;891,5;29;23,1;29,3;28,4;24,2;22,8;78;70;71;211;3,7;1,5;
2024/01/29;1900 UTC;0;1001,9;1002,6;1001,9;575;28,7;22,6;29,1;28,5;23,7;22,3;74;69;70;226;3;,8;
2024/01/29;2000 UTC;0;1001,8;1001,9;1001,7;665,5;29,1;22,5;30;28,7;23,4;21,9;72;63;68;227;2,9;,9;
2024/01/29;2100 UTC;0;1002,2;1002,2;1001,8;103,5;27,7;23,5;29,2;27,7;23,5;22,6;78;68;78;274;2,6;,5;
2024/01/29;2200 UTC;0;1002,7;1002,7;1002,2;;27,2;24,6;27,7;27;24,6;23,5;86;78;86;354;1,5;0;
2024/01/29;2300 UTC;0;1003,8;1003,8;1002,7;;26,3;24,3;27,2;26,3;24,6;24,1;89;86;89;262;1,5;,1;
2024/01/30;0000 UTC;0;1004,5;1004,5;1003,8;;26;24,3;26,3;25,9;24,4;24,1;90;89;90;11;,8;0;
2024/01/30;0100 UTC;0;1005;1005;1004,5;;26;24,4;26,2;26;24,7;24,3;91;90;91;73;,5;0;
2024/01/30;0200 UTC;0;1005,1;1005,2;1005;;25,8;24,4;26;25,8;24,6;24,3;92;91;92;236;,7;0;
2024/01/30;0300 UTC;0;1004,7;1005,1;1004,7;;25,9;24,5;25,9;25,7;24,6;24,3;92;92;92;303;1,5;,1;
2024/01/30;0400 UTC;0;1003,9;1004,7;1003,9;;25,6;24,2;25,9;25,6;24,5;24,2;92;92;92;294;1,6;,2;
2024/01/30;0500 UTC;0;1003,6;1003,9;1003,6;;25,2;23,6;25,6;25,2;24,2;23,6;92;91;91;258;1,3;,1;
2024/01/30;0600 UTC;0;1003,7;1003,7;1003,5;;24,8;23,4;25,3;24,8;23,7;23,4;92;91;92;246;,8;0;
2024/01/30;0700 UTC;0;1003,7;1003,8;1003,6;;24,4;23,2;24,8;24,4;23,4;23,2;93;92;93;76;0;0;
2024/01/30;0800 UTC;0;1003,9;1003,9;1003,7;;24,4;23,2;24,5;24,3;23,3;23,1;93;93;93;151;,8;,1;
2024/01/30;0900 UTC;0;1004,1;1004,2;1003,9;24,2;24,8;23,7;24,8;24;23,7;22,9;93;93;93;32;,6;0;
2024/01/30;1000 UTC;,2;1004,7;1004,7;1004,1;203,6;25,6;24,4;25,6;24,8;24,4;23,7;93;93;93;94;,6;,1;
2024/01/30;1100 UTC;0;1005,4;1005,4;1004,7;761;26,4;22,1;26,7;25,6;24,5;21,9;93;77;77;239;2;,6;
2024/01/30;1200 UTC;0;1005,7;1005,7;1005,4;1241,1;28,8;21,8;28,9;26,4;23;21,5;78;66;66;235;2,7;,5;
2024/01/30;1300 UTC;0;1005,5;1005,8;1005,5;1597,9;30,6;22,5;30,7;28,7;23,3;21,8;72;61;62;326;3,3;1,4;
2024/01/30;1400 UTC;0;1005,2;1005,5;1005,2;2714,2;32,4;22,8;32,4;30,6;23,2;21,7;62;55;57;165;4,2;1,5;
2024/01/30;1500 UTC;0;1004,5;1005,2;1004,5;2802,4;33,1;21,6;33,5;31,5;22,8;21,3;58;49;51;141;5,3;1,9;
2024/01/30;1600 UTC;0;1003,5;1004,5;1003,5;2900,7;34,3;20,2;34,4;33,1;22,6;20,2;52;44;44;113;5,3;1,5;
2024/01/30;1700 UTC;0;1002,2;1003,5;1002,2;2425,7;34,5;21,4;35,5;34;21,8;20,1;48;42;46;145;5;1,5;
2024/01/30;1800 UTC;0;1001,3;1002,2;1001,2;1777,1;35,1;20;35,4;34,2;22,4;19,4;48;40;41;89;5;1,5;
2024/01/30;1900 UTC;0;1000,8;1001,3;1000,8;1347,2;35,2;20;35,4;34,7;20,8;19,1;44;39;41;113;5,5;1,5;
2024/01/30;2000 UTC;0;1001;1001;1000,7;497,4;33,8;20,9;35,2;33,8;21,3;19,7;47;40;47;163;3,9;,4;
2024/01/30;2100 UTC;0;1001,4;1001,4;1001;72;30,8;22,7;33,8;30,8;23,2;20,9;62;47;62;294;4,3;1;
2024/01/30;2200 UTC;0;1001,5;1001,5;1001,4;;29,3;22,8;30,8;29,3;23,2;22,5;69;62;68;274;3,6;,6;
2024/01/30;2300 UTC;0;1002,5;1002,5;1001,5;;27,9;23,3;29,4;27,9;24,2;22,7;79;67;76;154;1,5;,4;
2024/01/31;0000 UTC;0;1003,1;1003,2;1002,5;;26,9;23,3;28,1;26,9;24,5;23,1;83;76;81;229;3;,5;
2024/01/31;0100 UTC;0;1003,4;1003,4;1003,1;;26,5;23,6;26,9;26,5;24;23,3;85;81;84;253;1,4;0;
2024/01/31;0200 UTC;0;1003,8;1004;1003,4;;27;22,4;27;26,1;23,9;22,4;88;76;76;359;6,4;2,1;
2024/01/31;0300 UTC;0;1003,5;1003,8;1003,5;;26,6;22,9;27,1;26,6;23;22,4;80;76;80;19;3,9;,7;
2024/01/31;0400 UTC;0;1003,1;1003,5;1003,1;;26,1;22,9;26,6;26,1;23,1;22,9;83;80;83;339;2,3;,9;
2024/01/31;0500 UTC;0;1002,8;1003,1;1002,7;;25,7;23,5;26,1;25,7;23,5;22,9;88;83;88;251;1,9;0;
2024/01/31;0600 UTC;0;1002,6;1002,8;1002,6;;25,1;23,4;25,7;25;23,5;23,3;90;88;90;309;1,3;,2;
2024/01/31;0700 UTC;0;1002,7;1002,7;1002,5;;24,8;23,2;25,2;24,8;23,5;23,2;91;89;91;265;1,2;,1;
2024/01/31;0800 UTC;0;1003,1;1003,1;1002,7;;24,9;23,4;25,1;24,8;23,7;23,2;92;91;91;317;1,1;,3;
2024/01/31;0900 UTC;0;1003,7;1003,7;1003,1;14,9;24,7;23,3;24,9;24,6;23,4;23,2;92;91;92;27;1;0;
2024/01/31;1000 UTC;0;1004,1;1004,1;1003,7;272,5;26,1;23,5;26,2;24,7;24,1;23,3;92;86;86;81;1;,4;
2024/01/31;1100 UTC;0;1004,5;1004,5;1004,1;581,1;27,5;23,1;27,5;26;23,4;22,7;86;77;77;63;2,2;,8;
2024/01/31;1200 UTC;0;1004,5;1004,6;1004,5;1665,3;30,2;22,9;30,2;27,5;23,3;22,5;77;65;65;16;4;1,7;
2024/01/31;1300 UTC;0;1004,4;1004,6;1004,3;2163,4;31,9;21,2;32,6;30,2;23,4;21,2;67;52;53;26;5,2;2,1;
2024/01/31;1400 UTC;0;1003,8;1004,4;1003,8;1356,9;32,6;21,7;33,2;31,8;22,5;21,2;56;51;53;106;5,4;,8;
2024/01/31;1500 UTC;0;1003,1;1003,8;1003,1;1244,6;32,8;21,7;33,4;32,5;22,3;21,3;55;50;52;56;2,9;1,1;
2024/01/31;1600 UTC;0;1002,4;1003,1;1002,4;1964,5;34,8;22,2;34,8;32,6;23,6;21,5;59;47;48;160;7,1;2,4;
2024/01/31;1700 UTC;0;1001,4;1002,4;1001,4;1484,3;33,8;23,2;34,8;29;23,7;21,4;71;47;54;294;7,6;1,2;
2024/01/31;1800 UTC;0;1000,3;1001,4;1000,3;1941,2;35,4;20,7;35,9;33,8;22,4;19,9;54;40;42;148;5,5;1,8;
2024/01/31;1900 UTC;0;1000;1000,3;999,8;1096,5;34,4;21,1;35,7;34,4;21,6;20,6;46;42;46;178;5,2;1,3;
2024/01/31;2000 UTC;0;1000;1000,2;999,7;265,6;33;21,2;34,4;33;22,2;21;51;46;50;136;3,6;,6;
2024/01/31;2100 UTC;0;1000,1;1000,1;999,9;61;31,2;22,7;33;31,2;22,8;21;61;49;61;194;2,1;,6;
2024/01/31;2200 UTC;0;1000,6;1000,6;999,9;;29,8;25;31,2;29,8;25,2;22,1;76;59;76;274;2;,5;
2024/01/31;2300 UTC;0;1002;1002;1000,6;;28,5;24,9;29,8;28,5;25,2;24,7;81;76;81;288;1,5;,4;
2024/02/01;0000 UTC;0;1003,1;1003,2;1002;;28,6;23;29,1;28,5;25,3;23;82;71;72;339;7,2;2,5;
2024/02/01;0100 UTC;0;1003,8;1003,8;1003,2;;28;22,8;28,5;28;23,1;22,7;74;72;74;338;4,2;1,1;
2024/02/01;0200 UTC;0;1003,3;1003,9;1003,3;;27;23;28;26,9;23,1;22,8;79;74;79;327;3;1,6;
2024/02/01;0300 UTC;0;1003,1;1003,4;1003,1;;26,5;22,8;27;26,5;23;22,8;81;78;80;345;3;1,3;
2024/02/01;0400 UTC;0;1002,8;1003,2;1002,8;;26,3;22,9;26,6;26,3;22,9;22,8;82;80;82;341;3,5;1,3;
2024/02/01;0500 UTC;0;1002,7;1002,9;1002,7;;26,1;23,3;26,3;26;23,3;22,9;85;82;85;318;2,9;,9;
2024/02/01;0600 UTC;0;1002,6;1002,8;1002,5;;25,9;23,5;26,2;25,9;23,5;23,1;87;83;87;328;2,6;,4;
2024/02/01;0700 UTC;0;1002,4;1002,6;1002,4;;25,9;23,8;26,1;25,8;23,9;23,5;88;87;88;341;1,4;0;
2024/02/01;0800 UTC;0;1002,8;1002,8;1002,4;;25,9;23,9;25,9;25,7;24;23,7;90;88;89;261;,7;,1;
2024/02/01;0900 UTC;0;1003,5;1003,5;1002,8;5,7;26;23,9;26;25,8;24,1;23,9;89;89;89;121;1,1;,2;
2024/02/01;1000 UTC;0;1004,2;1004,2;1003,5;134,3;26,5;23,4;26,5;26;24;23,4;89;83;83;61;1,8;,8;
2024/02/01;1100 UTC;0;1004,5;1004,5;1004,2;694,6;28,1;23,2;28,2;26,5;23,8;23,2;84;75;75;20;4,3;2,4;
2024/02/01;1200 UTC;0;1005;1005;1004,4;1066,4;29,5;22,6;29,5;28;23,6;22,2;76;65;66;97;4,7;2;
2024/02/01;1300 UTC;0;1004,5;1005;1004,5;1746,6;31,1;21,9;31,7;29,5;23;21,5;67;56;58;75;4,7;2,5;
2024/02/01;1400 UTC;0;1003,9;1004,5;1003,9;2068;32,6;21,3;33,5;30,8;22,4;20,9;60;49;51;81;5,5;2,4;
2024/02/01;1500 UTC;0;1002,7;1004;1002,7;2015;32,7;21;33,8;32,7;21,7;20,5;51;46;50;54;7;2;
2024/02/01;1600 UTC;0;1001,6;1002,7;1001,6;1887,4;34,2;20,9;34,5;32,6;22,5;20,3;53;44;46;116;5,3;1,2;
2024/02/01;1700 UTC;0;1000,7;1001,6;1000,7;1065,4;33,6;21,4;34,4;33,4;21,7;20,4;49;45;49;119;4,1;1,1;
2024/02/01;1800 UTC;0;999,7;1000,7;999,7;1010,3;33,7;21,8;34,5;33,3;22,9;21,5;54;48;50;184;4;1,7;
2024/02/01;1900 UTC;0;999,6;999,8;999,6;746,5;33,3;21,7;33,8;33,3;22,2;21,3;52;49;51;166;3,9;1,3;
2024/02/01;2000 UTC;0;1000;1000;999,5;359,3;32,5;22,7;33,3;32,5;22,7;21,5;57;50;57;203;3,3;1,3;
2024/02/01;2100 UTC;0;1000,3;1000,4;1000;53,9;31,2;23;32,5;31,2;23,1;22,4;62;56;62;213;3,7;1,1;
2024/02/01;2200 UTC;0;1000,9;1000,9;1000,3;;30,5;23,5;31,2;30,5;23,5;22,8;66;61;66;237;2,9;,7;
2024/02/01;2300 UTC;0;1001,7;1001,7;1000,9;;29;24,3;30,5;29;24,5;23,5;76;66;76;276;1,9;,3;
2024/02/02;0000 UTC;0;1002;1002;1001,7;;28,1;24,2;29,1;28,1;24,7;24,1;80;75;79;320;1,4;,2;
2024/02/02;0100 UTC;0;1002,8;1002,8;1002;;28,3;24;28,3;27,9;24,7;24;82;78;78;352;4,2;1,8;
2024/02/02;0200 UTC;0;1003,1;1003,2;1002,8;;27,9;23,2;28,4;27,9;24,1;23,2;78;76;76;318;4,5;2;
2024/02/02;0300 UTC;0;1002,6;1003,1;1002,6;;27;23;27,8;27;23,2;23;79;75;79;337;4,7;1,6;
2024/02/02;0400 UTC;0;1002,1;1002,6;1002,1;;26,7;22,9;27;26,7;23;22,9;80;79;80;326;3,5;1,4;
2024/02/02;0500 UTC;0;1001,8;1002,1;1001,8;;26,3;23;26,7;26,3;23,1;22,9;82;80;82;280;3;,5;
2024/02/02;0600 UTC;0;1001,9;1001,9;1001,5;;26,3;23,1;26,3;26,1;23,2;22,9;84;82;83;144;4;1,6;
2024/02/02;0700 UTC;0;1002;1002;1001,7;;26;23,2;26,3;26;23,2;23;85;82;85;295;5,7;,2;
2024/02/02;0800 UTC;0;1002,3;1002,3;1002;;25,5;23,4;26;25,5;23,4;23,2;88;85;88;245;1,5;,2;
2024/02/02;0900 UTC;0;1003,1;1003,1;1002,3;7,9;26;23,7;26;25,5;23,7;23,5;89;87;87;158;1,6;0;
2024/02/02;1000 UTC;0;1003,8;1003,9;1003,1;116,8;26,6;23,6;26,6;26;23,7;23,3;87;83;84;11;2,1;,3;
2024/02/02;1100 UTC;0;1004,5;1004,6;1003,8;313,4;27,3;23,3;27,3;26,6;23,5;23,1;83;78;79;18;1,6;,5;
2024/02/02;1200 UTC;,6;1004,4;1004,7;1004,4;424,1;27,3;24,4;27,9;27,3;24,8;23,1;85;76;84;276;2,6;,4;
2024/02/02;1300 UTC;0;1004,3;1004,7;1004,3;1452;29,1;23,2;29,7;27,3;24,9;22,7;86;68;71;250;2,6;,7;
2024/02/02;1400 UTC;0;1004;1004,4;1004;1737,1;31,1;22,9;31,1;28,9;23,7;22,3;72;61;62;337;3,1;1,3;
2024/02/02;1500 UTC;0;1003,4;1004,1;1003,3;1286,9;30,6;23,4;31,9;30,3;23,9;21,9;68;58;66;187;4,3;1,5;
2024/02/02;1600 UTC;0;1002,7;1003,4;1002,7;530,5;29,6;22,1;30,7;29,5;23,7;21,7;68;62;64;118;3,9;1,3;
2024/02/02;1700 UTC;0;1001,8;1002,7;1001,8;286,1;29,4;22,1;29,6;29,4;22,3;21,7;65;63;65;159;2,5;,4;
2024/02/02;1800 UTC;0;1001;1001,8;1001;272,7;29,5;22,2;29,6;29,3;22,9;21,9;68;64;65;151;1,9;,4;
2024/02/02;1900 UTC;0;1000,2;1001;1000,2;352,5;29,9;21,4;30,1;29,5;22,5;20,9;66;59;60;263;2;0;
2024/02/02;2000 UTC;0;1000,6;1000,6;1000,2;368,4;29,9;21,6;30,4;29,9;22,1;20,6;63;57;61;312;1,2;,5;
2024/02/02;2100 UTC;0;1001,1;1001,1;1000,6;54,9;27,9;22,9;30;27,9;23,1;21,8;74;61;74;215;1,7;,3;
2024/02/02;2200 UTC;0;1001,5;1001,5;1001,1;;27,7;23,1;27,9;27,1;23,1;22,4;77;73;76;200;2,8;1;
2024/02/02;2300 UTC;0;1002,3;1002,3;1001,5;;27,1;23,5;27,8;27;23,5;23;81;76;81;199;2,9;1,3;
2024/02/03;0000 UTC;0;1002,6;1002,6;1002,3;;26,2;23,3;27,2;26,2;23,6;23,3;84;80;84;217;2,4;,6;
2024/02/03;0100 UTC;0;1003,4;1003,4;1002,7;;26;23,8;26,1;25,7;24;23,3;89;85;88;289;2,2;,7;
2024/02/03;0200 UTC;0;1003,5;1003,8;1003,4;;25,7;23,4;26;25,7;23,8;23,4;88;87;87;324;3,2;1,2;
2024/02/03;0300 UTC;0;1003;1003,5;1003;;25,1;23,1;25,7;25,1;23,4;23;88;87;88;306;3,3;,4;
2024/02/03;0400 UTC;0;1003,1;1003,2;1002,9;;24,7;22,6;25,1;24,6;23,1;22,4;89;87;88;336;3,5;,7;
2024/02/03;0500 UTC;0;1002,6;1003,3;1002,6;;25;23,2;25;24,6;23,2;22,4;90;88;89;311;2;0;
2024/02/03;0600 UTC;0;1002,7;1002,7;1002,4;;24,9;23,2;25,1;24,9;23,2;23,1;90;89;90;314;1,4;0;
2024/02/03;0700 UTC;0;1003,2;1003,2;1002,7;;24,9;23,1;25;24,8;23,2;23;91;89;90;231;2,3;,4;
2024/02/03;0800 UTC;0;1003,6;1003,6;1003,2;;24,8;22,9;25;24,8;23,1;22,8;90;88;89;215;1,7;,2;
2024/02/03;0900 UTC;0;1003,7;1003,7;1003,6;14,1;24,7;23,2;24,8;24,5;23,2;22,8;91;89;91;174;1;,2;
2024/02/03;1000 UTC;0;1004,4;1004,4;1003,7;301,9;25,7;22;25,8;24,7;23,4;22;91;80;80;311;1,1;,4;
2024/02/03;1100 UTC;0;1004,9;1004,9;1004,4;604,7;26,9;22,3;26,9;25,7;22,3;21,6;80;74;76;313;2,3;,9;
2024/02/03;1200 UTC;0;1005,3;1005,3;1004,9;1037,6;28,4;22,5;28,4;26,9;22,9;22;76;70;70;280;3,1;,8;
2024/02/03;1300 UTC;0;1004,9;1005,3;1004,9;1390;29,8;22,7;29,8;28,3;22,8;22,1;71;64;66;9;3;,7;
2024/02/03;1400 UTC;0;1004,6;1004,9;1004,5;1532,3;31,8;22,4;31,8;29,8;22,9;22,2;65;57;58;129;3,8;1,7;
2024/02/03;1500 UTC;0;1004;1004,7;1003,9;2179,2;29,3;21,5;32,8;29,3;22,5;21,2;63;52;63;3;5,8;2,9;
2024/02/03;1600 UTC;0;1002,7;1004;1002,7;1327,7;30,4;22,4;30,8;29;23;21,1;67;61;62;326;5,6;2,2;
2024/02/03;1700 UTC;1,4;1002,1;1002,7;1002,1;653,7;28,5;25,9;30,7;28,2;25,9;22,2;86;62;86;268;5,7;,9;
2024/02/03;1800 UTC;,2;1001;1002,1;1001;617,9;29,2;24,6;29,4;28,1;26;24,5;86;75;76;281;2,5;,5;
2024/02/03;1900 UTC;0;1000,7;1001;1000,6;631,7;30,2;24,3;30,2;29,2;25,7;24;78;70;71;342;1,5;,7;
2024/02/03;2000 UTC;0;1001,1;1001,1;1000,6;405,6;30,4;23,1;30,8;30,2;24,8;22,7;72;63;65;197;3,4;1,1;
2024/02/03;2100 UTC;0;1001,7;1001,8;1001;111;28,6;22,1;30,4;28,6;22,9;21,7;68;63;68;189;4,3;,6;
2024/02/03;2200 UTC;0;1002,1;1002,1;1001,6;;27,4;22,8;28,6;27,4;23,2;22;77;68;76;225;2,1;,3;
2024/02/03;2300 UTC;0;1003;1003;1002,1;;26,8;24;27,4;26,7;24,1;22,8;85;76;85;184;1,4;,3;
2024/02/04;0000 UTC;0;1003,9;1003,9;1003;;26,2;24,1;26,8;26;24,3;23,9;89;85;89;135;1,3;,2;
2024/02/04;0100 UTC;0;1004,3;1004,3;1003,9;;26,1;24,4;26,2;25,9;24,4;24;90;89;90;354;2,9;1,6;
2024/02/04;0200 UTC;0;1003,7;1004,4;1003,7;;25,9;23,9;26,1;25,8;24,4;23,8;90;88;89;329;3;,1;
2024/02/04;0300 UTC;0;1003,1;1003,7;1003,1;;25,5;23,9;25,9;25,5;24,1;23,9;91;89;91;349;1,1;,6;
2024/02/04;0400 UTC;0;1002,8;1003,1;1002,8;;25,8;24;25,8;25,4;24,4;23,9;92;90;90;27;3,2;1,9;
2024/02/04;0500 UTC;0;1002,1;1002,8;1002;;24;21;25,8;24;23,9;19,4;90;74;83;338;7,5;1,4;
2024/02/04;0600 UTC;0;1002,2;1002,3;1002,1;;23,9;21;24;23,8;21;20,7;84;82;84;339;3,3;,9;
2024/02/04;0700 UTC;0;1002,1;1002,2;1002;;23,6;21,6;23,9;23,6;21,8;21;89;84;88;81;1,6;,4;
2024/02/04;0800 UTC;0;1002,3;1002,3;1002,1;;23,6;21,8;23,7;23,5;21,8;21,3;89;87;89;118;1,5;,3;
2024/02/04;0900 UTC;0;1002,8;1002,8;1002,3;4,3;23,8;21,9;23,8;23,6;22,1;21,8;90;89;89;98;1,1;,2;
2024/02/04;1000 UTC;0;1003,6;1003,6;1002,7;148,2;24,4;21,9;24,5;23,8;22,5;21,9;90;86;86;110;1,1;0;
2024/02/04;1100 UTC;0;1004,3;1004,3;1003,6;500,9;25,7;20,9;25,7;24,4;22,4;20,6;87;75;75;87;2,1;1;
2024/02/04;1200 UTC;0;1004,6;1004,6;1004,3;991,6;28;22,1;28,1;25,7;22,9;21;77;69;70;107;4,4;2,1;
2024/02/04;1300 UTC;0;1004,2;1004,7;1004,2;2118,2;31;22,2;31;28;22,7;22,1;71;59;60;172;4,8;2,2;
2024/02/04;1400 UTC;0;1003,4;1004,2;1003,4;2226,4;31,8;22,4;32,4;30,4;23,2;22;63;55;58;176;6,5;1,9;
2024/02/04;1500 UTC;,8;1002,4;1003,4;1002,4;931,8;30,6;25,7;31,9;30;26;22,4;77;58;75;347;4,1;,4;
2024/02/04;1600 UTC;0;1001,3;1002,4;1001,3;1574,4;33,2;21,6;33,3;29,7;26,2;21,6;81;51;51;112;4,6;1,6;
2024/02/04;1700 UTC;0;1000,3;1001,3;1000,3;1685,2;35;21,5;35,1;32,8;22,8;21;53;46;46;149;5;1,8;
2024/02/04;1800 UTC;0;999,4;1000,3;999,4;1806,4;35,4;21,8;35,8;34,2;22,5;21,2;49;45;45;165;5,9;2,3;
2024/02/04;1900 UTC;0;999,3;999,6;999,2;1327,4;33,1;22,3;35,4;33;22,8;21,8;53;45;53;153;6,7;2,4;
2024/02/04;2000 UTC;0;999,5;999,6;999,3;432,9;31,8;22,1;33,1;31,8;22,3;21,5;56;52;56;174;6;1,5;
2024/02/04;2100 UTC;0;1000;1000;999,5;111,8;30,5;23,3;31,8;30,5;23,3;22;65;56;65;206;4,2;,7;
2024/02/04;2200 UTC;0;1000,7;1000,7;1000;;29,5;23,5;30,5;29,3;23,5;23,2;71;65;71;201;2,6;1;
2024/02/04;2300 UTC;0;1000,9;1000,9;1000,6;;28,1;24,1;29,4;28,1;24,1;23,5;79;71;79;242;2,4;0;
2024/02/05;0000 UTC;0;1001,3;1001,3;1000,9;;27,4;25,2;28,1;27,4;25,3;24,2;88;79;88;3;1,8;,6;
2024/02/05;0100 UTC;0;1001,8;1001,8;1001,3;;27,5;25,5;27,6;27,3;25,5;24,9;89;86;89;219;1,7;,1;
2024/02/05;0200 UTC;0;1002;1002,1;1001,8;;26,8;24,6;27,5;26,7;25,6;24,6;91;88;88;360;3,8;2,1;
2024/02/05;0300 UTC;0;1001,8;1002;1001,8;;26,4;24;26,8;26,4;24,5;23,8;88;84;87;267;3,9;,1;
2024/02/05;0400 UTC;0;1001,3;1001,9;1001,3;;25,7;23,9;26,4;25,6;24,2;23,8;90;87;90;309;1,3;,4;
2024/02/05;0500 UTC;0;1001,1;1001,3;1001;;25,8;23,7;25,9;25,6;24;23,6;90;88;88;269;2;,4;
2024/02/05;0600 UTC;0;1001,4;1001,4;1001,1;;25,2;23,6;25,8;25,2;23,7;23,4;91;88;91;247;1,1;,2;
2024/02/05;0700 UTC;,2;1001,4;1001,5;1001,3;;24,7;23,3;25,2;24,7;23,6;23,3;92;91;92;221;,8;,1;
2024/02/05;0800 UTC;0;1001,7;1001,7;1001,4;;24,5;23,2;24,7;24,4;23,4;23,1;93;92;93;223;1;0;
2024/02/05;0900 UTC;0;1002,5;1002,5;1001,7;16,1;24,3;23;24,6;24,2;23,3;23;93;92;93;86;,9;,1;
2024/02/05;1000 UTC;0;1003,2;1003,2;1002,5;353,5;26,2;23,4;26,2;24,2;24,3;23;93;85;85;47;1,3;,8;
2024/02/05;1100 UTC;0;1003,9;1003,9;1003,2;981,8;28,2;22,6;28,3;26,1;23,5;22,1;85;71;72;25;2,9;1,1;
2024/02/05;1200 UTC;0;1004,1;1004,2;1003,8;1594,7;30,3;23;30,4;27,7;23,3;22,4;74;64;65;23;4,4;1,7;
2024/02/05;1300 UTC;0;1003,7;1004,1;1003,7;2087,6;32,1;22,8;32,4;30,3;23,5;21,9;65;55;58;141;4,4;1,5;
2024/02/05;1400 UTC;0;1003;1003,7;1003;1266,4;33,1;22,3;33,1;31,1;23,1;22;61;53;53;95;4;1,7;
2024/02/05;1500 UTC;0;1002;1003;1002;2422,1;34,4;21,9;34,6;33,1;22,3;21,2;53;46;48;141;5,3;2;
2024/02/05;1600 UTC;0;1001;1002;1001;1964,4;34,6;21,2;35,8;33,6;22,2;20;50;40;46;127;5,5;2,2;
2024/02/05;1700 UTC;0;1000,1;1001;1000,1;1731,4;35,7;19,1;36,7;34,6;21,5;18,4;47;35;38;77;5,5;2,9;
2024/02/05;1800 UTC;0;999,2;1000,1;999,1;1851,6;36,6;18,4;37,4;35,7;19,4;17,6;38;32;34;109;5,9;2,2;
2024/02/05;1900 UTC;0;998,8;999,2;998,7;1173;36,4;18,8;37,4;35,9;19,3;18,2;37;33;36;126;5,6;1,6;
2024/02/05;2000 UTC;0;998,8;998,8;998,6;815,7;36,2;19,2;37,2;36,2;19,5;18,2;37;33;37;173;7,1;1,2;
2024/02/05;2100 UTC;0;999,6;999,6;998,8;183,7;33,4;20,1;36,2;33,4;20,2;19;46;37;46;176;3,5;,4;
2024/02/05;2200 UTC;0;1000,3;1000,3;999,6;;32,5;21,3;33,4;32,4;21,3;19,9;52;45;52;200;3,5;1,3;
2024/02/05;2300 UTC;0;1001;1001;1000,3;;30,9;22;32,5;30,9;22,1;21,3;59;52;59;200;3,3;1;
2024/02/06;0000 UTC;0;1002,5;1002,5;1001;;29,9;22,4;31;29,1;22,9;21,8;68;58;64;340;4,9;2,5;
2024/02/06;0100 UTC;0;1003,4;1003,5;1002,5;;27,3;20,7;30,4;27,3;22,4;20,5;67;62;67;325;11,7;1,9;
2024/02/06;0200 UTC;0;1003,1;1003,4;1003,1;;26,4;20,7;27,3;26,3;20,9;20,7;71;67;71;311;4,1;1,2;
2024/02/06;0300 UTC;0;1003,1;1003,4;1003;;25,9;21,7;26,4;25,9;21,7;20,7;78;71;78;270;2,7;,4;
2024/02/06;0400 UTC;0;1002,8;1003,1;1002,8;;25,2;21,3;25,9;25,2;21,8;21,3;79;77;79;276;2,3;,4;
2024/02/06;0500 UTC;0;1002,4;1002,8;1002,3;;24,6;21,7;25,2;24,6;21,8;21,3;84;79;84;242;1,9;0;
2024/02/06;0600 UTC;0;1002,6;1002,6;1002,3;;24,2;21,8;24,6;24,2;22;21,7;87;84;87;118;,5;0;
2024/02/06;0700 UTC;0;1002,9;1002,9;1002,6;;24,4;22,2;24,7;24,1;22,6;21,7;88;87;87;75;1,8;0;
2024/02/06;0800 UTC;0;1003,2;1003,2;1002,9;;24;22,3;24,5;24;22,5;22,2;90;87;90;120;1;,1;
2024/02/06;0900 UTC;0;1004;1004;1003,2;12;24,6;23;24,6;24;23;22,3;91;90;91;84;1,1;0;
2024/02/06;1000 UTC;0;1004,8;1004,8;1004;352,7;26,5;21,6;26,5;24,6;23,5;21,6;91;74;74;177;1,9;,6;
2024/02/06;1100 UTC;0;1005,6;1005,6;1004,8;952,6;29,1;22;29,1;26,5;22,6;21,3;75;66;66;65;2,5;1,1;
2024/02/06;1200 UTC;0;1005,9;1006;1005,6;1331,1;30,6;21,7;31;28,8;22,3;21,3;67;57;59;110;5,1;2,6;
2024/02/06;1300 UTC;0;1005,3;1005,9;1005,3;1820,9;32,5;21,3;32,5;30,5;22,2;20,8;60;50;52;139;6,1;2,1;
2024/02/06;1400 UTC;0;1004,9;1005,4;1004,9;2164,8;33,1;20,4;33,9;32,4;21,1;19,7;52;44;47;103;6,4;1,8;
2024/02/06;1500 UTC;0;1004,2;1004,9;1004,2;2219,8;34,6;19,6;35;33;20,8;19;48;40;41;93;7,1;3,4;
2024/02/06;1600 UTC;0;1003,5;1004,2;1003,4;1489,7;34,5;19,8;34,9;33,6;20,2;19,1;44;41;42;59;7,5;2,9;
2024/02/06;1700 UTC;0;1002,4;1003,5;1002,4;1853,6;35,5;19,4;35,7;34;20,5;19,2;45;39;39;86;5,9;2,2;
2024/02/06;1800 UTC;0;1001,5;1002,4;1001,4;1813,8;36,4;19,7;36,5;35,5;19,8;18,9;40;36;38;127;5,3;2,2;
2024/02/06;1900 UTC;0;1000,8;1001,5;1000,8;1397,4;36;19,4;36,6;35,9;19,6;18,8;38;36;38;112;5;1,5;
2024/02/06;2000 UTC;0;1000,8;1000,8;1000,8;560,3;34,6;19,9;36;34,6;20,3;19;42;37;42;167;5,1;1,3;
2024/02/06;2100 UTC;0;1001;1001;1000,8;115,7;32,5;20,4;34,6;32,5;20,4;19,7;49;42;49;169;3,9;,3;
2024/02/06;2200 UTC;0;1001,4;1001,4;1001;;31,2;22,4;32,5;31;22,4;20,4;60;49;60;199;3,1;1;
2024/02/06;2300 UTC;0;1002,3;1002,3;1001,4;;29,9;22,3;31,2;29,9;22,6;22,3;64;60;64;217;3;,5;
2024/02/07;0000 UTC;0;1003,4;1003,4;1002,3;;29,3;22,7;30;28,7;23,1;22;71;62;68;12;6,1;3,1;
2024/02/07;0100 UTC;0;1003,9;1003,9;1003,1;;29;22,1;29,5;29;22,7;22,1;68;66;66;341;6,2;2;
2024/02/07;0200 UTC;0;1003,6;1003,9;1003,6;;28;22,3;29;28;22,3;22,1;71;66;71;340;3,6;1,3;
2024/02/07;0300 UTC;0;1003,1;1003,6;1003,1;;26,5;22,7;28;26,5;22,7;22,3;80;71;80;310;2,4;0;
2024/02/07;0400 UTC;0;1002,5;1003,1;1002,5;;26,3;22,8;26,5;26,2;22,8;22,6;81;79;81;271;2,3;,4;
2024/02/07;0500 UTC;0;1002,4;1002,5;1002,3;;26,3;23;26,3;26,2;23;22,7;82;81;82;275;1,9;,6;
2024/02/07;0600 UTC;0;1002,2;1002,4;1002,2;;25,5;22,8;26,3;25,5;23;22,6;85;82;85;314;1,8;,1;
2024/02/07;0700 UTC;0;1002,2;1002,4;1002,2;;25,2;22,9;25,5;25,2;23;22,7;87;85;87;27;1,2;0;
2024/02/07;0800 UTC;0;1002,4;1002,4;1002,2;;24,5;22,7;25,2;24,5;23;22,6;90;87;90;26;,8;0;
2024/02/07;0900 UTC;0;1002,9;1002,9;1002,4;10,3;24,4;22,8;24,5;24,3;22,8;22,6;91;90;91;133;0;0;
2024/02/07;1000 UTC;0;1003,5;1003,5;1002,9;200,1;25,5;22,4;25,5;24,4;23,3;22,4;91;83;83;92;1,4;,7;
2024/02/07;1100 UTC;0;1004,1;1004,1;1003,5;911,8;28,5;22,1;28,6;25,5;22,6;21,3;83;66;68;48;3,2;1,5;
2024/02/07;1200 UTC;0;1004,5;1004,6;1004,1;1171,9;30,7;21,6;30,7;28,4;22,4;21,2;69;58;58;90;4,6;2,4;
2024/02/07;1300 UTC;0;1004,5;1004,6;1004,4;2134,4;32,6;20,7;33,3;30,7;21,9;20,4;59;47;49;110;6,1;2,2;
2024/02/07;1400 UTC;0;1003,9;1004,5;1003,9;2271,5;34;19,8;34,2;32;21,5;19,6;53;42;43;84;6,3;2,1;
2024/02/07;1500 UTC;0;1003,2;1003,9;1003,2;2000,5;34,7;19;35,1;33,2;20,4;18,9;46;40;40;96;6,7;2,4;
2024/02/07;1600 UTC;0;1002,2;1003,2;1002,2;1633,7;34,4;19,5;35,3;34,2;19,6;18,6;42;38;42;85;6,1;1,2;
2024/02/07;1700 UTC;0;1001;1002,2;1001;1519,7;34,8;19;35,8;34,4;19,7;18,3;42;36;39;18;4,2;1,5;
2024/02/07;1800 UTC;0;1000,1;1001;1000,1;1819,1;37,3;18,3;37,3;34,9;19;17,7;39;32;33;99;4,5;1,9;
2024/02/07;1900 UTC;0;999,9;1000,2;999,8;948;35,4;18,9;37,4;35,4;19,8;17,8;40;32;38;249;4,5;1;
2024/02/07;2000 UTC;0;1000;1000;999,8;389,2;33,8;20,6;36,1;33,8;20,9;18,8;46;37;46;182;4,3;1,1;
2024/02/07;2100 UTC;0;1000,6;1000,6;1000;85,5;32,7;21,3;33,8;32,7;21,4;20,6;51;46;51;217;5;2,3;
2024/02/07;2200 UTC;0;1000,8;1000,9;1000,6;;30,5;22,1;32,7;30,5;22,4;21,3;61;51;61;271;4,8;,1;
2024/02/07;2300 UTC;0;1001,7;1001,8;1000,8;;29,8;21,3;30,5;28,9;22,8;21,3;69;60;60;9;5,1;2,1;
2024/02/08;0000 UTC;0;1002,7;1002,7;1001,7;;28,6;21,5;29,9;28,6;21,7;20,9;66;59;66;11;4,2;1,2;
2024/02/08;0100 UTC;0;1003,2;1003,5;1002,7;;27,7;21,7;28,8;27,7;21,7;21,5;70;65;70;21;6,5;2,5;
2024/02/08;0200 UTC;0;1003,4;1003,6;1003,2;;27,3;22,3;27,7;27,3;22,3;21,7;74;70;74;360;4,6;1,4;
2024/02/08;0300 UTC;0;1003;1003,4;1003;;27,2;22,5;27,3;26,9;22,6;22,3;77;74;76;345;3,5;1,4;
2024/02/08;0400 UTC;0;1002,1;1003;1002,1;;26,9;22,7;27,3;26,9;22,7;22,5;78;75;78;13;3,2;1,8;
2024/02/08;0500 UTC;0;1001,7;1002,2;1001,7;;26,7;23;26,9;26,5;23;22,7;81;78;80;339;3,7;2,1;
2024/02/08;0600 UTC;0;1001,2;1001,7;1001,2;;25,9;23,2;26,7;25,9;23,2;23;85;80;85;17;3,7;,1;
2024/02/08;0700 UTC;0;1001,5;1001,5;1001,2;;25,4;23,2;25,9;25,3;23,3;23,1;88;85;88;357;1,5;,1;
2024/02/08;0800 UTC;0;1002;1002;1001,5;;25,3;23,4;25,4;25,3;23,4;23,2;89;88;89;57;,7;,1;
2024/02/08;0900 UTC;0;1002,4;1002,4;1002;14,6;25,6;23,8;25,6;25,2;23,8;23,2;90;89;90;26;,7;0;
2024/02/08;1000 UTC;0;1003,4;1003,4;1002,4;273,3;26,8;22,9;26,8;25,6;23,9;22,9;90;79;79;58;2,8;1,2;
2024/02/08;1100 UTC;0;1004,1;1004,2;1003,4;814,2;28,8;22,3;28,8;26,7;22,8;22;79;67;68;53;4,2;1,9;
2024/02/08;1200 UTC;0;1004,3;1004,4;1004,1;1475,3;31,4;21,1;31,6;28,8;22,3;21;68;54;55;57;6,8;3,4;
2024/02/08;1300 UTC;0;1004,1;1004,5;1004;1800,1;32,5;20,2;32,6;31,3;21,2;19,9;55;48;48;51;10,1;4,8;
2024/02/08;1400 UTC;0;1003,9;1004,2;1003,9;1542,7;32,7;20,7;33,3;32;20,7;19,7;51;45;49;52;8,4;3,1;
2024/02/08;1500 UTC;0;1003;1003,9;1003;1899,8;33,5;20,3;34,6;32,7;20,6;19;49;40;46;54;7,2;3,3;
2024/02/08;1600 UTC;0;1001,7;1003;1001,7;2007,6;35,4;19,2;35,5;33,3;20,2;19,2;46;39;39;55;6,5;1,6;
2024/02/08;1700 UTC;0;1000,7;1001,7;1000,7;2057,4;35,1;19,7;36,5;34,5;20,3;19;43;37;41;52;6,3;1,9;
2024/02/08;1800 UTC;0;999,4;1000,7;999,4;1449,4;35,6;18,9;36,3;34;19,8;18,7;43;37;38;104;5,5;1,7;
2024/02/08;1900 UTC;0;999,1;999,4;999,1;1113,1;36,1;18,7;36,6;34,8;19,7;18,4;41;35;36;205;4,4;1,3;
2024/02/08;2000 UTC;0;999;999,1;998,9;726,4;35,5;19,2;36,6;35,3;19,7;18,6;40;35;38;66;3,3;1,3;
2024/02/08;2100 UTC;0;999,5;999,5;999;128,7;31,9;20,5;35,6;31,9;21,1;18,9;51;38;51;226;2,2;,2;
2024/02/08;2200 UTC;0;1000;1000;999,4;;31,5;21,4;31,9;31,5;21,4;20,3;55;50;55;202;3,1;,9;
2024/02/08;2300 UTC;0;1000,7;1000,7;1000;;31,2;21,7;32;31,2;21,7;21,2;57;53;57;267;4,3;,7;
2024/02/09;0000 UTC;0;1003;1003;1000,7;;28,7;22,5;31,2;28,7;22,6;21,8;69;57;69;3;8;3,7;
2024/02/09;0100 UTC;2;1004,7;1004,7;1003;;23,9;21,3;28,7;23,9;22,7;20,9;86;69;86;358;10,6;2,3;
2024/02/09;0200 UTC;6,8;1004,5;1004,7;1003,9;;23,6;22,2;24;23,6;22,5;21,4;92;86;92;252;4,9;,5;
2024/02/09;0300 UTC;1;1004;1004,6;1004;;24,3;23,1;24,4;23,5;23,1;22,1;93;92;93;230;4;0;
2024/02/09;0400 UTC;1,2;1003,3;1004;1003,3;;24,4;23,2;24,6;24,3;23,3;23,1;93;92;93;301;0;0;
2024/02/09;0500 UTC;,2;1002,6;1003,3;1002,6;;24,5;23,2;24,6;24,4;23,3;23,1;93;93;93;331;0;0;
2024/02/09;0600 UTC;0;1002,4;1002,7;1002,4;;24,4;23,2;24,6;24,4;23,4;23,2;93;93;93;327;0;0;
2024/02/09;0700 UTC;0;1002,2;1002,4;1002;;24,5;23,2;24,6;24,4;23,3;23,2;93;93;93;216;0;0;
2024/02/09;0800 UTC;0;1002,2;1002,3;1002,1;;24,6;23,4;24,6;24,4;23,4;23,2;93;93;93;169;0;0;
2024/02/09;0900 UTC;0;1003,2;1003,2;1002,2;13,2;24,5;23,4;24,6;24,4;23,4;23,2;93;93;93;208;0;0;
2024/02/09;1000 UTC;0;1004,1;1004,1;1003,2;159,4;25,4;24,2;25,5;24,5;24,3;23,4;93;93;93;164;0;0;
2024/02/09;1100 UTC;0;1005;1005;1004,1;490,6;26;23,6;26,2;25,4;24,3;23,5;93;86;86;261;0;0;
2024/02/09;1200 UTC;0;1005;1005,3;1005;1033,2;27,6;22,7;28;26;24,1;22,7;87;75;75;25;0;0;
2024/02/09;1300 UTC;0;1005,1;1005,2;1005;1930,9;29,7;22,7;30,1;27,4;23,7;22;77;64;66;351;0;0;
2024/02/09;1400 UTC;0;1004,9;1005,1;1004,8;1661,8;30,7;23,1;31;29,4;23,6;22;69;61;64;74;3,8;1,2;
2024/02/09;1500 UTC;0;1003,7;1004,9;1003,7;2071,7;31,8;22,7;32,1;30,6;23,4;22;64;56;59;39;4,6;2,3;
2024/02/09;1600 UTC;0;1002,6;1003,7;1002,6;1629,5;33,1;23,1;33,1;31,8;23,6;21,6;61;53;56;103;5,1;1,3;
2024/02/09;1700 UTC;0;1001,1;1002,6;1001,1;1512,9;33,3;21,8;33,8;32,3;22,9;21,4;56;49;51;58;3,9;1,1;
2024/02/09;1800 UTC;0;1000,2;1001,1;1000,1;1218,7;32,4;22,6;33,8;32,4;22,8;21,5;56;50;56;299;3,1;,9;
2024/02/09;1900 UTC;0;1000,1;1000,2;1000;751,2;32,1;24,1;32,5;32,1;24,3;22,5;63;56;63;186;4,4;1,8;
2024/02/09;2000 UTC;,2;1001,3;1001,4;1000,1;99,9;25,2;21,8;32,2;25,2;24,3;21,3;83;58;82;130;9,7;2,4;
2024/02/09;2100 UTC;,2;1002,3;1002,3;1000,8;28,2;25,3;22,2;25,4;25,1;22,7;21,2;86;79;83;95;5,4;1,8;
2024/02/09;2200 UTC;0;1002,7;1002,8;1002,3;;25,5;23,1;25,6;25,2;23,1;22;86;82;86;248;3,9;0;
2024/02/09;2300 UTC;,2;1004,2;1004,2;1002,5;;25,4;23;25,6;25,4;23,3;22,6;87;84;87;32;4,5;0;
2024/02/10;0000 UTC;,2;1005,1;1005,1;1004,2;;25,1;23,1;25,4;24,9;23,1;22,1;89;84;89;256;0;0;
2024/02/10;0100 UTC;0;1005,7;1005,8;1004,9;;24,8;23,1;25,1;24,8;23,3;23,1;90;89;90;302;0;0;
2024/02/10;0200 UTC;,4;1005,3;1005,7;1005,3;;24,4;22,8;24,8;24,4;23;22,6;91;89;91;317;0;0;
2024/02/10;0300 UTC;5,4;1005,9;1006,1;1005,3;;24,2;22,9;24,5;24,2;23;22,8;92;91;92;120;1,8;0;
2024/02/10;0400 UTC;2,8;1004,7;1005,9;1004,7;;23,6;22,2;24,3;23,6;23;22,2;93;92;92;171;0;0;
2024/02/10;0500 UTC;1,2;1004,1;1004,7;1003,9;;23,7;22,5;23,8;23,5;22,5;22,1;93;92;93;191;0;0;
2024/02/10;0600 UTC;1,4;1003,6;1004,1;1003,6;;23,7;22,5;23,9;23,7;22,7;22,4;93;93;93;171;0;0;
2024/02/10;0700 UTC;,6;1003;1003,6;1003;;23,5;22,3;23,8;23,5;22,7;22,3;93;93;93;109;0;0;
2024/02/10;0800 UTC;0;1003,5;1003,5;1003;;23,4;22,2;23,6;23,3;22,4;22,1;93;93;93;61;0;0;
2024/02/10;0900 UTC;0;1004,1;1004,1;1003,5;4,3;23,5;22,3;23,7;23,4;22,4;22,2;93;93;93;67;0;0;
2024/02/10;1000 UTC;0;1004,9;1004,9;1004,1;105,3;23,8;22,5;24;23,5;22,8;22,3;93;92;92;92;0;0;
2024/02/10;1100 UTC;0;1006;1006;1004,9;243,9;24,4;22,3;24,5;23,8;22,7;22;92;88;88;161;0;0;
2024/02/10;1200 UTC;0;1006,7;1006,7;1006;503,6;25;21,8;25;24,3;22,4;21,2;88;82;83;92;0;0;
2024/02/10;1300 UTC;0;1006,5;1006,7;1006,5;1019,3;26,2;21,7;26,5;24,9;22,3;21,2;83;76;76;163;0;0;
2024/02/10;1400 UTC;0;1006,2;1006,6;1006,2;783,7;27,1;22,3;27,2;26,2;22,8;21,6;78;75;75;137;0;0;
2024/02/10;1500 UTC;0;1005,4;1006,2;1005,4;1269;28,2;22,5;28,4;27,1;23,2;22,1;78;70;71;256;0;0;
2024/02/10;1600 UTC;0;1004;1005,4;1004;1558,3;29,7;22,3;30;28,2;23,1;22,1;73;65;65;147;0;0;
2024/02/10;1700 UTC;0;1002,6;1004;1002,6;1605,5;30,3;22,4;31,1;29,6;23,5;21,6;67;58;63;230;0;0;
2024/02/10;1800 UTC;0;1002;1002,6;1001,9;2018,8;32,3;22,7;32,3;30,3;23,8;21,2;66;54;57;346;0;0;
2024/02/10;1900 UTC;17,4;1003,5;1003,5;1001,9;624,6;24,2;22,8;32,3;24,2;23;21,7;92;54;92;11;12,6;5,7;
2024/02/10;2000 UTC;27,4;1003,9;1003,9;1003,5;110,9;23,3;22,2;24,2;23,1;22,8;22,1;94;92;94;23;12,6;3;
2024/02/10;2100 UTC;,8;1004,7;1004,7;1003,9;31,7;23,3;22,2;23,4;23,3;22,4;22,2;94;93;93;59;7;3;
2024/02/10;2200 UTC;1;1005,1;1005,2;1004,7;;23,2;21,9;23,3;23,1;22,2;21,8;93;92;92;93;6,7;1,7;
2024/02/10;2300 UTC;,2;1005,4;1005,4;1005,1;;23,2;21,8;23,2;23,1;21,9;21,7;93;92;92;87;3,8;,6;
2024/02/11;0000 UTC;,6;1006,1;1006,1;1005,4;;23,1;21,9;23,2;23,1;21,9;21,8;93;92;93;142;2,1;,3;
2024/02/11;0100 UTC;,8;1006,5;1006,5;1006,1;;23,1;21,9;23,2;23,1;22;21,8;93;93;93;152;1,9;,8;
2024/02/11;0200 UTC;,6;1006,7;1006,8;1006,5;;23;21,7;23,2;23;22;21,7;93;92;92;140;2,3;,6;
2024/02/11;0300 UTC;0;1006,2;1006,8;1006,2;;23;21,5;23,1;22,9;21,8;21,5;92;92;92;142;3,8;,7;
2024/02/11;0400 UTC;,2;1005,6;1006,2;1005,6;;23;21,7;23;22,9;21,7;21,5;93;92;93;201;2,2;0;
2024/02/11;0500 UTC;,2;1004,9;1005,6;1004,9;;22,9;21,6;23;22,8;21,7;21,6;93;92;93;183;2,4;,1;
2024/02/11;0600 UTC;,2;1004,5;1004,9;1004,5;;22,9;21,7;23;22,8;21,8;21,6;93;93;93;203;1,7;,1;
2024/02/11;0700 UTC;0;1004,5;1004,6;1004,5;;22,9;21,7;22,9;22,8;21,7;21,6;93;93;93;179;2,3;,2;
2024/02/11;0800 UTC;0;1004,7;1004,7;1004,5;1,7;22,9;21,6;23;22,9;21,8;21,6;93;93;93;168;3;,8;
2024/02/11;0900 UTC;,2;1004,7;1004,8;1004,7;13,3;22,9;21,6;22,9;22,8;21,7;21,6;93;93;93;145;3;1;
2024/02/11;1000 UTC;0;1005,1;1005,1;1004,7;210,9;23,3;21,9;23,3;22,9;21,9;21,6;93;92;92;170;3;0;
2024/02/11;1100 UTC;0;1005,5;1005,5;1005;517,8;23,8;21,3;24;23,3;22;21,3;92;86;86;187;3,6;1,1;
2024/02/11;1200 UTC;0;1005,9;1006;1005,4;651;24,9;21,4;24,9;23,8;21,8;21;87;81;81;146;4,4;1,9;
2024/02/11;1300 UTC;0;1005,8;1005,9;1005,7;1213,8;26,5;21,5;26,5;24,8;21,9;21;81;74;74;163;5,8;1,7;
2024/02/11;1400 UTC;0;1005,6;1005,8;1005,6;1474,4;28,4;22,9;28,4;26,4;22,9;21,4;76;70;72;146;4,7;1,5;
2024/02/11;1500 UTC;0;1004,8;1005,6;1004,8;1445,1;28,8;22,8;29,1;28;23,1;22,3;73;68;70;147;6,1;2,3;
2024/02/11;1600 UTC;0;1003,6;1004,8;1003,6;1407,3;29,5;22,7;29,6;28,7;23,3;22,5;71;66;67;145;6;2,1;
2024/02/11;1700 UTC;0;1002,4;1003,6;1002,4;1102,1;30,1;22,7;30,1;29,2;23,5;22,3;69;65;65;111;6;2,1;
2024/02/11;1800 UTC;0;1001,8;1002,4;1001,8;1144,1;30,7;22,4;30,9;30,1;23,7;22,3;68;61;61;131;5,7;2,6;
2024/02/11;1900 UTC;0;1001,3;1001,9;1001,3;802,4;30;23,6;31,3;30;24,1;22,4;70;61;69;182;5,4;1,1;
2024/02/11;2000 UTC;0;1001,2;1001,3;1001,1;390,8;29,8;23;30;29,7;23,6;23;69;67;67;182;4,3;1,3;
2024/02/11;2100 UTC;0;1001,4;1001,4;1001,2;80;28,8;22,9;29,8;28,8;23,3;22,6;71;67;71;159;3,6;,6;
2024/02/11;2200 UTC;0;1001,7;1001,7;1001,4;;27,8;24,2;28,8;27,8;24,4;22,9;81;71;81;193;2,5;,1;
2024/02/11;2300 UTC;0;1002,5;1002,5;1001,7;;27,2;24,2;27,9;27,2;24,8;23,8;84;81;84;159;1,8;,3;
2024/02/12;0000 UTC;0;1003,3;1003,3;1002,5;;27,7;23,2;27,7;27;24,3;22,8;84;75;76;184;3;,9;
2024/02/12;0100 UTC;0;1003,6;1003,7;1003,3;;27,1;23,7;27,7;27,1;23,7;23,2;82;76;82;213;3,3;,3;
2024/02/12;0200 UTC;0;1003,6;1003,8;1003,6;;26,3;23,8;27,1;26,3;24,2;23,5;87;81;86;231;2,4;,5;
2024/02/12;0300 UTC;0;1003,1;1003,6;1003,1;;25,8;23,9;26,4;25,8;24,1;23,8;89;86;89;240;1,4;0;
2024/02/12;0400 UTC;0;1002,3;1003,1;1002,3;;25,5;23,9;25,9;25,4;24,1;23,9;91;89;91;273;,6;0;
2024/02/12;0500 UTC;0;1001,9;1002,3;1001,9;;25,1;23,7;25,5;25;24;23,6;92;91;92;13;,4;0;
2024/02/12;0600 UTC;0;1001,8;1001,9;1001,7;;24,9;23,6;25,1;24,8;23,8;23,5;93;92;93;27;1,1;0;
2024/02/12;0700 UTC;0;1002;1002,1;1001,8;;24,9;23,6;24,9;24,7;23,7;23,5;93;93;93;274;,7;,1;
2024/02/12;0800 UTC;0;1002,5;1002,5;1002;;24,8;23,6;24,9;24,8;23,8;23,6;93;93;93;160;1,1;0;
2024/02/12;0900 UTC;0;1002,8;1002,8;1002,5;16,8;24,9;23,8;24,9;24,7;23,8;23,5;93;93;93;189;1,1;,1;
2024/02/12;1000 UTC;0;1003,3;1003,3;1002,8;381,8;26,2;24,2;26,3;24,9;24,8;23,8;93;88;88;152;1,6;,6;
2024/02/12;1100 UTC;0;1004,3;1004,3;1003,3;775,3;27,1;21,9;27,3;26;23,9;21,7;88;73;73;120;5,3;2,3;
2024/02/12;1200 UTC;0;1004,7;1004,7;1004,3;923,3;28,6;22,8;28,6;27,1;22,9;21,8;74;70;71;120;5,3;1,5;
2024/02/12;1300 UTC;0;1004,3;1004,7;1004,3;1455,3;30,1;23,5;30,1;28,6;23,5;22,3;71;64;68;87;4,5;1,6;
2024/02/12;1400 UTC;0;1004;1004,4;1004;1971,1;31;22,7;31,6;30,1;23,5;22,2;68;58;62;95;5,7;2,2;
2024/02/12;1500 UTC;0;1003,3;1004;1003,3;2061,6;31,8;22,2;33,1;31;23,5;21,4;64;52;57;126;6,3;2,5;
2024/02/12;1600 UTC;0;1002,1;1003,3;1002,1;1748,5;32,6;22;33;31,7;23,1;21,6;60;52;54;112;5,4;1,6;
2024/02/12;1700 UTC;0;1001,4;1002,1;1001,4;1539,1;32,9;21,9;33,8;32,1;23,3;21,6;58;50;53;127;5,3;2,1;
2024/02/12;1800 UTC;0;1000,4;1001,4;1000,4;1655,5;34;22,3;34;32,6;23,5;21,5;58;49;50;151;4,9;1,9;
2024/02/12;1900 UTC;0;999,9;1000,4;999,8;1064,1;33,3;21,7;34;32,9;22,5;20,8;53;48;51;151;5,1;1,5;
2024/02/12;2000 UTC;0;999,9;999,9;999,7;629,7;32,5;21,2;33,5;32,4;22,3;21;53;49;52;166;4,8;1,5;
2024/02/12;2100 UTC;0;1000,4;1000,4;999,9;150,5;31;21,8;32,9;31;22,4;21,1;58;50;58;196;4,4;,9;
2024/02/12;2200 UTC;0;1000,8;1000,8;1000,4;;28,9;22,9;31;28,9;22,9;21,3;70;57;70;198;2,3;,8;
2024/02/12;2300 UTC;0;1002,1;1002,1;1000,8;;28,6;22,7;28,9;28,3;23;22,2;73;68;71;210;2,2;1;
2024/02/13;0000 UTC;0;1002,6;1002,6;1002;;28,3;22,7;28,9;28,3;22,9;22,2;72;67;72;194;3,3;,4;
2024/02/13;0100 UTC;0;1003,2;1003,2;1002,6;;26,9;23,2;28,3;26,9;23,7;22,7;81;72;80;208;1,6;,4;
2024/02/13;0200 UTC;0;1003,9;1003,9;1003,2;;27;23,2;27;26,6;24,3;23,1;86;80;80;346;5,7;1,7;
2024/02/13;0300 UTC;0;1002,9;1003,9;1002,9;;26,1;22,6;27;26,1;23,2;22,5;81;80;81;302;4,1;,9;
2024/02/13;0400 UTC;0;1002,6;1002,9;1002,6;;25,3;22,7;26,1;25,3;22,7;22,4;86;81;86;360;3,3;1,1;
2024/02/13;0500 UTC;0;1002,7;1002,9;1002,5;;24,4;22,2;25,3;24,4;22,8;22,2;87;86;87;3;3,3;1,6;
2024/02/13;0600 UTC;0;1002,3;1002,7;1002,1;;24;21,9;24,4;24;22,2;21,8;89;87;88;197;3;,2;
2024/02/13;0700 UTC;0;1002,5;1002,6;1002,3;;24,1;22,4;24,2;24;22,5;22;90;88;90;15;1,3;,3;
2024/02/13;0800 UTC;0;1002,6;1002,6;1002,3;;24;22,5;24,1;23,9;22,6;22,4;92;90;92;199;,8;0;
2024/02/13;0900 UTC;0;1003,5;1003,5;1002,5;8,7;23,9;22,5;24,1;23,8;22,7;22,5;92;92;92;299;,8;,2;
2024/02/13;1000 UTC;0;1004,4;1004,4;1003,5;162,9;24,4;22;24,5;23,9;22,7;21,8;92;86;86;1;,9;,3;
2024/02/13;1100 UTC;0;1005,7;1005,7;1004,4;327,6;25;22,1;25,2;24,4;22,4;21,5;87;83;84;349;2,6;1,6;
2024/02/13;1200 UTC;0;1005,8;1005,9;1005,7;789,8;26,4;21,8;26,5;25;22,5;21,8;84;76;76;346;2,7;1;
2024/02/13;1300 UTC;0;1005,8;1005,9;1005,8;1826,6;29,3;22,2;29,7;26,3;23,1;21,6;77;65;66;348;3,8;,8;
2024/02/13;1400 UTC;0;1005,6;1005,8;1005,6;2112,2;30,8;22,7;30,8;29,2;23,6;22,2;69;62;62;337;4;2,1;
2024/02/13;1500 UTC;0;1004,7;1005,6;1004,7;2508,7;32,1;22,3;32,1;30,7;23,1;21,3;63;54;56;31;5,5;2,8;
2024/02/13;1600 UTC;0;1003,7;1004,8;1003,7;2066,7;32,3;21,7;32,6;31,7;22,6;21,3;58;52;54;46;6,9;1,9;
2024/02/13;1700 UTC;0;1002,7;1003,7;1002,7;1572,9;32,6;21,7;32,9;32,2;23;21,1;57;51;53;26;4;1;
2024/02/13;1800 UTC;0;1002,1;1002,7;1002,1;1111,1;32,1;22,8;32,7;31,8;23,4;21,7;61;53;58;356;4,5;1,7;
2024/02/13;1900 UTC;0;1001,8;1002,2;1001,8;724,9;30,9;23,4;32,2;30,9;23,7;22,5;64;58;64;360;5;2,8;
2024/02/13;2000 UTC;0;1003,3;1003,3;1001,8;261,9;28,5;23,6;30,9;28,5;24,6;23,3;77;64;75;222;5;1,8;
2024/02/13;2100 UTC;6,2;1003,7;1003,9;1003,3;9,2;25,9;24,4;28,5;25,8;24,4;23,4;92;74;92;337;5,6;1;
2024/02/13;2200 UTC;,2;1004;1004;1003,6;;25,5;24,1;25,9;25,5;24,4;24,1;92;91;92;139;3;,1;
2024/02/13;2300 UTC;0;1004,6;1004,6;1004;;25,3;24;25,6;25,3;24,3;24;93;92;93;307;,8;0;
2024/02/14;0000 UTC;0;1005;1005;1004,6;;25,4;24,2;25,4;25,2;24,2;23,9;93;93;93;340;1,4;,1;
2024/02/14;0100 UTC;0;1005,6;1005,6;1005;;25,6;24,4;25,7;25,4;24,5;24,2;93;93;93;135;1;,6;
2024/02/14;0200 UTC;0;1005,8;1005,8;1005,6;;25,4;24,2;25,6;25,3;24,4;24,2;93;93;93;203;1,2;,4;
2024/02/14;0300 UTC;1;1006,5;1007;1005,8;2,2;22,1;20,2;25,6;22,1;24,4;20,2;93;84;89;74;17;3;
2024/02/14;0400 UTC;,2;1006;1006,5;1006;0;22,2;20,7;22,2;22;20,8;20,2;92;89;91;115;6,5;2;
2024/02/14;0500 UTC;,2;1005,2;1006;1005,2;;22,6;21,3;22,6;22,2;21,3;20,6;93;91;93;211;4,5;,8;
2024/02/14;0600 UTC;,6;1005,2;1005,2;1005;;22,5;21,2;22,7;22,5;21,4;21,2;93;92;92;217;2,9;1,2;
2024/02/14;0700 UTC;0;1005,3;1005,3;1004,9;;22,6;21,2;22,6;22,4;21,3;21;93;92;92;333;3,5;,4;
2024/02/14;0800 UTC;,2;1005,2;1005,5;1005,2;;22,6;21,3;22,6;22,5;21,4;21,1;93;92;93;156;1,6;,2;
2024/02/14;0900 UTC;0;1005,2;1005,3;1005,1;,6;22,7;21,5;22,8;22,6;21,6;21,3;93;93;93;71;2,2;,4;
2024/02/14;1000 UTC;0;1006,4;1006,4;1005,2;40,5;23;21,8;23;22,7;21,8;21,5;93;93;93;191;2,3;,6;
2024/02/14;1100 UTC;,2;1007,1;1007,1;1006,4;202,8;23,7;22,4;23,7;23;22,4;21,8;93;92;92;36;3,3;,3;
2024/02/14;1200 UTC;0;1007,4;1007,4;1007,1;955,8;25,2;21,8;25,3;23,7;22,6;21,5;92;81;81;173;2,6;,9;
2024/02/14;1300 UTC;0;1006,9;1007,5;1006,9;1774,9;27,2;21;27,4;24,9;22,1;20,3;81;69;69;137;3,5;1,4;
2024/02/14;1400 UTC;0;1006,6;1006,9;1006,6;1927,8;28,8;22,4;29,1;27,1;23;20,6;71;64;68;134;4;1,7;
2024/02/14;1500 UTC;0;1005,8;1006,7;1005,8;1964,4;29,8;22,9;29,8;28,7;23,3;21,7;70;64;66;124;4,8;1,9;
2024/02/14;1600 UTC;0;1004,7;1005,8;1004,7;2926,4;31;21,9;31,8;29,7;23,4;21,5;67;57;59;102;4,4;2;
2024/02/14;1700 UTC;0;1003,6;1004,7;1003,6;2599,3;32;22,3;32,4;31;23,2;21,8;61;54;57;143;4,2;1,3;
2024/02/14;1800 UTC;0;1002,7;1003,6;1002,7;1993,5;32,4;23,1;33;32;23,2;21,4;59;52;58;182;4,8;2,1;
2024/02/14;1900 UTC;0;1002,5;1002,7;1002,3;1365,3;33;22,7;33;32,1;23,3;21,7;59;53;55;179;4,8;,9;
2024/02/14;2000 UTC;0;1002,6;1002,8;1002,5;823,3;32,3;22,3;33;32,3;23,2;21,9;58;53;56;114;3,5;1,4;
2024/02/14;2100 UTC;0;1003,2;1003,2;1002,6;184,1;30,3;24,4;32,3;30,1;24,5;22,1;71;55;71;124;3,5;,3;
2024/02/14;2200 UTC;0;1004,2;1004,2;1003,2;;27,2;22,1;30,2;27,2;25;22;78;71;74;60;9,1;2,3;
2024/02/14;2300 UTC;0;1004,6;1004,6;1004,2;;26;21,3;27,2;26;22,2;21,2;76;72;75;14;6,1;1,7;
2024/02/15;0000 UTC;0;1006,6;1006,6;1004,6;;25,8;21,7;26;25,8;21,7;20,5;78;72;78;27;12,8;5,5;
2024/02/15;0100 UTC;0;1007;1007,2;1006,6;;23,7;20,4;25,8;23,7;21,8;20,4;82;78;82;22;11,8;3,3;
2024/02/15;0200 UTC;0;1006,8;1007;1006,8;;23,5;20,2;23,7;23,4;20,3;20,1;82;81;82;347;9,2;1,8;
2024/02/15;0300 UTC;0;1005,7;1006,8;1005,7;;23,1;20;23,5;23,1;20,5;20;85;82;83;343;4,8;2,2;
2024/02/15;0400 UTC;0;1005,1;1005,8;1005,1;;22,6;19,8;23,1;22,6;20;19,6;84;82;84;351;4,4;,9;
2024/02/15;0500 UTC;0;1004,5;1005,1;1004,4;;22,5;20,1;22,7;22,5;20,2;19,7;87;84;86;268;2,1;,1;
2024/02/15;0600 UTC;0;1004,6;1004,7;1004,5;;22,1;20,2;22,5;22,1;20,5;20,1;89;86;89;184;,8;0;
2024/02/15;0700 UTC;0;1004,8;1004,8;1004,5;;22,6;20,3;22,6;22,1;20,3;20,1;89;87;87;185;2,1;,7;
2024/02/15;0800 UTC;0;1004,9;1005;1004,6;;22,8;21;22,8;22,6;21;20,4;89;87;89;165;2,5;0;
2024/02/15;0900 UTC;0;1005,6;1005,6;1004,9;15,6;23,1;21,2;23,1;22,8;21,2;21;90;89;89;137;1,8;0;
2024/02/15;1000 UTC;0;1006,4;1006,4;1005,6;424,5;24,6;20,6;24,6;23;21,2;20,3;89;78;78;128;3,5;1,7;
2024/02/15;1100 UTC;0;1006,7;1006,8;1006,3;962,2;27;21,6;27;24,6;21,6;20,3;78;72;73;123;3,9;1,2;
2024/02/15;1200 UTC;0;1006,6;1006,8;1006,5;1599,4;28,9;21,3;29;26,7;21,8;20,7;73;63;64;128;3,6;1,5;
2024/02/15;1300 UTC;0;1006,2;1006,6;1006,2;2202;30,6;21,8;30,8;28,7;22,5;20,9;66;59;59;139;4,1;1,3;
2024/02/15;1400 UTC;0;1005,5;1006,2;1005,4;2574,6;31,6;22,1;31,9;30,6;23,2;21,3;62;56;57;132;5,6;1,2;
2024/02/15;1500 UTC;0;1004,6;1005,5;1004,6;2741,2;32,8;23,1;33;31,4;23,2;20,9;61;51;57;96;4,6;1,6;
2024/02/15;1600 UTC;0;1003,6;1004,6;1003,6;2593,8;33,5;21,3;33,9;32,5;23,4;20,8;57;47;49;357;4,1;2,1;
2024/02/15;1700 UTC;0;1002,9;1003,6;1002,8;2534,7;34,1;21;34,9;33,5;22,7;20,8;52;45;47;19;6,1;1,7;
2024/02/15;1800 UTC;0;1001,9;1002,9;1001,9;1291,3;34;21,6;35,2;33,3;22,4;20,1;53;42;48;345;4,4;1,1;
2024/02/15;1900 UTC;0;1001,4;1001,9;1001,3;1400,8;33,9;21,8;34,8;33,9;22,6;20,4;51;44;49;224;4,5;1,5;
2024/02/15;2000 UTC;0;1001,7;1001,8;1001,4;573,7;29,5;22,8;33,9;29,5;23,5;21,8;67;50;67;192;5,5;2,2;
2024/02/15;2100 UTC;0;1002,5;1002,5;1001,7;55;29;22,7;29,7;28,9;22,9;21,6;70;62;69;308;5,5;,3;
2024/02/15;2200 UTC;,2;1004,3;1004,3;1002,5;;24,1;21,4;29;24,1;22,6;20,9;86;67;85;22;12,6;3;
2024/02/15;2300 UTC;3,4;1004,9;1005;1004,3;;23,9;22,2;24,1;23,7;22,2;21,4;91;85;91;347;6,6;1,4;
2024/02/16;0000 UTC;0;1006;1006;1004,9;;23,8;22,1;24,2;23,8;22,6;22;91;89;90;323;4;,6;
2024/02/16;0100 UTC;0;1005,6;1006,1;1005,5;;24,1;22,6;24,2;23,8;22,8;22,2;92;90;92;43;2;,6;
2024/02/16;0200 UTC;0;1005,4;1005,6;1005,4;;24,1;22,8;24,2;24;22,9;22,5;92;92;92;342;1,7;,2;
2024/02/16;0300 UTC;,6;1006;1006,1;1005,3;;24,1;22,7;24,4;24,1;23,1;22,7;93;92;92;113;3,5;1,6;
2024/02/16;0400 UTC;5;1004,8;1006;1004,8;;24,1;22,8;24,3;24;22,9;22,7;93;92;93;294;3,5;,1;
2024/02/16;0500 UTC;5,2;1005,5;1005,5;1004,8;;24;22,7;24,2;24;23,1;22,7;93;93;93;111;6,1;3,2;
2024/02/16;0600 UTC;18,4;1005,1;1005,6;1005,1;,3;23,2;22,2;23,9;23,2;22,7;22,2;94;93;94;117;7,4;1,7;
2024/02/16;0700 UTC;6,4;1005,5;1005,5;1005,1;,3;23,3;22,3;23,3;23,2;22,3;22,1;94;94;94;116;4,6;,2;
2024/02/16;0800 UTC;5,4;1005,5;1005,5;1005,4;;23,5;22,4;23,5;23,3;22,5;22,3;94;94;94;183;2,6;,4;
2024/02/16;0900 UTC;6,2;1005,6;1005,6;1005,4;1;23,3;22,2;23,5;23,2;22,4;22,1;94;94;94;194;3,3;,8;
2024/02/16;1000 UTC;2,6;1006,6;1006,6;1005,6;14,6;23,5;22,4;23,5;23,3;22,4;22,2;94;94;94;21;2;,2;
2024/02/16;1100 UTC;1,6;1007,1;1007,1;1006,6;59,2;23,7;22,6;23,7;23,4;22,7;22,4;94;94;94;290;,9;,1;
2024/02/16;1200 UTC;,4;1007;1007,2;1007;201,6;24,1;23;24,2;23,7;23,1;22,6;94;94;94;294;1,4;,1;
2024/02/16;1300 UTC;0;1006,8;1007;1006,8;448,2;24,8;23,4;24,8;24;23,4;22,9;94;91;92;278;1,7;,2;
2024/02/16;1400 UTC;0;1006,4;1006,9;1006,4;677,6;25,5;22,1;25,7;24,7;23,6;21,7;92;81;82;214;1,1;,1;
2024/02/16;1500 UTC;0;1005,8;1006,4;1005,8;783,3;26,4;22,9;26,4;25,4;22,9;21,7;82;79;81;27;2,1;,7;
2024/02/16;1600 UTC;0;1004,5;1005,8;1004,5;778,6;27,2;22,7;27,2;26,3;23,4;22,2;82;75;76;71;3,4;1,6;
2024/02/16;1700 UTC;0;1003,8;1004,5;1003,8;697,1;27,9;22,8;27,9;27,2;23,8;21,7;79;71;74;102;3,1;,9;
2024/02/16;1800 UTC;0;1003,1;1003,8;1003,1;712,5;27,9;22,3;28;27,7;23;21,5;75;69;72;87;3,8;1,6;
2024/02/16;1900 UTC;0;1002,7;1003,1;1002,7;668,2;28,3;22,8;28,4;27,8;23,2;22,4;74;71;72;79;3,8;,7;
2024/02/16;2000 UTC;0;1002,3;1002,7;1002,2;728,2;28,6;22,7;28,9;28,1;23,5;22,1;74;68;71;67;2,9;,8;
2024/02/16;2100 UTC;0;1002,3;1002,3;1002,1;177,7;27;24,5;28,7;27;24,5;22,3;86;69;86;267;2,9;0;
2024/02/16;2200 UTC;0;1003,2;1003,2;1002,3;;25,9;24,2;27;25,8;24,4;23,8;90;86;90;229;1;0;
2024/02/16;2300 UTC;0;1003,8;1003,8;1003,3;;25,8;24,2;25,9;25,7;24,3;24;91;90;91;140;,4;0;
2024/02/17;0000 UTC;0;1004,5;1004,5;1003,8;;25,6;24,2;25,7;25,5;24,3;24;92;91;92;60;,7;0;
2024/02/17;0100 UTC;0;1005;1005;1004,5;;25,1;23,9;25,6;25,1;24,2;23,9;93;92;93;209;,9;0;
2024/02/17;0200 UTC;0;1004,9;1005,1;1004,8;;24,8;23,6;25,3;24,7;24,1;23,5;93;93;93;305;2,9;1;
2024/02/17;0300 UTC;0;1004,5;1004,9;1004,5;;25;23,8;25,2;24,8;24,1;23,7;93;93;93;118;2,9;,3;
2024/02/17;0400 UTC;0;1004,5;1004,6;1004,4;;24,9;23,8;25;24,7;23,8;23,5;93;93;93;196;1,2;,2;
2024/02/17;0500 UTC;0;1003,9;1004,5;1003,9;;24,8;23,7;24,9;24,8;23,8;23,7;93;93;93;337;1,2;0;
2024/02/17;0600 UTC;0;1003,6;1003,9;1003,5;;24,3;23,1;24,8;24,3;23,6;23,1;94;93;94;327;,4;0;
2024/02/17;0700 UTC;,2;1003,4;1003,6;1003,4;;24;23;24,3;24;23,1;22,9;94;94;94;84;,7;0;
2024/02/17;0800 UTC;0;1003,6;1003,7;1003,4;;23,9;22,8;24,2;23,9;23,1;22,8;94;94;94;120;1,1;0;
2024/02/17;0900 UTC;0;1003,7;1003,7;1003,4;17,4;23,6;22,5;23,9;23,4;22,8;22,4;94;94;94;53;,5;0;
2024/02/17;1000 UTC;0;1004,4;1004,4;1003,7;268,8;24,9;23,8;24,9;23,6;23,8;22,6;94;94;94;58;,8;0;
2024/02/17;1100 UTC;0;1004,8;1004,8;1004,4;923,1;27,1;23,9;27,1;24,9;24,7;23,5;94;83;83;47;2,5;,7;
2024/02/17;1200 UTC;0;1004,6;1004,8;1004,6;1376,5;27,9;22,8;28,1;26,4;23,7;22,3;83;73;74;225;2,5;,8;
2024/02/17;1300 UTC;0;1004,5;1004,7;1004,5;2168,3;30,4;22;30,9;27,8;23,6;21,9;76;60;61;67;4,4;2,7;
2024/02/17;1400 UTC;0;1003,9;1004,5;1003,9;2241,9;31,2;22,7;32;30,4;23,3;21,9;65;55;60;81;5,5;2,2;
2024/02/17;1500 UTC;0;1003,1;1003,9;1003,1;2443,8;32,6;21,8;33,3;31,2;23,4;21,4;63;51;53;52;4,7;1,9;
2024/02/17;1600 UTC;0;1002,3;1003,1;1002,3;2431,7;32,7;22,6;33,8;32,6;23,4;21,2;56;50;55;29;6;2,1;
2024/02/17;1700 UTC;0;1001,4;1002,3;1001,4;2241,1;34,2;21,6;34,4;32,7;23,6;21,2;56;47;48;129;4,7;1,4;
2024/02/17;1800 UTC;0;1000,1;1001,4;1000,1;1901,6;34,3;21,3;34,5;33,9;22,8;20,8;51;46;47;21;4,9;2,5;
2024/02/17;1900 UTC;0;999,4;1000,1;999,4;1244,7;33,7;22,2;34,6;33,6;23,1;20,9;54;46;51;59;4,8;1,9;
2024/02/17;2000 UTC;0;999,2;999,4;999,2;446,2;31;21,9;33,7;30,4;23,4;21,3;63;49;58;96;6,3;1,1;
2024/02/17;2100 UTC;0;1000,2;1000,2;999,2;152;28,9;24,8;31,1;28,8;24,8;21,6;79;57;79;31;3,4;0;
2024/02/17;2200 UTC;0;1001;1001;1000,2;;27,1;23,7;28,9;27;25,1;23,3;84;79;82;299;,6;,2;
2024/02/17;2300 UTC;0;1002,3;1002,3;1001;;27,6;24,7;27,7;26,9;24,7;23,2;84;80;84;13;5,9;,8;
2024/02/18;0000 UTC;0;1003,1;1003,1;1002,3;;27,1;23,5;27,7;27;24,4;22,7;84;74;81;342;8,5;,9;
2024/02/18;0100 UTC;0;1003,5;1003,6;1003;;26,6;23,7;27,1;26,6;24,1;23,5;85;81;84;116;2,5;,6;
2024/02/18;0200 UTC;0;1003,7;1004;1003,5;;26,4;23,6;26,7;26,2;23,9;23,1;85;83;85;154;3;,2;
2024/02/18;0300 UTC;0;1003,4;1003,8;1003,4;;26,2;24,3;26,5;26,2;24,3;23,6;89;85;89;270;1,3;0;
2024/02/18;0400 UTC;0;1002,9;1003,4;1002,9;;25,6;24,1;26,2;25,6;24,4;24,1;92;89;92;221;1,3;,1;
2024/02/18;0500 UTC;0;1002,4;1003;1002,4;;25,9;24,5;25,9;25,5;24,5;24,1;92;92;92;122;1,1;,2;
2024/02/18;0600 UTC;0;1002,3;1002,5;1002,1;;25;22,7;26;25;24,6;22,7;92;87;87;208;3,3;,8;
2024/02/18;0700 UTC;0;1002;1002,3;1002;;25,1;22,8;25,1;24,8;22,8;22,1;87;85;87;244;2;0;
2024/02/18;0800 UTC;0;1002,4;1002,4;1002;,2;25,1;23;25,3;25;23,4;22,7;89;87;89;147;,8;,2;
2024/02/18;0900 UTC;0;1003,1;1003,1;1002,3;14,9;25;23,4;25,3;24,8;23,4;23;91;88;91;130;1,2;,2;
2024/02/18;1000 UTC;0;1003,9;1003,9;1003,1;165,9;25,9;23,2;26;25;23,8;23,1;91;85;85;147;1,1;,2;
2024/02/18;1100 UTC;0;1004,7;1004,7;1003,9;491,9;26,9;23;27;25,8;23,7;22,8;86;79;79;88;1,7;,7;
2024/02/18;1200 UTC;0;1005,1;1005,2;1004,7;1042,9;28,2;23,5;28,5;26,9;23,9;22,9;80;74;76;159;2,6;1;
2024/02/18;1300 UTC;0;1004,7;1005,1;1004,7;1443,8;29,7;23;30;28,2;24,2;23;76;67;68;75;2,6;,7;
2024/02/18;1400 UTC;0;1004;1004,7;1004;1906,9;31,4;23,2;31,4;29,6;24,3;22,7;70;61;62;304;3,8;1;
2024/02/18;1500 UTC;0;1003,1;1004;1003,1;2399,9;32,1;23,2;32,7;31,2;24,1;22,1;65;55;59;47;5;2;
2024/02/18;1600 UTC;0;1001,8;1003,1;1001,8;1662,1;32,7;22;33;32;24,7;22;62;53;53;120;5;,8;
2024/02/18;1700 UTC;0;1000,4;1001,8;1000,4;1766,5;33,3;23,8;33,7;32,2;23,9;22;60;51;57;108;4;1,3;
2024/02/18;1800 UTC;0;999;1000,4;999;1497,2;34,5;23,4;34,5;33;23,8;22;58;49;52;173;3,5;1,1;
2024/02/18;1900 UTC;0;998,7;999;998,5;1199;33,9;23,2;35,1;33,9;23,2;21,1;54;45;54;102;2,9;,4;
2024/02/18;2000 UTC;0;998,8;998,9;998,6;237,1;31,3;23,4;33,9;31,2;25,5;22,1;69;51;63;168;2;,8;
2024/02/18;2100 UTC;0;999,4;999,4;998,9;52,7;29,5;25;31,3;29,4;25,4;23,4;77;63;77;168;1,9;0;
2024/02/18;2200 UTC;2,2;1001;1001;999,4;;26,3;23,6;29,6;26,2;25,6;22,2;86;67;86;38;8,5;2,3;
2024/02/18;2300 UTC;2,6;1002;1002,1;1000,9;;25,7;24;26,2;25,4;24;23,5;91;85;91;15;5,4;,7;
2024/02/19;0000 UTC;7,8;1003,3;1003,3;1002;;25,3;24,1;25,7;25,2;24,2;23,8;93;91;93;86;3,5;1,3;
2024/02/19;0100 UTC;12;1004,5;1004,5;1003,3;1,3;24,2;22,9;25,4;24,2;24,2;22,9;93;92;92;79;8;1,5;
2024/02/19;0200 UTC;14;1004,8;1004,8;1004,1;;23,7;22,5;24,2;23,7;22,9;22,5;93;92;93;55;4,5;,6;
2024/02/19;0300 UTC;5,4;1003,6;1004,8;1003,6;,3;23,7;22,6;23,8;23,7;22,6;22,5;93;93;93;26;2,8;1,1;
2024/02/19;0400 UTC;5,4;1003,5;1003,7;1003,3;;23,7;22,6;23,8;23,7;22,6;22,5;93;93;93;10;2,1;0;
2024/02/19;0500 UTC;7,2;1002,5;1003,5;1002,5;,1;23,6;22,5;23,8;23,6;22,7;22,5;94;93;94;84;3;1,8;
2024/02/19;0600 UTC;4,4;1001,7;1002,6;1001,7;;23,4;22,2;23,6;23,3;22,5;22,2;94;93;93;75;4,1;1,3;
2024/02/19;0700 UTC;,8;1001,4;1001,7;1001,4;;23,1;22;23,4;23,1;22,2;21,9;93;93;93;354;2,9;1;
2024/02/19;0800 UTC;,2;1001;1001,4;1000,8;;23,1;22;23,2;23;22,1;21,8;93;93;93;326;2,6;,6;
2024/02/19;0900 UTC;0;1001,8;1001,9;1000,8;5,6;23,3;22,1;23,3;23;22,1;21,9;93;93;93;162;3,2;,6;
2024/02/19;1000 UTC;0;1003,1;1003,1;1001,8;111;23,9;22,7;23,9;23,2;22,7;22,1;93;93;93;62;2,3;,2;
2024/02/19;1100 UTC;0;1004,1;1004,2;1003,1;527,7;24,8;22,8;24,9;23,9;23,3;22,3;93;88;89;212;3,4;1,1;
2024/02/19;1200 UTC;0;1004,3;1004,3;1004,1;1096,9;25,8;22;25,9;24,5;22,7;21,3;88;78;80;148;3,4;1,2;
2024/02/19;1300 UTC;0;1004,2;1004,4;1004,2;1546,1;27,6;22,5;27,6;25,7;22,7;21,6;81;72;74;100;4,6;1,3;
2024/02/19;1400 UTC;0;1003,6;1004,2;1003,5;1122,8;28,1;22,6;28,4;27,5;23,3;21,9;75;70;72;11;2,9;,4;
2024/02/19;1500 UTC;0;1002,8;1003,7;1002,8;1565,8;29,6;22,9;29,8;28,1;23,1;22;72;64;68;277;3;,9;
2024/02/19;1600 UTC;0;1001,1;1002,8;1001,1;2250,5;30,7;23,4;30,9;29,5;24,7;22,6;73;64;65;206;3,9;2;
2024/02/19;1700 UTC;0;999,8;1001,1;999,8;2549,1;31,2;22,8;31,8;30,7;23,9;22,2;67;58;61;144;3,9;,9;
2024/02/19;1800 UTC;0;998,9;999,8;998,8;1667,4;31,6;23,1;32,6;31,2;24,5;22,4;64;57;61;98;3,6;1,3;
2024/02/19;1900 UTC;0;998,7;998,9;998,7;720,9;31,1;24,7;32,4;31,1;24,9;22,4;70;56;69;99;2,4;,2;
2024/02/19;2000 UTC;1,8;1000,1;1000,1;998,6;498,2;26,5;23,7;32,2;26,5;25;22,1;84;56;84;72;8,4;3,7;
2024/02/19;2100 UTC;20,6;1001,4;1001,4;1000,1;30;24,4;23;26,5;24,1;23,7;22,7;92;85;92;32;8;2;
2024/02/19;2200 UTC;3;1002,4;1002,4;1001,4;,6;23,8;22,3;24,5;23,8;23,2;22,3;92;92;92;357;7,4;2;
2024/02/19;2300 UTC;,8;1003;1003;1002,4;;23,6;22,1;23,8;23,5;22,3;22;92;91;91;339;5;1,9;
2024/02/20;0000 UTC;4;1003,6;1003,7;1003;;23,5;22,2;23,6;23,5;22,2;22,1;93;91;93;332;4,7;1,2;
2024/02/20;0100 UTC;4,4;1003,6;1003,8;1003,5;;23,7;22,6;23,7;23,5;22,6;22,2;93;93;93;247;3;1;
2024/02/20;0200 UTC;4,2;1003,9;1004;1003,4;;23,8;22,7;23,8;23,7;22,7;22,5;93;93;93;109;2,8;,2;
2024/02/20;0300 UTC;3,4;1003,3;1004;1003,3;;23,7;22,6;23,8;23,7;22,7;22,6;94;93;94;228;1,3;0;
2024/02/20;0400 UTC;2,8;1002,4;1003,3;1002,4;;23,7;22,6;23,7;23,6;22,6;22,6;94;94;94;358;2,1;1;
2024/02/20;0500 UTC;,4;1001,8;1002,4;1001,8;;23,6;22,5;23,7;23,5;22,7;22,5;94;94;94;296;3,1;1;
2024/02/20;0600 UTC;,2;1001,9;1001,9;1001,6;;23,6;22,5;23,7;23,5;22,6;22,4;94;94;94;271;3,1;,6;
2024/02/20;0700 UTC;0;1002,6;1002,6;1001,9;;23,6;22,5;23,7;23,6;22,6;22,5;94;94;94;182;1,8;0;
2024/02/20;0800 UTC;,6;1003,1;1003,1;1002,6;;23,7;22,6;23,8;23,6;22,7;22,5;94;94;94;246;2,3;,8;
2024/02/20;0900 UTC;,6;1003,8;1003,8;1003,1;2,6;23,6;22,5;23,7;23,5;22,6;22,5;94;94;94;216;2,6;,9;
2024/02/20;1000 UTC;2;1004,5;1004,5;1003,8;75,1;23,4;22,3;23,7;23,3;22,6;22,2;94;93;93;191;2,9;1,3;
2024/02/20;1100 UTC;,4;1004,5;1004,6;1004,4;275,9;23,5;22,2;23,7;23,2;22,6;22,1;93;93;93;210;2,9;,7;
2024/02/20;1200 UTC;0;1004,2;1004,5;1004,2;684,7;24,7;22,5;24,7;23,5;22,8;21,9;93;87;88;222;3,6;1,3;
2024/02/20;1300 UTC;0;1004;1004,2;1004;770,2;25,3;22;25,3;24,4;22,4;21,8;88;82;82;200;4,6;1,5;
2024/02/20;1400 UTC;0;1003,6;1004;1003,6;1407,9;26,9;21,6;27;25,3;22,6;21,1;82;71;73;213;3,8;1,2;
2024/02/20;1500 UTC;0;1003;1003,6;1003;1271,9;27,8;21,7;27,9;26,8;22,6;21;75;70;70;208;3,1;,9;
2024/02/20;1600 UTC;0;1002;1003;1002;1381,3;28,3;21,8;28,6;27,7;22,7;20,9;72;65;68;16;3,1;,9;
2024/02/20;1700 UTC;0;1001;1002;1001;1462;29,2;21,7;29,2;28,2;23,1;21,3;71;64;64;356;3,5;,8;
2024/02/20;1800 UTC;0;1000,2;1001;1000,2;1617,7;30;22,4;30,1;29,1;22,4;20,5;66;59;64;301;3,7;1,6;
2024/02/20;1900 UTC;0;999,6;1000,2;999,6;858,6;29,3;21,5;30,1;29,3;22,7;21,5;67;62;63;296;3,7;,8;
2024/02/20;2000 UTC;0;1000;1000;999,6;616,5;29,2;22,4;29,6;29,1;22,9;21,6;69;63;67;287;3,7;,9;
2024/02/20;2100 UTC;0;1000,8;1000,8;1000;108,8;27,2;23,4;29,2;27,2;23,7;21,8;80;66;80;313;2,8;0;
2024/02/20;2200 UTC;0;1001,8;1001,8;1000,7;;26,4;24;27,4;26,4;24,3;23,3;87;80;86;301;1,2;,2;
2024/02/20;2300 UTC;0;1002,8;1002,8;1001,8;;26,4;23,6;26,6;26,3;24,3;23,6;88;84;84;316;3,8;2,1;
2024/02/21;0000 UTC;0;1003,3;1003,3;1002,8;;26;23,4;26,4;26;23,5;23,3;86;83;86;275;4,8;,8;
2024/02/21;0100 UTC;0;1003,4;1003,6;1003,3;;25,4;23;26;25,4;23,6;22,8;87;85;87;279;3,5;,1;
2024/02/21;0200 UTC;0;1003,3;1003,5;1003,2;;25;22,9;25,4;25;23,1;22,7;88;87;88;18;2,6;1,3;
2024/02/21;0300 UTC;0;1002,7;1003,3;1002,7;;24,9;23,1;25,1;24,9;23,3;22,9;90;88;90;29;1,9;,2;
2024/02/21;0400 UTC;0;1002,3;1002,7;1002,3;;24,8;23,1;24,9;24,8;23,2;23;90;90;90;76;2,1;0;
2024/02/21;0500 UTC;0;1001,8;1002,2;1001,7;;24,8;23;25;24,7;23,3;23;91;90;90;18;0;0;
2024/02/21;0600 UTC;0;1002,1;1002,1;1001,8;,7;25;23,2;25;24,8;23,2;23;90;90;90;290;2,3;0;
2024/02/21;0700 UTC;1,6;1002,2;1002,2;1002,1;;24,8;23,4;25;24,8;23,4;23,1;92;90;92;261;2;0;
2024/02/21;0800 UTC;13,8;1002,3;1002,4;1002,2;;24,3;23,1;24,8;24,3;23,4;23,1;93;92;93;306;2,9;0;
2024/02/21;0900 UTC;,8;1002,9;1002,9;1002,3;2,1;24,5;23,3;24,5;24,3;23,3;23,1;93;93;93;102;0;0;
2024/02/21;1000 UTC;5,2;1003,8;1003,8;1002,9;21,2;24;22,9;24,5;24;23,4;22,9;93;93;93;3;0;0;
2024/02/21;1100 UTC;15,8;1004,9;1004,9;1003,8;67,8;24;22,8;24;23,8;22,9;22,7;93;93;93;356;,1;0;
2024/02/21;1200 UTC;11;1005,5;1005,5;1004,9;219,2;24;22,9;24,2;23,8;23,1;22,7;94;93;93;195;0;0;
2024/02/21;1300 UTC;6,2;1004,9;1005,5;1004,9;707,5;24,8;23,3;24,9;23,6;23,5;22,4;93;92;92;331;0;0;
2024/02/21;1400 UTC;0;1004,4;1004,9;1004,4;1704,9;25,9;21;26,7;24,6;23,5;21;92;74;74;56;,3;0;
2024/02/21;1500 UTC;0;1003,5;1004,4;1003,5;669,4;25,8;23;26,3;25,7;23;20,9;84;74;84;281;3,1;,9;
2024/02/21;1600 UTC;,2;1002,6;1003,5;1002,6;535;25,7;23;26;25,5;23,7;22,8;88;84;85;328;2,6;1,3;
2024/02/21;1700 UTC;0;1001,4;1002,6;1001,4;924,1;26,6;22,2;26,8;25,7;23,2;22;86;77;77;36;2,3;,5;
2024/02/21;1800 UTC;0;1000,6;1001,4;1000,6;1248,5;27,8;22,2;28;26,4;23;21,7;79;70;71;195;2,3;,3;
2024/02/21;1900 UTC;0;1000,4;1000,6;1000,3;544,9;27,7;22,8;27,9;27,4;23,1;21,9;76;71;75;12;1,7;,4;
2024/02/21;2000 UTC;0;1000,6;1000,6;1000,4;376,4;27,4;23,2;27,8;27,3;23,5;22,5;79;75;78;358;1,6;,8;
2024/02/21;2100 UTC;0;1001,5;1001,5;1000,6;73,5;26,3;24;27,4;26,3;24,2;23;87;78;87;326;1,7;,1;
2024/02/21;2200 UTC;0;1002,2;1002,2;1001,5;;25,6;24;26,3;25,6;24,3;23,9;91;87;91;270;,8;0;
2024/02/21;2300 UTC;0;1003,2;1003,2;1002,2;;25,3;23,9;25,6;25,3;24;23,9;92;91;92;273;1;,2;
2024/02/22;0000 UTC;0;1004,2;1004,2;1003,2;;25,1;23,8;25,3;25;23,9;23,6;93;92;93;6;1;0;
2024/02/22;0100 UTC;5,4;1005;1005;1004,2;,8;24,1;22,8;25,2;24,1;23,9;22,8;93;92;93;4;6,2;1,7;
2024/02/22;0200 UTC;,6;1004,7;1005;1004,7;,7;24,1;22,9;24,1;23,9;22,9;22,6;93;92;93;57;4,3;1,9;
2024/02/22;0300 UTC;,4;1004;1004,7;1004;,3;22,9;21;24,1;22,8;22,8;21;93;89;89;61;8,3;2,7;
2024/02/22;0400 UTC;,2;1003,5;1004;1003,5;1,1;22,9;21,4;23,1;22,8;21,6;21;92;89;92;110;5,7;,8;
2024/02/22;0500 UTC;0;1003,3;1003,6;1003,3;,1;22,9;21,5;22,9;22,8;21,6;21,5;92;92;92;155;2,4;,2;
2024/02/22;0600 UTC;1,6;1003;1003,3;1003;;22,6;21,3;22,9;22,6;21,6;21,3;93;92;93;193;2,2;,3;
2024/02/22;0700 UTC;,4;1003,2;1003,2;1003;;22,6;21,4;22,7;22,6;21,5;21,3;93;92;93;172;2,8;,7;
2024/02/22;0800 UTC;0;1003,2;1003,2;1003,1;;22,5;21,3;22,6;22,4;21,3;21,1;93;92;93;233;2,8;0;
2024/02/22;0900 UTC;0;1003,7;1003,7;1003,2;9,1;22,5;21,3;22,5;22,4;21,3;21,2;93;93;93;208;1,8;,3;
2024/02/22;1000 UTC;0;1004,5;1004,5;1003,7;184,6;22,7;21,3;22,7;22,4;21,5;21,1;93;92;92;191;1,9;,6;
2024/02/22;1100 UTC;0;1005,5;1005,5;1004,5;730,3;23,9;20,2;24,1;22,7;21,6;20,2;92;80;80;172;2,6;,4;
2024/02/22;1200 UTC;0;1006,1;1006,1;1005,5;1092,8;25,2;20,3;25,3;23,6;21,1;19,8;83;74;74;234;2,7;,7;
2024/02/22;1300 UTC;0;1006,1;1006,2;1006,1;1381,1;26,7;20,9;26,7;25;21,5;20;76;70;70;271;2,1;,5;
2024/02/22;1400 UTC;0;1005,7;1006,1;1005,7;1905,3;28;21,3;28,3;26,6;21,9;20,2;70;64;67;322;2,6;1,2;
2024/02/22;1500 UTC;0;1004,8;1005,7;1004,8;1662,4;28,4;21,6;28,9;27,4;22,4;21,1;72;65;67;251;3,3;1,1;
2024/02/22;1600 UTC;0;1003,6;1004,8;1003,6;1646,7;30,2;21,7;30,2;28,4;22,5;20,8;69;60;61;255;3,4;,6;
2024/02/22;1700 UTC;0;1002,2;1003,6;1002,2;1983,5;30,3;21,6;30,6;29,4;22,3;20,6;63;57;60;200;4,1;1,2;
2024/02/22;1800 UTC;0;1001,1;1002,2;1001,1;1684,3;30,8;22,2;31,6;30;22,5;20,5;61;52;60;101;3;1,1;
2024/02/22;1900 UTC;0;1000,8;1001,1;1000,7;1032,4;31,2;21,6;31,6;29,9;23,5;21,4;68;56;57;239;3,6;,8;
2024/02/22;2000 UTC;0;1001;1001;1000,7;511,6;30,1;22,5;31,2;30,1;23,7;21,1;68;55;64;339;2,1;1;
2024/02/22;2100 UTC;0;1001,9;1001,9;1001;91,3;27,9;24,2;30,1;27,9;24,5;22,5;80;64;80;3;2,1;0;
2024/02/22;2200 UTC;0;1002,9;1002,9;1001,9;;27,1;23,4;27,9;27;24,6;23,3;85;79;81;327;2,7;1,4;
2024/02/22;2300 UTC;4,6;1005,5;1005,5;1002,9;;23,1;21,7;27,1;23,1;23,8;21;92;77;92;27;12,1;5;
2024/02/23;0000 UTC;5,6;1006,4;1006,4;1005,5;0;22,8;21,4;23,1;22,8;21,7;21,3;92;91;92;18;11,2;2,3;
2024/02/23;0100 UTC;,4;1006,2;1006,4;1006,1;;22,9;21,6;22,9;22,7;21,6;21,3;92;92;92;347;4;0;
2024/02/23;0200 UTC;,2;1005,6;1006,2;1005,6;;22,7;21,5;23;22,7;21,7;21,5;93;92;93;270;2,6;,3;
2024/02/23;0300 UTC;0;1004,9;1005,6;1004,9;;22,7;21,6;22,8;22,6;21,6;21,4;93;93;93;52;2;,1;
2024/02/23;0400 UTC;0;1004;1004,9;1004;;22,7;21,6;22,8;22,6;21,6;21,4;93;93;93;62;,7;,1;
2024/02/23;0500 UTC;,2;1003,4;1004;1003,4;;22,6;21,5;22,8;22,5;21,7;21,4;94;93;94;115;,7;0;
2024/02/23;0600 UTC;0;1003;1003,4;1002,9;;22,3;21,3;22,6;22,3;21,5;21,2;94;94;94;132;,7;,1;
2024/02/23;0700 UTC;0;1003,5;1003,5;1002,9;;22,6;21,5;22,6;22,3;21,5;21,2;94;94;94;183;,7;0;
2024/02/23;0800 UTC;0;1004;1004;1003,5;,3;22,7;21,6;22,7;22,5;21,7;21,5;94;94;94;37;1,1;,1;
2024/02/23;0900 UTC;0;1005;1005;1004;5,4;22,9;21,8;23;22,6;21,9;21,6;94;94;94;151;,8;0;
2024/02/23;1000 UTC;0;1005,5;1005,5;1005;189,9;23,5;22,3;23,7;22,9;22,6;21,9;94;93;93;118;1,8;,5;
2024/02/23;1100 UTC;0;1006,6;1006,6;1005,5;459,5;23,8;21,7;24,1;23,4;22,5;21,7;93;88;88;159;3,2;,8;
2024/02/23;1200 UTC;0;1006,9;1007;1006,6;494,8;24,4;21,8;24,4;23,8;22,1;21,2;88;84;85;95;2,6;1,3;
2024/02/23;1300 UTC;0;1007;1007,1;1006,8;736,8;25,4;21,7;25,4;24,3;22;21,4;86;80;80;75;2,7;,7;
2024/02/23;1400 UTC;0;1006,8;1007;1006,8;1304,3;27,3;22,1;27,4;25,3;22,9;21,3;80;73;74;123;2,8;1,5;
2024/02/23;1500 UTC;0;1005,8;1006,8;1005,8;1755,5;28,6;22,7;28,7;27,1;23,3;21,7;77;69;70;138;3,5;,9;
2024/02/23;1600 UTC;0;1004,6;1005,8;1004,6;1350,4;29,2;23,3;29,3;28,6;23,9;22,3;73;68;71;165;3,4;,9;
2024/02/23;1700 UTC;0;1003,4;1004,6;1003,4;1549,6;30,2;23,2;30,2;29,1;23,9;22,5;72;66;66;168;3,2;1,1;
2024/02/23;1800 UTC;0;1002,8;1003,4;1002,8;1259,4;30,4;23,1;30,8;29,6;23,6;22,1;69;61;65;190;2,7;,9;
2024/02/23;1900 UTC;0;1003,1;1003,1;1002,8;588,4;29,1;23,8;30,4;28,8;24;23;75;64;73;184;4,3;1,5;
2024/02/23;2000 UTC;0;1003,3;1003,3;1003;390,9;28,2;22,5;29,4;28,2;24;22,5;73;69;71;115;7;3,1;
2024/02/23;2100 UTC;0;1002,9;1003,3;1002,9;55,5;25,9;21,2;28,2;25,9;22,7;21;76;69;76;120;7;1,1;
2024/02/23;2200 UTC;0;1004,4;1004,4;1002,8;;24,9;21,6;25,9;24,9;22;21,1;82;75;82;90;2,6;1,2;
2024/02/23;2300 UTC;0;1005;1005;1004,4;;24,3;22,2;24,9;24,3;22,3;21,6;88;82;88;245;2,5;,5;
2024/02/24;0000 UTC;0;1005,6;1005,6;1004,9;;24,1;22,2;24,3;24;22,4;22,1;90;88;89;19;1,5;,2;
2024/02/24;0100 UTC;0;1006,1;1006,1;1005,6;;24;22,1;24,1;23,9;22,3;22;90;89;89;186;1,6;,7;
2024/02/24;0200 UTC;0;1005,6;1006,1;1005,5;;23,6;22,1;24;23,6;22,2;22;92;89;92;271;1,6;0;
2024/02/24;0300 UTC;0;1005,3;1005,6;1005,3;;23,6;22,2;23,6;23,4;22,3;22,1;93;92;92;165;1;,2;
2024/02/24;0400 UTC;0;1004,9;1005,3;1004,5;;23,7;22,4;23,7;23,5;22,5;22,2;93;92;93;136;1,4;,1;
2024/02/24;0500 UTC;0;1004,5;1004,9;1004,5;;23,4;22,1;23,7;23,4;22,4;22,1;93;92;92;186;1,8;,4;
2024/02/24;0600 UTC;0;1004;1004,5;1004;;23,2;21,8;23,4;23,2;22,1;21,8;92;92;92;165;1,8;,4;
2024/02/24;0700 UTC;0;1004,1;1004,1;1003,8;;23,1;21,7;23,2;23,1;21,8;21,7;92;92;92;141;3;,6;
2024/02/24;0800 UTC;0;1004,3;1004,5;1004,1;;22,9;21,6;23,1;22,9;21,7;21,6;93;92;93;338;2;0;
2024/02/24;0900 UTC;0;1004,5;1004,5;1004,1;19,6;22,9;21,7;22,9;22,7;21,7;21,5;93;93;93;94;1,1;,2;
2024/02/24;1000 UTC;0;1005,3;1005,3;1004,5;544,6;25,1;22,1;25,1;22,9;22,5;21,3;93;82;83;141;3,6;1,2;
2024/02/24;1100 UTC;0;1005,9;1005,9;1005,3;1132,5;27,1;22,3;27,1;25;22,3;21,3;83;74;75;138;5;1,5;
2024/02/24;1200 UTC;0;1005,4;1005,9;1005,4;1744,5;28,8;22,1;28,8;27,1;22,7;21,6;75;67;67;150;5,4;1,9;
2024/02/24;1300 UTC;0;1005,1;1005,5;1005;2288,6;30,2;22,7;30,4;28,8;23,3;21,8;68;62;65;145;6,7;2,6;
2024/02/24;1400 UTC;0;1004,4;1005,1;1004,4;2840,5;31,4;21,7;31,5;30,2;23,4;21,4;66;57;57;161;6,7;2;
2024/02/24;1500 UTC;0;1003,5;1004,4;1003,5;2695;31,9;21,8;32,3;31;22,7;21,2;60;53;55;131;6,5;2,5;
2024/02/24;1600 UTC;0;1002,8;1003,5;1002,8;2668,3;32,9;21,9;33,2;31,9;22,4;20,9;56;50;52;115;8,2;3,1;
2024/02/24;1700 UTC;0;1002,6;1002,9;1002,5;1881,5;33,1;21,7;33,7;32,2;22,4;20,7;55;48;51;118;6,6;2,3;
2024/02/24;1800 UTC;0;1002;1002,6;1002;1164,6;33,4;21,8;33,4;32,1;23;20,9;57;48;51;107;5,2;1,7;
2024/02/24;1900 UTC;0;1001,3;1002;1001,3;1303,8;33,6;21,4;33,9;32,9;22,8;20,7;54;47;49;147;4,5;1,6;
2024/02/24;2000 UTC;0;1000,9;1001,3;1000,8;803;32,8;21,5;33,9;32,8;22,2;20,9;52;47;52;143;4,7;1,8;
2024/02/24;2100 UTC;0;1001,2;1001,3;1000,9;132,4;30,7;22,4;33;30,6;22,8;21,4;62;51;61;183;4,7;,6;
2024/02/24;2200 UTC;0;1002,3;1002,3;1001,2;;30;21,7;30,7;29,4;23;21,6;68;61;61;180;5,2;1,6;
2024/02/24;2300 UTC;0;1002,9;1002,9;1002,3;;28,2;22;30;28,2;22,2;21,5;69;61;69;189;6,8;1,2;
2024/02/25;0000 UTC;0;1003,6;1003,7;1002,9;;26,4;23;28,2;26,4;23,4;22;82;69;82;236;3,3;,2;
2024/02/25;0100 UTC;0;1005,2;1005,2;1003,5;;26,7;22,9;26,7;26;23,9;22,9;87;80;80;62;6,4;2,5;
2024/02/25;0200 UTC;,8;1005,6;1006;1005,2;,3;24;22;26,7;24;23,3;22;89;80;89;27;11,4;5,5;
2024/02/25;0300 UTC;,2;1004,4;1005,6;1004,4;;23,6;21,6;24;23,6;22;21,5;90;88;88;19;10;1,5;
2024/02/25;0400 UTC;0;1003,7;1004,4;1003,7;;23,5;22,1;23,7;23,5;22,2;21,5;92;88;92;244;3,3;,1;
2024/02/25;0500 UTC;0;1002,7;1003,7;1002,7;;23,4;22;23,5;23,3;22,2;21,9;92;92;92;200;1,8;,5;
2024/02/25;0600 UTC;0;1001,7;1002,7;1001,7;;23,3;21,6;23,4;23,2;22,1;21,6;92;90;90;169;2,1;,6;
2024/02/25;0700 UTC;0;1001,6;1001,8;1001,6;;23,3;21,9;23,4;23,2;21,9;21,6;92;90;92;144;2,5;,9;
2024/02/25;0800 UTC;0;1002,4;1002,4;1001,6;;23,4;22;23,5;23,3;22;21,9;92;91;92;21;2,1;,5;
2024/02/25;0900 UTC;0;1003,7;1003,7;1002,4;10,4;23,4;22;23,4;23,3;22,1;21,9;92;92;92;351;2,3;,5;
2024/02/25;1000 UTC;0;1004,9;1004,9;1003,7;234,8;24,1;22,2;24,2;23,4;22,5;22,1;93;89;89;92;1,3;,4;
2024/02/25;1100 UTC;0;1005,4;1005,4;1004,9;825,2;25,9;21,2;25,9;24,1;22,4;20,5;89;74;75;126;2,4;1,3;
2024/02/25;1200 UTC;0;1005,7;1005,8;1005,4;1717,7;29;22,4;29;25,9;22,4;20,9;76;65;68;157;3,4;1,5;
2024/02/25;1300 UTC;0;1005,7;1005,8;1005,7;2316,8;30,5;21,4;30,6;28,7;22,8;21;68;58;58;121;5,2;2,4;
2024/02/25;1400 UTC;0;1004,9;1005,7;1004,9;2781,7;31,7;22,7;32;30,4;22,9;21,1;62;54;59;115;5,4;1,1;
2024/02/25;1500 UTC;0;1003,6;1004,9;1003,6;2665,7;32,5;21;32,7;31,2;23;20,7;61;49;51;60;3,5;1,1;
2024/02/25;1600 UTC;0;1002,5;1003,6;1002,5;2821,6;33,3;21,2;33,4;32,3;23,2;20,7;57;48;49;49;4,6;1,8;
2024/02/25;1700 UTC;0;1001,8;1002,5;1001,8;1549,8;33,4;20,5;34,2;32,9;23,5;20,2;57;46;47;157;3,6;,6;
2024/02/25;1800 UTC;0;1000,8;1001,8;1000,8;1691,7;34,8;20,7;34,8;32,6;22;19,8;53;42;44;173;3,7;,8;
2024/02/25;1900 UTC;0;1000,6;1000,8;1000,6;1487,8;34,4;21,7;34,8;33,8;21,7;19,4;48;42;48;118;4;1,3;
2024/02/25;2000 UTC;0;1000,7;1000,7;1000,5;638,9;33,5;22,1;34,6;32,5;22,8;20;55;43;51;149;2,9;,6;
2024/02/25;2100 UTC;0;1001,3;1001,4;1000,6;160,4;29,7;22,9;33,8;29,7;23,8;20,5;67;47;67;22;6,6;2,1;
2024/02/25;2200 UTC;0;1002,1;1002,1;1001,3;;27,3;24;29,7;27,3;24;22,5;82;67;82;14;4,5;0;
2024/02/25;2300 UTC;0;1002,9;1002,9;1002,1;;26,5;23,3;27,3;26,5;23,8;22,9;83;80;83;186;2,3;,1;
2024/02/26;0000 UTC;0;1003,8;1003,8;1002,9;;26,7;22,2;27,4;26,4;23,2;21,7;83;71;76;240;3,8;,5;
2024/02/26;0100 UTC;0;1004,2;1004,3;1003,8;;26,5;22,4;26,7;26,2;23;21,8;82;76;78;169;2,1;,5;
2024/02/26;0200 UTC;0;1003,7;1004,2;1003,7;;25,8;23,1;26,6;25,8;23,7;22,4;86;78;85;351;3,3;1,4;
2024/02/26;0300 UTC;0;1003,1;1003,7;1003,1;;25,8;23,7;26;25,7;23,8;23,1;88;85;88;72;2,9;,9;
2024/02/26;0400 UTC;,4;1002,6;1003,1;1002,6;;25,6;23,7;25,8;25,6;23,7;22,8;89;85;89;201;2,1;,2;
2024/02/26;0500 UTC;0;1002,1;1002,6;1002,1;;25,2;23,4;25,6;25,2;23,8;23,4;91;89;90;1;2,3;1,2;
2024/02/26;0600 UTC;0;1002,2;1002,2;1002;;25,3;23,9;25,3;25,1;23,9;23,3;92;90;92;52;2;0;
2024/02/26;0700 UTC;0;1001,7;1002,2;1001,7;;25,1;23,7;25,3;25,1;23,9;23,7;92;92;92;277;1,6;0;
2024/02/26;0800 UTC;0;1002,3;1002,3;1001,7;;25,1;23,8;25,1;25;23,8;23,7;93;92;93;1;0;0;
2024/02/26;0900 UTC;0;1002,5;1002,6;1002,3;8,9;25;23,7;25,1;25;23,9;23,7;93;92;93;276;0;0;
2024/02/26;1000 UTC;,2;1003,4;1003,4;1002,5;232;25,6;23,8;25,7;25;24,2;23,7;93;90;90;42;1,6;,2;
2024/02/26;1100 UTC;0;1004,1;1004,1;1003,4;402,5;26,1;23,4;26,2;25,5;23,8;23,3;90;85;85;34;2;,5;
2024/02/26;1200 UTC;0;1004,7;1004,7;1004,1;526,9;26,7;23,2;26,7;26,1;23,8;23,2;86;81;81;294;2;,6;
2024/02/26;1300 UTC;0;1004,6;1004,8;1004,6;1179,9;28,2;23,3;28,4;26,7;23,7;22,5;82;73;75;220;2,5;1,2;
2024/02/26;1400 UTC;0;1003,8;1004,6;1003,8;1046,2;28,5;23,2;29,1;28,1;24;22,6;76;71;73;229;3,1;,7;
2024/02/26;1500 UTC;2;1002,9;1003,8;1002,9;893,7;27,8;25;29,1;27,8;25,1;23,2;85;72;85;5;3,2;2;
2024/02/26;1600 UTC;,4;1002;1002,9;1002;1460,5;29,2;23,7;29,3;27,4;25,8;23,3;88;71;72;287;3,2;0;
2024/02/26;1700 UTC;0;1000,9;1002;1000,9;1745,6;30,9;23,3;31,1;29,1;24,2;22,6;73;62;64;99;2,7;0;
2024/02/26;1800 UTC;0;1000;1000,9;1000;1334,7;31,2;22,9;31,7;30,7;24,4;22,2;69;58;62;72;5,1;1,7;
2024/02/26;1900 UTC;0;999,6;1000;999,5;1181,2;32;22,4;32,5;31,1;23,6;21,1;64;53;57;142;3,8;1;
2024/02/26;2000 UTC;0;1000,3;1000,3;999,6;477;31,1;23;32;30,8;23,7;21,7;64;54;62;138;3,3;,7;
2024/02/26;2100 UTC;0;1001,1;1001,1;1000,3;114,4;29,2;24;31,1;29,2;24,6;22,4;74;62;74;109;3,3;,1;
2024/02/26;2200 UTC;0;1001,7;1001,7;1001;;27,8;23,8;29,2;27,8;24,6;23;81;71;79;294;2;0;
2024/02/26;2300 UTC;0;1002,6;1002,6;1001,7;;27,1;23,6;27,8;27,1;24,5;22,4;83;74;81;356;2,2;0;
2024/02/27;0000 UTC;4,8;1003,6;1003,6;1002,6;;25,6;24,2;27,5;25,6;24,9;23,6;92;81;92;5;5,2;1,6;
2024/02/27;0100 UTC;13,4;1004,3;1004,3;1003,6;;24,3;23,1;25,6;24,3;24,1;23,1;93;90;93;329;5,3;2,5;
2024/02/27;0200 UTC;,4;1003,7;1004,3;1003,7;;24,1;22,6;24,4;24,1;23,2;22,6;93;91;91;322;5,7;2;
2024/02/27;0300 UTC;0;1003,3;1003,7;1003,3;;24,2;22,9;24,3;24,1;23;22,6;92;91;92;48;4;1,6;
2024/02/27;0400 UTC;,2;1002;1003,3;1002;,8;24,1;22,8;24,3;24,1;23;22,8;93;92;93;334;3,2;1,2;
2024/02/27;0500 UTC;0;1001,5;1002;1001,4;,2;24;22,8;24,2;24;23;22,8;93;93;93;356;2,6;1;
2024/02/27;0600 UTC;0;1001,2;1001,5;1001,2;1,5;24;22,8;24,1;24;22,9;22,7;93;93;93;356;2,1;,8;
2024/02/27;0700 UTC;0;1001,3;1001,3;1001,1;2,4;23,9;22,7;24;23,9;22,8;22,7;93;93;93;8;2,2;1,3;
2024/02/27;0800 UTC;0;1001,9;1001,9;1001,3;1,6;23,9;22,7;24;23,8;22,8;22,7;93;93;93;360;2,7;1,5;
2024/02/27;0900 UTC;0;1002,2;1002,3;1001,8;8,5;23,7;22,6;23,9;23,6;22,8;22,5;94;93;93;268;3,4;1,2;
2024/02/27;1000 UTC;0;1002,9;1002,9;1002,2;165,4;24,1;22,8;24,1;23,6;22,9;22,5;93;93;93;256;2,6;,5;
2024/02/27;1100 UTC;0;1003,9;1003,9;1002,9;389,9;24,3;22,2;24,6;24;23;22,2;93;88;88;277;2,7;,6;
2024/02/27;1200 UTC;0;1004,2;1004,2;1003,9;520;25;22,1;25,1;24,2;22,7;22;89;84;84;257;2,5;,5;
2024/02/27;1300 UTC;0;1004,1;1004,3;1004;698,9;26;22,3;26,1;24,8;22,5;21,8;85;79;80;124;2,1;,9;
2024/02/27;1400 UTC;0;1003,8;1004,2;1003,8;1030,3;27,1;21,6;27,3;25,9;22,9;21,6;80;72;72;280;2,6;,8;
2024/02/27;1500 UTC;0;1002,8;1003,8;1002,8;1519,8;28,8;22,8;28,8;27,1;22,8;21,5;73;66;70;201;2,7;,4;
2024/02/27;1600 UTC;0;1001,6;1002,8;1001,6;2286;30;22,2;30,5;28,8;23,5;22,2;71;63;63;158;3,2;1,4;
2024/02/27;1700 UTC;0;1000,7;1001,6;1000,7;1560,1;31,2;22,8;31,2;29,9;23;21,8;65;58;61;145;3;,6;
2024/02/27;1800 UTC;0;1000,3;1000,7;1000,3;1034,7;29,9;22,6;31,7;29,9;23,8;21,7;69;57;65;49;2,4;,8;
2024/02/27;1900 UTC;0;1000,6;1000,7;1000,3;364,3;28,7;24;30;28,7;24,1;22,5;76;65;76;31;4,6;2;
2024/02/27;2000 UTC;0;1001,2;1001,2;1000,6;176,8;26,5;23,1;28,7;26,5;24,4;23,1;82;76;81;31;7,4;2,7;
2024/02/27;2100 UTC;0;1002,2;1002,2;1001,2;37,8;25,9;23,5;26,5;25,9;23,5;23,1;86;82;86;26;6,3;2,1;
2024/02/27;2200 UTC;0;1003,1;1003,1;1002,2;;25,6;23,3;25,9;25,6;23,6;23,3;88;86;88;342;4,7;2;
2024/02/27;2300 UTC;0;1004;1004;1003,1;;25,2;22,9;25,6;25,2;23,3;22,9;88;87;87;357;4,3;1,7;
2024/02/28;0000 UTC;0;1004,4;1004,5;1004;;25;22,8;25,2;25;23;22,8;88;87;87;352;4,1;1,2;
2024/02/28;0100 UTC;0;1004,7;1004,7;1004,4;;24,9;22,8;25,1;24,8;22,8;22,7;88;87;88;353;2,9;,1;
2024/02/28;0200 UTC;0;1004,8;1005;1004,7;;24,7;22,7;24,9;24,7;22,9;22,6;89;88;88;342;2,5;0;
2024/02/28;0300 UTC;0;1004,1;1004,8;1004,1;;24,5;22,6;24,7;24,5;22,7;22,5;89;88;89;343;1,8;0;
2024/02/28;0400 UTC;0;1003,6;1004,1;1003,6;;24,5;22,5;24,5;24,5;22,7;22,5;89;89;89;347;1,9;0;
2024/02/28;0500 UTC;0;1003,3;1003,6;1003,3;;24,4;22,2;24,5;24,3;22,5;22,1;89;87;88;351;2,5;0;
2024/02/28;0600 UTC;0;1003,2;1003,3;1003,1;;24,3;22,5;24,4;24,3;22,5;22,2;90;88;90;347;0;0;
2024/02/28;0700 UTC;0;1003,4;1003,5;1003,2;;24,3;22,6;24,4;24,3;22,7;22,5;91;89;91;357;0;0;
2024/02/28;0800 UTC;0;1003,9;1003,9;1003,4;;24,3;22,8;24,4;24,3;22,9;22,7;92;91;92;328;0;0;
2024/02/28;0900 UTC;,2;1004,5;1004,5;1003,9;1,9;24,3;23;24,4;24,3;23;22,8;92;92;92;18;0;0;
2024/02/28;1000 UTC;4,6;1005,1;1005,1;1004,5;65,5;24,4;23,2;24,4;24,1;23,2;22,8;93;92;93;26;0;0;
2024/02/28;1100 UTC;0;1005,9;1005,9;1005,1;322,6;25;23,4;25;24,4;23,5;23,1;93;91;91;16;0;0;
2024/02/28;1200 UTC;,4;1006,3;1006,4;1005,9;501,3;25,3;23,1;25,4;24,7;23,7;22,7;91;87;88;342;0;0;
2024/02/28;1300 UTC;0;1006,3;1006,3;1006,2;1429;26,3;22,8;26,6;25,3;23,7;22,1;88;79;81;347;4,1;1,8;
2024/02/28;1400 UTC;0;1005,4;1006,3;1005,4;1573,2;28;22,8;28;25,9;23,4;21,8;83;73;73;318;5;2,4;
2024/02/28;1500 UTC;0;1004,4;1005,4;1004,4;1833,7;28,4;22,6;28,7;28;23,2;21,8;74;67;71;284;6;1,7;
2024/02/28;1600 UTC;0;1003,6;1004,4;1003,6;2046,3;29,9;21;30,4;28,2;23,4;20,5;71;57;59;288;4,8;1,4;
2024/02/28;1700 UTC;0;1002,7;1003,6;1002,7;2152,1;29,1;23,4;29,9;28,4;24,1;20,7;76;58;71;10;4,6;2;
2024/02/28;1800 UTC;0;1002,1;1002,7;1002,1;1354,5;29,6;21,7;29,9;28,9;23,5;21,7;72;62;63;342;3,5;,8;
2024/02/28;1900 UTC;0;1001,7;1002,1;1001,7;759;29,6;22,8;30,2;29,4;23,4;21,5;69;62;67;320;2,3;,1;
2024/02/28;2000 UTC;0;1001,9;1002;1001,7;224;28,5;24,9;29,6;28,4;24,9;22,6;81;66;81;131;1,8;0;
2024/02/28;2100 UTC;0;1002,8;1002,8;1001,9;66,3;27,2;24,8;28,5;27,2;25,3;24,6;87;81;87;253;1,2;,3;
2024/02/28;2200 UTC;,4;1003,7;1003,7;1002,8;;26,6;24,8;27,3;26,5;24,9;24,5;90;86;90;242;,9;,1;
2024/02/28;2300 UTC;0;1004,8;1004,8;1003,7;;26,3;24,8;26,7;26,3;25,2;24,8;92;90;91;261;1,8;0;
2024/02/29;0000 UTC;,4;1005,5;1005,5;1004,8;;25,3;23,7;26,4;25,2;24,9;23,1;92;88;91;239;2,7;0;
2024/02/29;0100 UTC;,4;1005,9;1005,9;1005,5;;24,9;23,3;25,5;24,9;24;23,1;91;90;91;223;2,1;0;
2024/02/29;0200 UTC;0;1005,7;1005,9;1005,7;;24,9;23,5;25,1;24,9;23,7;23,3;92;91;92;179;0;0;
2024/02/29;0300 UTC;,2;1005,6;1005,8;1005,6;;25;23,7;25,1;24,8;23,8;23,4;93;92;92;82;0;0;
2024/02/29;0400 UTC;,2;1005,3;1005,6;1005,3;;25,2;23,9;25,2;25;23,9;23,7;93;92;93;131;0;0;
2024/02/29;0500 UTC;,2;1004,6;1005,3;1004,6;;25;23,8;25,3;25;24,1;23,8;93;93;93;109;0;0;
2024/02/29;0600 UTC;0;1003,9;1004,6;1003,9;;24,8;23,6;25,1;24,8;23,8;23,6;93;93;93;36;0;0;
2024/02/29;0700 UTC;0;1003,6;1003,9;1003,6;;24,5;23,3;24,8;24,4;23,6;23,2;93;93;93;340;0;0;
2024/02/29;0800 UTC;0;1004;1004;1003,6;;24,4;23,2;24,5;24,2;23,3;23;93;93;93;352;0;0;
2024/02/29;0900 UTC;0;1004;1004;1003,9;7,2;24,7;23,5;24,7;24,4;23,6;23,2;93;93;93;360;0;0;
2024/02/29;1000 UTC;0;1005;1005,1;1004;166,6;25;23,6;25,1;24,7;23,8;23,5;93;92;92;360;1,5;,1;
2024/02/29;1100 UTC;0;1005,5;1005,5;1005;588;25,9;22,9;26;25;23,8;22,9;92;83;83;345;4,1;2;
2024/02/29;1200 UTC;0;1005,6;1005,6;1005,4;1368,4;27,1;22,8;27,4;25,7;23,4;22,4;85;76;78;319;5,6;2,2;
2024/02/29;1300 UTC;0;1005,9;1005,9;1005,6;945,4;27,6;22,6;27,6;26,7;23,1;22,3;79;74;74;343;6,4;1,5;
2024/02/29;1400 UTC;0;1005,7;1006;1005,7;1777,8;29,4;21,8;29,7;27,5;23,5;21,8;76;64;64;355;3,7;1,8;
2024/02/29;1500 UTC;0;1005,1;1005,8;1005,1;2260,8;31,3;22,2;31,3;29,1;22,8;21,4;68;57;59;355;4,5;1,1;
2024/02/29;1600 UTC;0;1003,9;1005,1;1003,9;2089,1;31,4;21,9;31,4;30,1;23,3;21,3;65;57;57;84;4,5;1,8;
2024/02/29;1700 UTC;0;1002,3;1003,9;1002,3;2192,9;31,9;21,7;32,6;31;22,9;21,5;60;54;55;23;3,6;1,9;
2024/02/29;1800 UTC;0;1001,4;1002,3;1001,4;1954,9;32,5;20,9;32,8;31,7;22,4;20,6;56;50;51;298;3,6;,9;
2024/02/29;1900 UTC;0;1001,1;1001,4;1000,9;1374,8;32;21,9;33,6;32;22,4;20,6;57;48;55;41;3,2;1,1;
2024/02/29;2000 UTC;0;1001,6;1001,6;1001,1;344,1;30,9;23,7;32;30,5;24,1;21,4;68;54;65;101;1,9;1;
2024/02/29;2100 UTC;0;1002,2;1002,3;1001,6;100,6;28,4;25,4;31,1;28,3;25,4;23,1;84;63;84;88;1,9;,2;
2024/02/29;2200 UTC;0;1003,4;1003,5;1002,2;;27,5;25,3;28,4;27,2;25,4;24,1;87;81;87;21;2,5;,8;
2024/02/29;2300 UTC;,2;1004,6;1004,7;1003,4;;25,8;21,4;27,7;25,8;25,4;21,1;87;73;77;42;9,9;5,4;
2024/03/01;0000 UTC;3,6;1004,5;1004,6;1004;1,4;24,2;22,6;25,8;24,1;22,6;21,4;91;77;91;324;9,9;1,2;
2024/03/01;0100 UTC;0;1005;1005;1004,5;1,3;24,3;22,8;24,3;24,1;22,8;22,5;91;90;91;66;2,9;0;
2024/03/01;0200 UTC;0;1004,9;1005,1;1004,9;1,9;24;22,7;24,3;24;22,8;22,7;93;91;93;240;1;0;
2024/03/01;0300 UTC;,2;1004,6;1004,9;1004,6;2,6;23,9;22,6;24;23,9;22,8;22,6;93;93;93;67;,8;0;
2024/03/01;0400 UTC;0;1004,3;1004,7;1004,3;1,6;23,8;22,6;23,9;23,7;22,7;22,5;93;93;93;35;0;0;
2024/03/01;0500 UTC;0;1004,2;1004,3;1004;3,6;23,8;22,7;23,9;23,7;22,7;22,6;93;93;93;107;,4;0;
2024/03/01;0600 UTC;0;1003,5;1004,2;1003,5;3;23,6;22,5;23,9;23,6;22,8;22,5;93;93;93;46;1;0;
2024/03/01;0700 UTC;0;1003,6;1003,6;1003,3;2,3;23,8;22,7;23,8;23,5;22,7;22,4;94;93;94;105;,6;0;
2024/03/01;0800 UTC;0;1003,6;1003,7;1003,5;3,1;23,8;22,7;23,9;23,7;22,8;22,6;94;94;94;4;,9;0;
2024/03/01;0900 UTC;0;1004,1;1004,1;1003,6;10,7;24,2;23,1;24,2;23,8;23,1;22,8;94;94;94;341;1,8;,8;
2024/03/01;1000 UTC;0;1004,6;1004,6;1004;184,6;24,7;23,5;24,8;24,1;23,7;23;94;93;93;347;2,3;,6;
2024/03/01;1100 UTC;0;1005,9;1005,9;1004,6;618,5;25,5;22,3;25,8;24,6;23,7;22,3;93;82;83;45;2,3;,5;
2024/03/01;1200 UTC;0;1005,9;1006,1;1005,8;1132,2;26,9;22,1;27,1;25,4;23,1;21,5;83;73;75;350;3,2;1,3;
2024/03/01;1300 UTC;0;1005,7;1005,9;1005,7;1708,7;29;22,5;29,1;26,8;23,4;22;77;67;68;6;4,1;2,2;
2024/03/01;1400 UTC;0;1004,9;1005,7;1004,9;2805,9;30,7;23,2;31,2;29;23,8;22;69;58;64;20;5;2,3;
2024/03/01;1500 UTC;0;1004;1004,9;1004;2439,2;32;22,4;32,2;30,6;23,3;21,7;65;57;57;289;5,9;1,6;
2024/03/01;1600 UTC;0;1002,9;1004;1002,9;2364,8;31,4;22;32,8;30,9;23,4;21,4;62;53;58;327;5,1;2,1;
2024/03/01;1700 UTC;0;1001,8;1002,9;1001,8;1696,3;32;23,1;33,1;31,3;23,5;21,9;62;53;60;4;5,1;2,1;
2024/03/01;1800 UTC;0;1001,2;1001,8;1001,1;1725,9;33,1;22,2;33,8;32;23;20,7;59;49;53;10;4,6;2,1;
2024/03/01;1900 UTC;0;1001;1001,2;1000,5;1430,8;33,2;23;33,6;32,9;23;20,7;56;48;55;18;4,3;1,9;
2024/03/01;2000 UTC;0;1000,3;1001;1000,3;859,2;32,4;22,5;33,2;32,4;23,1;21,1;57;50;56;18;3,6;1,4;
2024/03/01;2100 UTC;0;1001;1001;1000,3;120,7;29,1;25;32,8;29,1;25,6;22,5;79;56;79;268;2,3;0;
2024/03/01;2200 UTC;0;1001,9;1002;1001;;27,9;24,3;29,1;27,9;25,6;24;84;78;81;347;,7;0;
2024/03/01;2300 UTC;0;1003,3;1003,3;1001,8;;26,7;23,6;28,3;26,7;25,5;23,4;85;76;83;29;9;2,9;
2024/03/02;0000 UTC;0;1003,8;1003,9;1003,3;;25,8;23;26,7;25,8;23,7;22,9;85;83;85;356;5,8;1,9;
2024/03/02;0100 UTC;0;1003,6;1003,9;1003,6;;25,5;23,1;25,8;25,4;23,2;22,7;87;84;87;358;3,2;,2;
2024/03/02;0200 UTC;0;1003,6;1003,6;1003,5;;25,1;23,1;25,5;25,1;23,3;23,1;89;87;89;32;2,2;,1;
2024/03/02;0300 UTC;0;1003,7;1003,9;1003,6;;24,8;23,2;25,2;24,7;23,3;23;91;89;91;335;1,1;,5;
2024/03/02;0400 UTC;0;1003,2;1003,8;1003,2;;24,5;23;24,8;24,5;23,2;23;91;91;91;303;1,5;,3;
2024/03/02;0500 UTC;0;1002,8;1003,2;1002,7;;24,8;23,4;24,9;24,5;23,4;23;92;91;92;40;1,1;,6;
2024/03/02;0600 UTC;0;1002,6;1002,8;1002,6;;24,4;23;24,8;24,4;23,4;23;92;92;92;321;1,2;0;
2024/03/02;0700 UTC;0;1002,8;1003;1002,6;;24,6;23,3;24,6;24,3;23,3;23;93;92;93;334;,7;,1;
2024/03/02;0800 UTC;0;1003,1;1003,1;1002,8;;24,1;22,9;24,6;24;23,3;22,8;93;93;93;339;,7;0;
2024/03/02;0900 UTC;0;1003,7;1003,7;1003,1;21,9;24,1;23;24,1;23,9;23;22,7;93;93;93;242;,5;0;
2024/03/02;1000 UTC;0;1004,6;1004,7;1003,7;433,1;25,6;23,3;25,6;24,1;23,8;23;93;88;88;327;1,5;,5;
2024/03/02;1100 UTC;0;1005,3;1005,3;1004,6;605;27;24,1;27;25,5;24,1;23,2;88;83;84;21;2,7;1;
2024/03/02;1200 UTC;0;1005,4;1005,5;1005,3;1394,8;28,3;22,9;28,5;26,8;23,8;22,8;84;72;72;355;4,1;1,6;
2024/03/02;1300 UTC;0;1005,3;1005,4;1005,2;1120,3;29,2;23,5;29,5;28,1;23,8;22,5;75;67;72;272;3,8;,6;
2024/03/02;1400 UTC;0;1004,6;1005,3;1004,6;1926,2;30,6;22,8;31,2;29,1;23,7;21,9;72;59;63;14;3,3;1;
2024/03/02;1500 UTC;0;1003;1004,6;1003;2476,7;31,6;23,5;32,6;30,6;24,5;22,5;67;57;62;355;4,2;2,1;
2024/03/02;1600 UTC;0;1001,2;1003;1001,2;2521,1;32,6;22,7;33;31,2;24,1;22,2;63;54;56;280;4,2;1;
2024/03/02;1700 UTC;0;1000;1001,2;1000;1418,2;32,1;23,9;33,7;32;23,9;22,2;62;52;62;287;2,9;1;
2024/03/02;1800 UTC;0;999,2;1000;999,2;1287,9;31,9;22,8;33,4;31,9;24,3;22,1;63;53;59;160;3,6;,5;
2024/03/02;1900 UTC;0;998,5;999,2;998,5;1130,8;33,9;22,6;34,3;31,7;26;22,1;72;49;52;240;3,1;,9;
2024/03/02;2000 UTC;0;999,3;999,4;998,5;777,2;32,1;23,2;34,5;32,1;23,9;22,3;61;49;59;331;3,4;1,5;
2024/03/02;2100 UTC;0;1000;1000,1;999,3;44,3;29,1;22,6;32,2;29,1;24,1;22,2;70;59;68;190;4,6;,6;
2024/03/02;2200 UTC;0;1002,2;1002,3;999,8;;27,4;23;29,1;27,4;24,7;22,7;83;68;77;116;10,1;1,7;
2024/03/02;2300 UTC;0;1002,9;1002,9;1002;;25,7;22,8;27,4;25,7;22,8;18,6;84;60;84;324;10,1;1,7;
2024/03/03;0000 UTC;0;1004,2;1004,2;1002,9;;25,4;22,3;25,8;25,3;22,9;22,2;85;83;83;10;4,7;1,1;
2024/03/03;0100 UTC;0;1003,8;1004,4;1003,8;;25,1;22,8;25,4;25;22,9;22,3;87;83;87;349;2,7;1,2;
2024/03/03;0200 UTC;0;1003;1003,8;1003;;24,9;22,9;25,1;24,9;23;22,8;89;87;89;34;3,2;1,5;
2024/03/03;0300 UTC;0;1002,9;1003,2;1002,9;;24,7;22,9;24,9;24,6;23;22,8;90;89;90;359;3,2;,6;
2024/03/03;0400 UTC;0;1002,9;1003;1002,8;,3;25;22,9;25;24,7;23,1;22,7;90;88;88;311;3,9;1,1;
2024/03/03;0500 UTC;0;1002,4;1002,9;1002,4;;25,2;23,5;25,2;25;23,5;22,9;90;88;90;356;3;,3;
2024/03/03;0600 UTC;,6;1002,1;1002,4;1002,1;;25,1;23,6;25,3;25,1;23,8;23,5;92;90;92;341;2,2;1,3;
2024/03/03;0700 UTC;0;1002,6;1002,6;1002,1;;25,1;23,7;25,2;25;23,8;23,6;92;92;92;313;2,2;,8;
2024/03/03;0800 UTC;0;1002,5;1002,6;1002,4;;24,8;23,6;25,1;24,8;23,7;23,6;93;92;93;330;1,8;,1;
2024/03/03;0900 UTC;0;1002,8;1002,8;1002,3;19,8;24,9;23,7;25;24,8;23,8;23,6;93;93;93;19;1,9;,5;
2024/03/03;1000 UTC;0;1003,9;1003,9;1002,8;157,9;25,5;24,1;25,5;24,9;24,2;23,7;93;92;92;33;1,3;0;
2024/03/03;1100 UTC;0;1004,5;1004,5;1003,9;527,4;26,3;23,8;26,4;25,5;24,3;23,5;92;85;86;27;2,8;1,2;
2024/03/03;1200 UTC;0;1004,7;1004,7;1004,5;884,8;27,2;23,5;27,4;26,3;24,1;23,2;86;79;80;360;4,6;1,7;
2024/03/03;1300 UTC;0;1004,3;1004,7;1004,3;1316,5;28,3;23,6;29,3;27,2;24,2;23,2;81;71;76;273;4,2;1,6;
2024/03/03;1400 UTC;0;1003,9;1004,3;1003,9;1070,9;29,4;23,8;29,8;28,1;24,7;23;79;69;72;245;4;1,7;
2024/03/03;1500 UTC;0;1002,3;1003,9;1002,3;2812,5;31,1;23;31,3;29,4;25,1;22,4;75;61;62;308;4;1,5;
2024/03/03;1600 UTC;0;1000,6;1002,3;1000,6;2655,4;32,1;23,3;32,6;31,2;24,3;22,6;64;58;60;359;4,1;2,1;
2024/03/03;1700 UTC;0;999,5;1000,6;999,5;2375,5;32,9;22,6;33,2;31,7;24,7;22,3;65;54;55;5;4,6;1,3;
2024/03/03;1800 UTC;0;998,8;999,5;998,8;1516,1;33,5;22,9;33,7;31,9;24,1;22,5;63;54;54;343;3,7;1,5;
2024/03/03;1900 UTC;0;999,1;999,1;998,8;1427,2;32,8;22,6;33,6;32,8;24,4;22,4;61;53;55;314;4,9;1,8;
2024/03/03;2000 UTC;9,2;1000,5;1000,5;998,8;216,7;25;22,8;32,8;25;24,3;22,4;87;55;87;358;7,5;2,1;
2024/03/03;2100 UTC;15;1000,2;1000,6;1000;12,1;25,8;24,5;25,8;24,9;24,6;22,9;93;87;93;15;6,6;,4;
2024/03/03;2200 UTC;,8;1002,5;1002,5;1000,2;1,3;25,4;24,1;26;25,4;24,8;24,1;93;92;92;285;3,6;,5;
2024/03/03;2300 UTC;,6;1003,5;1003,5;1002;1,5;24,8;23,1;25,4;24,8;24,1;23;93;90;90;332;7,6;1,3;
2024/03/04;0000 UTC;4,6;1005;1005,3;1003,5;1,9;24,5;23,1;24,9;24,5;23,5;23;92;90;92;103;5,4;2,8;
2024/03/04;0100 UTC;11,8;1005;1005,2;1004,5;,9;24,3;23,1;24,5;24,1;23,3;22,9;93;92;93;171;5,4;1,4;
2024/03/04;0200 UTC;11;1005;1005,7;1004,8;1,3;24,1;23,1;24,5;24,1;23,4;23;94;93;94;351;4,5;,5;
2024/03/04;0300 UTC;,2;1004,4;1005,1;1004,4;,9;24,1;23,1;24,2;24;23,1;22,9;94;94;94;271;2,8;,2;
2024/03/04;0400 UTC;0;1003,4;1004,4;1003,4;,8;24,1;23,1;24,2;24,1;23,2;23;94;94;94;241;1;,1;
2024/03/04;0500 UTC;0;1002,8;1003,4;1002,8;,5;24,1;23,1;24,2;24;23,2;23;94;94;94;240;1;0;
2024/03/04;0600 UTC;,2;1002,2;1002,8;1002,2;1,1;23,9;22,9;24,2;23,9;23,1;22,9;94;94;94;295;1,1;,1;
2024/03/04;0700 UTC;0;1002,8;1002,8;1002,2;,4;24,1;23;24,1;23,9;23;22,8;94;94;94;256;,8;0;
2024/03/04;0800 UTC;0;1003,5;1003,5;1002,8;,4;24,2;23,2;24,2;24,1;23,2;23;94;94;94;332;,4;0;
2024/03/04;0900 UTC;0;1004,4;1004,4;1003,5;8;24,3;23,3;24,3;24,1;23,3;23,1;94;94;94;158;,4;0;
2024/03/04;1000 UTC;0;1004,8;1004,9;1004,3;157,1;24,8;23,8;24,8;24,3;23,8;23,2;94;94;94;308;0;0;
2024/03/04;1100 UTC;0;1005,6;1005,7;1004,8;658,3;25,4;23,4;25,5;24,7;24,1;23,4;94;89;89;234;2,4;,7;
2024/03/04;1200 UTC;9;1005,9;1006,1;1005,6;714,4;25,5;24,1;26,2;25,4;24,1;22,6;92;83;92;294;3,4;,3;
2024/03/04;1300 UTC;,6;1006,1;1006,1;1005,9;885,4;26,8;23,9;26,8;25,4;24,9;23,5;92;83;84;337;3;1,4;
2024/03/04;1400 UTC;0;1005,7;1006,1;1005,6;1563,1;28,1;22,8;28,1;26,6;23,8;22,2;85;72;73;337;4,7;2,6;
2024/03/04;1500 UTC;0;1004,5;1005,7;1004,5;1460,3;29;23,5;29,3;28,1;24,1;21,9;75;68;72;241;5,1;1,9;
2024/03/04;1600 UTC;0;1003,3;1004,5;1003,3;1559,1;29;23,4;29,7;28,6;24,2;23,1;75;70;72;240;5;1,7;
2024/03/04;1700 UTC;0;1002,6;1003,3;1002,6;1533;29,7;23,3;30,1;29;24;22,4;72;67;69;268;5,3;1,5;
2024/03/04;1800 UTC;0;1001,8;1002,6;1001,8;1778,1;30,6;23,3;31,1;29,7;23,5;21,9;69;60;65;273;4,3;1,5;
2024/03/04;1900 UTC;0;1001,7;1001,8;1001,4;1031,2;30,7;23,7;31,3;29,9;23,9;22,4;68;62;66;273;5,2;2,1;
2024/03/04;2000 UTC;0;1002,4;1002,4;1001,7;874,7;29,7;23,2;30,8;29,7;23,6;22,3;68;61;68;274;5,2;1,6;
2024/03/04;2100 UTC;0;1002,1;1002,4;1002;85,9;28;24,6;29,8;28;24,8;23,2;82;68;82;219;4,8;,2;
2024/03/04;2200 UTC;0;1003,7;1003,7;1002,1;;27,1;24,7;28;27;24,8;24,2;87;81;87;322;1,3;0;
2024/03/04;2300 UTC;0;1004,7;1004,8;1003,7;;26,6;24,8;27,1;26,5;24,8;24,5;90;87;90;174;1,8;0;
2024/03/05;0000 UTC;0;1005,6;1005,6;1004,5;;26,3;24,8;26,6;26,2;24,9;24,6;92;90;92;57;2,4;1;
2024/03/05;0100 UTC;,2;1005,6;1005,7;1005,5;;25,7;23,6;26,3;25,7;24,8;23,5;92;88;88;52;2,9;1,4;
2024/03/05;0200 UTC;,8;1005,1;1005,8;1005,1;;24,9;23,3;25,7;24,9;23,7;23,2;91;88;91;39;2,8;,6;
2024/03/05;0300 UTC;,4;1004,7;1005,1;1004,7;;24,9;23,5;25;24,8;23,6;23,2;92;91;92;287;1,4;,1;
2024/03/05;0400 UTC;,2;1004,1;1004,7;1004,1;;24,5;23,2;24,9;24,5;23,5;23,2;92;92;92;333;,8;,1;
2024/03/05;0500 UTC;0;1003,7;1004,1;1003,7;;24,6;23,3;24,6;24,4;23,3;23,1;93;92;93;7;,8;,3;
2024/03/05;0600 UTC;0;1003,6;1003,7;1003,4;;24,5;23,2;24,6;24,4;23,3;23,1;93;92;93;35;2,3;,7;
2024/03/05;0700 UTC;0;1003,3;1003,6;1003,3;;24,2;22,9;24,5;24,2;23,2;22,9;93;92;92;276;2,6;0;
2024/03/05;0800 UTC;0;1003,6;1003,6;1003,3;;23,8;22,6;24,2;23,8;23;22,6;93;92;93;120;1,8;0;
2024/03/05;0900 UTC;0;1004,1;1004,2;1003,6;10,4;24,2;23;24,2;23,7;23,1;22,5;93;93;93;144;1;,2;
2024/03/05;1000 UTC;0;1004,8;1004,8;1004,1;345,3;25,4;23,4;25,6;24,1;23,9;23;93;89;89;88;3,1;1,1;
2024/03/05;1100 UTC;0;1005,5;1005,5;1004,8;640;25,8;22,8;26,1;25,3;23,7;22,5;89;82;84;117;3,4;1,6;
2024/03/05;1200 UTC;0;1005,7;1005,8;1005,5;1259,6;27,7;22,6;27,8;25,7;23,6;22,1;84;73;74;106;3,1;1,4;
2024/03/05;1300 UTC;0;1005,5;1005,8;1005,5;1526,1;29,4;22,9;29,4;27,3;23,3;22,1;76;67;68;155;3,6;,8;
2024/03/05;1400 UTC;0;1005;1005,5;1005;2660,6;30,7;23,3;30,7;29,4;23,7;22,2;69;63;65;88;3,2;1,3;
2024/03/05;1500 UTC;0;1004;1005;1003,9;2552,1;31,8;22,4;31,9;30,5;23,5;22;65;57;58;205;3,9;,8;
2024/03/05;1600 UTC;0;1002,9;1003,9;1002,9;2037,8;31,6;23,2;33;31,2;23,3;22,1;62;53;61;48;3,5;,7;
2024/03/05;1700 UTC;0;1002;1002,9;1002;1617,9;32,2;22,9;32,5;31,6;23,6;21,9;62;54;58;122;2,9;,7;
2024/03/05;1800 UTC;0;1001,5;1002;1001,5;1226,6;32;22,6;32,6;31,8;24,2;22,3;63;56;58;43;2,7;1,6;
2024/03/05;1900 UTC;0;1001,1;1001,5;1000,9;1142,3;33;23;33,5;32;24;21,6;60;53;56;169;3;,4;
2024/03/05;2000 UTC;0;1001,3;1001,4;1001,1;609,3;31,8;24,3;33;31,8;24,6;22,4;65;55;65;154;2,6;,4;
2024/03/05;2100 UTC;0;1001,9;1001,9;1001,1;83,9;29,1;25,7;31,8;29;25,9;23,6;82;63;82;90;1,7;0;
2024/03/05;2200 UTC;0;1002,3;1002,3;1001,8;;27,5;24,8;29,1;27,5;25,9;24,4;86;80;85;75;1,1;0;
2024/03/05;2300 UTC;0;1003,2;1003,2;1002,3;;27,5;25,5;27,7;27;25,6;24,5;89;85;89;19;,3;0;
2024/03/06;0000 UTC;0;1003,7;1004;1003,2;;27,2;25,6;27,5;27,1;25,8;25,2;91;89;91;216;,8;,2;
2024/03/06;0100 UTC;0;1004,3;1004,3;1003,8;;27,2;25,7;27,4;27,1;25,9;25,6;92;91;91;21;,8;0;
2024/03/06;0200 UTC;0;1005;1005,3;1004,1;;24,7;22;27,2;24,7;25,8;22;92;80;85;89;11,8;5,4;
2024/03/06;0300 UTC;,4;1003,8;1005,1;1003,8;;24,3;22;24,7;24,2;22,5;22;89;85;87;53;11,2;1,5;
2024/03/06;0400 UTC;1,8;1002,4;1003,8;1002,4;;24,4;23;24,4;24,1;23;22;92;87;92;175;3,2;,8;
2024/03/06;0500 UTC;,2;1001,3;1002,4;1001,3;;24,5;23,2;24,7;24,4;23,4;23;93;92;93;9;3,3;1,7;
2024/03/06;0600 UTC;0;1001,9;1001,9;1001,3;;24,7;23,5;24,7;24,5;23,5;23,2;93;92;93;252;3,3;1,3;
2024/03/06;0700 UTC;0;1002,7;1002,7;1001,9;;24,5;23,3;24,7;24,4;23,5;23,2;93;93;93;232;2,9;,3;
2024/03/06;0800 UTC;0;1003,3;1003,3;1002,7;;24,6;23,5;24,6;24,5;23,5;23,3;93;93;93;56;1,3;,3;
2024/03/06;0900 UTC;0;1003,6;1003,6;1003,3;20,8;24,5;23,2;24,7;24,5;23,6;23,2;93;92;92;44;3;1,2;
2024/03/06;1000 UTC;0;1004,3;1004,3;1003,5;438,4;25,2;23;25,3;24,5;23,8;22,8;92;87;88;83;4;1,8;
2024/03/06;1100 UTC;0;1005;1005,1;1004,3;946;26,4;22,7;26,4;25;23,3;22,3;89;80;80;30;4,2;2;
2024/03/06;1200 UTC;0;1005,6;1005,6;1005;1136,9;27,5;22,8;27,8;26,2;23,6;22,2;80;75;76;18;4,2;2,1;
2024/03/06;1300 UTC;0;1005,6;1005,7;1005,5;1275,4;28,5;24;29,4;27,4;24;22,9;77;69;77;18;4,4;1,9;
2024/03/06;1400 UTC;0;1005;1005,6;1005;1488,1;30,3;23,3;30,4;28,5;24,1;22,9;77;66;66;27;4,2;1,8;
2024/03/06;1500 UTC;0;1003,7;1005;1003,7;1598;30,9;23;31,1;29,6;24;22,4;71;61;63;92;4,6;2,5;
2024/03/06;1600 UTC;0;1002,6;1003,8;1002,6;1739,7;30,2;23,6;31,4;30,1;24,5;22,8;71;62;68;122;6;1,9;
2024/03/06;1700 UTC;0;1001,3;1002,6;1001,3;2607,3;32,1;23,2;32,3;30,1;24,5;22,9;70;59;59;127;4,6;2,2;
2024/03/06;1800 UTC;0;1000,4;1001,3;1000,4;1943,1;32,9;23,5;33;31,7;24,1;22,6;62;56;58;88;5,9;1,8;
2024/03/06;1900 UTC;0;1000,6;1000,6;1000,4;1138;32,9;23,1;33,8;32,5;24,5;22,2;63;54;56;82;4,9;2;
2024/03/06;2000 UTC;0;1001,4;1001,5;1000,6;230,3;27,5;23,1;33,1;27,5;24,9;22,5;78;55;77;333;6,7;2,9;
2024/03/06;2100 UTC;0;1002,1;1002,1;1001,4;51,4;26,3;23;27,5;26,3;23,3;22,7;82;77;82;26;6;,9;
2024/03/06;2200 UTC;0;1003,8;1003,8;1002,1;;25,6;23,7;26,3;25,5;24;22,7;90;82;89;176;3,2;1,3;
2024/03/06;2300 UTC;0;1004,3;1004,4;1003,5;;25,6;23,8;25,9;25,6;24,1;23,4;90;87;90;268;3,8;,6;
2024/03/07;0000 UTC;0;1005;1005;1004,3;;25,6;23,5;25,7;25,5;23,9;23,4;90;87;88;302;2,4;,6;
2024/03/07;0100 UTC;0;1005,2;1005,5;1005;;25,3;23,4;25,6;25,3;23,6;23,3;90;88;89;14;1,9;,2;
2024/03/07;0200 UTC;0;1004,5;1005,2;1004,5;;25,1;23,6;25,3;25,1;23,7;23,4;92;89;92;108;1,6;,1;
2024/03/07;0300 UTC;0;1003,6;1004,5;1003,6;;24,8;23,5;25,1;24,8;23,7;23,5;93;92;93;88;1;0;
2024/03/07;0400 UTC;0;1002,6;1003,6;1002,6;;24,3;23,1;24,8;24,3;23,5;23,1;93;93;93;215;1,1;0;
2024/03/07;0500 UTC;0;1001,7;1002,6;1001,6;;24,1;22,9;24,4;24,1;23,2;22,9;93;93;93;281;0;0;
2024/03/07;0600 UTC;0;1001,3;1001,7;1001,3;;24;22,9;24,2;24;23;22,9;93;93;93;164;0;0;
2024/03/07;0700 UTC;0;1001,3;1001,3;1001,1;;23,6;22,5;24;23,6;22,9;22,5;94;93;94;126;,8;0;
2024/03/07;0800 UTC;0;1001,8;1001,8;1001,3;;23,5;22,4;23,6;23,4;22,5;22,4;94;94;94;144;0;0;
2024/03/07;0900 UTC;0;1002,8;1002,8;1001,8;9,8;23,4;22,3;23,5;23,1;22,4;22;94;94;94;289;1,3;0;
2024/03/07;1000 UTC;0;1004;1004;1002,8;406,7;25,1;23,6;25,1;23,4;23,7;22,4;94;91;91;340;1,3;0;
2024/03/07;1100 UTC;0;1004,7;1004,7;1004;1046,1;26,8;22,3;26,8;25;23,4;21,9;91;76;76;58;3,1;1,5;
2024/03/07;1200 UTC;0;1005;1005,1;1004,7;1656,5;29,6;22,7;29,8;26,7;23,6;22,1;78;66;67;69;5,3;2,6;
2024/03/07;1300 UTC;0;1004,8;1005,1;1004,8;2367,2;31,4;23;31,6;29,5;24;22,6;70;60;61;81;6,4;3;
2024/03/07;1400 UTC;0;1004,1;1004,8;1004,1;2598,3;33,4;23,2;33,4;31;23,8;22,3;64;55;55;89;6,1;2,5;
2024/03/07;1500 UTC;0;1003,4;1004,1;1003,4;2325,2;33;23,4;33,4;32,2;24,1;22;61;52;57;69;6,4;2,2;
2024/03/07;1600 UTC;0;1002,7;1003,4;1002,7;2589,4;32,5;22,8;34,2;32,5;23,5;21,6;58;48;57;70;5,9;2,5;
2024/03/07;1700 UTC;0;1001,6;1002,7;1001,6;1884,5;34;22,2;34,3;32,3;24,3;21,4;61;48;50;99;4,5;1,6;
2024/03/07;1800 UTC;0;1000,6;1001,6;1000,6;1626,6;33,9;21,9;34,8;32,7;24,1;21,6;60;47;50;86;4,2;1,9;
2024/03/07;1900 UTC;0;1000,3;1000,6;1000,2;933,3;32,4;23,2;34,9;32,4;24,1;21,6;59;47;59;131;4,4;1;
2024/03/07;2000 UTC;0;1000,6;1000,6;1000,1;509,1;32,6;25,3;33,4;31,5;25,4;22,7;66;54;66;338;3,6;,4;
2024/03/07;2100 UTC;0;1001,9;1002;1000,5;83,5;28;22,8;32,6;28;26,4;22,6;79;64;74;4;9,5;4,1;
2024/03/07;2200 UTC;0;1002,3;1002,5;1001,9;;26,7;23;28;26,7;23,1;22,7;80;74;80;40;7,7;3,8;
2024/03/07;2300 UTC;0;1003,1;1003,1;1002,2;;26,4;23,3;26,7;26,4;23,5;22,9;84;80;83;25;7,2;1,4;
2024/03/08;0000 UTC;0;1003,9;1003,9;1003,1;;25,6;22,7;26,4;25,6;23,5;22,6;85;81;84;333;3,7;1,8;
2024/03/08;0100 UTC;0;1004,1;1004,2;1003,9;;25,3;22,8;25,6;25,3;22,9;22,6;86;84;86;320;3,8;1,6;
2024/03/08;0200 UTC;0;1003,7;1004,1;1003,4;;25,1;23,1;25,3;25;23,1;22,7;89;86;89;12;3,8;,1;
2024/03/08;0300 UTC;0;1003,9;1003,9;1003,6;;24,9;23,3;25,1;24,8;23,4;23,1;91;89;91;267;1,5;,4;
2024/03/08;0400 UTC;0;1003,7;1004;1003,7;;25;23,2;25,1;24,8;23,4;23,1;91;90;90;276;3,2;1,1;
2024/03/08;0500 UTC;0;1002,9;1003,7;1002,9;;24,7;23;25;24,7;23,3;23;90;90;90;320;3,1;1;
2024/03/08;0600 UTC;0;1002,5;1003;1002,5;;24,4;22,9;24,7;24,4;23;22,8;91;90;91;284;2,7;,4;
2024/03/08;0700 UTC;0;1002,8;1002,8;1002,4;;24,4;23,1;24,4;24,2;23,1;22,8;93;91;93;101;1,5;,1;
2024/03/08;0800 UTC;0;1003,2;1003,2;1002,7;;24,7;23,4;24,7;24,4;23,4;23,2;93;92;92;60;,9;0;
2024/03/08;0900 UTC;0;1003,6;1003,6;1003,2;7,9;24,5;23;24,7;24,4;23,4;22,9;92;91;91;311;1,5;0;
2024/03/08;1000 UTC;0;1004,4;1004,4;1003,6;168,7;24,7;22,7;24,9;24,4;23,1;22,7;91;89;89;314;1,6;,8;
2024/03/08;1100 UTC;0;1005,2;1005,2;1004,4;814,8;26,4;22,2;26,5;24,7;23,1;22,2;89;78;78;26;1,9;,8;
2024/03/08;1200 UTC;0;1005,8;1005,9;1005,2;992,5;27,5;22,6;27,6;26,2;23,1;22;81;73;75;128;2,6;,7;
2024/03/08;1300 UTC;0;1005,7;1005,8;1005,7;1788,8;29;23,2;29,4;27,5;23,7;22,2;75;67;71;93;3,6;1;
2024/03/08;1400 UTC;0;1005;1005,7;1005;1862,2;30,4;23,6;30,5;28,8;23,7;22,5;72;63;67;101;5,3;2,1;
2024/03/08;1500 UTC;0;1003,8;1005;1003,8;2341,8;32,4;23,2;32,5;30,3;24,3;22,6;69;58;58;96;5;1,7;
2024/03/08;1600 UTC;0;1002,2;1003,8;1002,2;2540,1;33,3;23,3;33,3;31,7;23,6;21,8;61;54;56;141;4,7;1,9;
2024/03/08;1700 UTC;0;1000,6;1002,2;1000,6;2244;33,6;22,2;33,7;32,5;23,8;22,2;59;52;52;112;5,2;2,5;
2024/03/08;1800 UTC;0;1000,2;1000,6;1000,2;1090,6;31,1;23,4;33,7;30,7;24,1;22,3;66;52;64;60;7,6;2,2;
2024/03/08;1900 UTC;0;1000,1;1000,4;1000;1038,6;32,5;22,7;32,6;31,1;24,1;22,7;65;56;56;88;4,3;1,8;
2024/03/08;2000 UTC;0;1000,5;1000,5;1000,1;247,5;29,5;26,2;32,9;29,5;26,3;22,8;82;56;82;285;4;0;
2024/03/08;2100 UTC;0;1001,3;1001,3;1000,5;46,7;27,8;24,8;29,5;27,8;26,3;24,4;85;80;84;319;,7;0;
2024/03/08;2200 UTC;0;1001,9;1001,9;1001,3;;27,3;25,1;27,8;27,1;25,1;24,3;88;83;88;24;1;0;
2024/03/08;2300 UTC;0;1003,3;1003,3;1001,9;;27,3;24,2;27,3;26,9;25,3;24,2;89;83;83;359;6,2;2,5;
2024/03/09;0000 UTC;0;1004,2;1004,2;1003,3;;26,7;23;27,4;26,7;24,2;22,9;83;78;80;350;8,4;2,5;
2024/03/09;0100 UTC;0;1004,4;1004,5;1004,1;;26,1;23,1;26,7;26,1;23,2;23;84;80;84;345;4,8;1,5;
2024/03/09;0200 UTC;0;1004;1004,5;1004;;25,6;23,3;26,1;25,6;23,4;23,1;87;84;87;297;2,8;,2;
2024/03/09;0300 UTC;0;1003,4;1004;1003,4;;25,2;23,6;25,6;25,2;23,7;23,3;91;87;91;288;1,8;,3;
2024/03/09;0400 UTC;0;1002,4;1003,4;1002,4;;24,9;23,4;25,2;24,9;23,6;23,4;92;91;92;307;1,8;,1;
2024/03/09;0500 UTC;0;1002,1;1002,4;1002,1;;24,7;23,4;24,9;24,7;23,6;23,4;92;92;92;343;,7;0;
2024/03/09;0600 UTC;0;1002;1002,2;1002;;24,4;23,1;24,7;24,4;23,5;23,1;93;92;93;321;,6;0;
2024/03/09;0700 UTC;0;1002;1002,1;1002;;24,1;22,9;24,4;24,1;23,1;22,9;93;93;93;325;0;0;
2024/03/09;0800 UTC;0;1002,5;1002,5;1002,1;;23,8;22,7;24,1;23,8;23;22,7;93;93;93;340;,9;0;
2024/03/09;0900 UTC;0;1003,2;1003,2;1002,5;25,8;24,3;23,2;24,3;23,8;23,2;22,7;94;93;94;311;0;0;
2024/03/09;1000 UTC;0;1003,9;1003,9;1003,2;314,7;25,1;23,3;25,2;24,3;23,9;23,2;94;89;89;249;2;,4;
2024/03/09;1100 UTC;0;1004,5;1004,5;1003,9;738,3;26;22,2;26,2;25,1;23,5;21,9;90;78;80;288;3,2;,4;
2024/03/09;1200 UTC;0;1004,5;1004,6;1004,5;1690,5;28,5;22,5;28,8;26;23;21,9;80;68;70;60;3,1;1,7;
2024/03/09;1300 UTC;0;1004,4;1004,5;1004,2;2270,7;30,3;22,8;30,3;28,4;23,5;22,1;71;63;64;152;3,5;,7;
2024/03/09;1400 UTC;0;1004,1;1004,5;1004,1;2235,4;31,6;23;31,6;30;23,7;22,3;68;59;60;219;2,9;1;
2024/03/09;1500 UTC;0;1003,2;1004,1;1003,2;1557,1;31,6;22,6;32,1;31,1;23,4;21,3;61;55;59;351;3;1;
2024/03/09;1600 UTC;0;1002;1003,2;1002;1161;31,7;23,1;32,3;31,3;23,4;21,8;62;54;61;79;2,4;1,3;
2024/03/09;1700 UTC;0;1001;1002;1001;1146,3;32,5;23,9;32,5;31,5;24,1;22,7;64;57;61;110;3,3;1,3;
2024/03/09;1800 UTC;0;1000,2;1001;1000,2;1226,3;32,5;22,8;32,8;32;23,4;21,7;60;53;57;153;4,5;1,5;
2024/03/09;1900 UTC;0;1000;1000,4;999,9;835,5;32;23,5;32,8;32;23,8;22,2;62;54;61;98;4,9;1,3;
2024/03/09;2000 UTC;0;1000;1000,2;1000;500,5;31,8;23,9;32,1;31,3;25,4;22,9;69;58;63;88;2,7;,7;
2024/03/09;2100 UTC;0;1001,2;1001,2;1000;123;29,7;25,5;31,9;29,7;26;23,3;80;62;78;40;2,3;,4;
2024/03/09;2200 UTC;0;1001,6;1001,6;1001;;28,3;25,1;29,7;28,3;25,9;24,5;84;77;83;11;1,5;,3;
2024/03/09;2300 UTC;0;1002,7;1002,7;1001,6;;27,5;25,2;28,4;27,5;25,5;25;87;82;87;253;1;,2;
2024/03/10;0000 UTC;0;1003,4;1003,4;1002,7;;27,8;24;27,9;27,4;25,3;22,2;88;72;79;202;3;,2;
2024/03/10;0100 UTC;0;1003,8;1003,8;1003,4;;26,5;23,8;27,8;26,5;24,3;23,3;85;78;85;249;1,6;,5;
2024/03/10;0200 UTC;0;1003,2;1003,9;1003,2;;26;23,6;26,5;26;23,9;23,3;87;85;87;261;1,8;0;
2024/03/10;0300 UTC;0;1002,5;1003,2;1002,5;;26;24,2;26,1;25,9;24,3;23,7;90;87;90;59;1,2;,7;
2024/03/10;0400 UTC;0;1002,1;1002,7;1002,1;;26,6;24;26,6;25,9;24,8;23,9;91;85;86;250;3,9;,2;
2024/03/10;0500 UTC;0;1001,3;1002,2;1001,3;;26,4;24,4;26,6;26,3;24,4;24;89;86;89;319;3,2;1,5;
2024/03/10;0600 UTC;0;1001,1;1001,3;1001,1;;26;24,1;26,4;26;24,4;24,1;90;88;90;352;4;0;
2024/03/10;0700 UTC;0;1001,5;1001,5;1001;;25,6;24;26;25,6;24,2;24;91;90;90;354;,6;0;
2024/03/10;0800 UTC;0;1002;1002;1001,5;;25,3;23,8;25,6;25,3;23,9;23,7;92;90;92;8;,9;0;
2024/03/10;0900 UTC;0;1002,5;1002,5;1002;16,3;25,2;23,8;25,3;25,1;23,9;23,7;92;92;92;29;0;0;
2024/03/10;1000 UTC;0;1003,4;1003,4;1002,5;223,1;25,8;23,9;25,8;25,2;24,1;23,8;92;89;89;19;1,1;0;
2024/03/10;1100 UTC;0;1004,2;1004,2;1003,4;1229,6;27,7;23,4;27,8;25,8;24,1;23;89;76;78;330;2,8;1,4;
2024/03/10;1200 UTC;0;1004,4;1004,4;1004,2;1318,1;28,8;23,7;29,5;27,3;23,9;23,2;80;70;74;312;3,6;1,4;
2024/03/10;1300 UTC;0;1004,6;1004,6;1004,4;1229;29,8;24,4;30,7;28,8;24,7;23,3;75;69;73;294;3,2;1,3;
2024/03/10;1400 UTC;0;1004,2;1004,6;1004,2;1725,5;31,3;23,8;31,6;29,6;25;23,8;74;63;65;342;4,9;2,3;
2024/03/10;1500 UTC;,4;1003,1;1004,2;1003,1;2222,4;32,1;22,9;32,4;30,3;25,5;22,9;75;58;58;344;4,7;1,1;
2024/03/10;1600 UTC;0;1001,7;1003,1;1001,6;1323,7;31;24,7;32,6;30,9;24,9;22,8;69;57;69;16;5,1;1,9;
2024/03/10;1700 UTC;16,2;1002,1;1003,1;1001,7;102,3;24,9;23,5;31;24,4;24,8;22,9;93;68;92;71;6,5;1,7;
2024/03/10;1800 UTC;,2;1001,2;1002,1;1000,8;404,4;26,6;24,5;26,8;24,8;25,1;23,3;92;88;88;15;3,5;0;
2024/03/10;1900 UTC;0;1000,7;1001,1;1000,6;668,1;28,3;25,4;28,3;26,3;25,5;23,9;88;80;85;346;2,1;0;
2024/03/10;2000 UTC;0;1000,5;1000,7;1000,4;450,3;28,2;25,4;28,4;28,2;25,7;25;85;82;85;356;1,5;0;
2024/03/10;2100 UTC;0;1001,5;1001,5;1000,5;82,8;27;24,8;28,2;27;25,5;24,6;88;85;88;50;3,3;,2;
2024/03/10;2200 UTC;0;1002,9;1003;1001,5;;26,3;24,5;27;26,3;24,7;24;90;86;90;327;2,8;,9;
2024/03/10;2300 UTC;0;1004;1004;1002,9;;26,1;23,7;26,3;26,1;24,4;23,5;90;86;87;351;2,5;,4;
2024/03/11;0000 UTC;0;1004,9;1004,9;1004;;25,9;23,5;26,1;25,8;23,8;23,4;87;86;87;344;4,4;2,1;
2024/03/11;0100 UTC;0;1005,2;1005,2;1004,9;;25,9;23,7;26;25,9;23,7;23,4;87;86;87;346;5,3;1,8;
2024/03/11;0200 UTC;0;1004,9;1005,3;1004,9;;25,4;23,4;25,9;25,4;23,7;23,4;89;87;89;1;4,2;1,8;
2024/03/11;0300 UTC;0;1005,2;1005,2;1004,7;;25,4;23,9;25,4;25,2;23,9;23,4;91;89;91;128;3,6;1;
2024/03/11;0400 UTC;0;1004,3;1005,2;1004,3;;25,5;23,5;25,5;25,3;23,9;23,5;91;89;89;337;3,1;,7;
2024/03/11;0500 UTC;0;1004,2;1004,5;1004,2;;24,5;22,3;25,5;24,5;23,8;22,3;91;88;88;50;2,5;,4;
2024/03/11;0600 UTC;0;1003,5;1004,1;1003,5;;23,9;22,1;24,6;23,8;22,7;22,1;90;88;90;72;2,2;,7;
2024/03/11;0700 UTC;0;1003,1;1003,5;1003,1;;23,8;22,3;23,9;23,8;22,3;22,1;91;90;91;99;1,9;,7;
2024/03/11;0800 UTC;0;1003,1;1003,1;1002,8;;23,5;22,2;23,8;23,5;22,4;22,2;93;91;93;101;1,6;,1;
2024/03/11;0900 UTC;0;1003,7;1003,7;1003;9,1;23,4;22,2;23,5;23,2;22,3;22;93;93;93;89;1,5;,6;
2024/03/11;1000 UTC;,2;1004,8;1004,8;1003,7;318;24,6;22;24,6;23,4;22,7;21,9;93;86;86;117;1,9;,4;
2024/03/11;1100 UTC;0;1005;1005;1004,8;1058,1;26,9;22,5;26,9;24,6;22,5;20,9;86;76;77;51;2,6;1;
2024/03/11;1200 UTC;0;1005,3;1005,3;1004,9;1754,7;29,4;23,2;29,4;26,9;23,8;22,3;78;69;69;43;4,9;2,7;
2024/03/11;1300 UTC;0;1005,2;1005,3;1005,2;2148;30,2;24,3;30,2;29,2;24,3;23;72;67;71;51;5,1;2,5;
2024/03/11;1400 UTC;0;1005,1;1005,3;1005,1;2171,2;30,6;23,7;30,6;29,7;24,3;23,1;71;65;67;33;4,8;2,2;
2024/03/11;1500 UTC;0;1004,6;1005,1;1004,6;2986,8;32,5;22,4;32,8;30,6;24,8;22,4;67;55;56;45;4,8;2,6;
2024/03/11;1600 UTC;0;1003,1;1004,6;1003,1;2728,4;33,5;22,4;33,5;31,9;23,9;21,8;61;51;52;45;4,8;1,9;
2024/03/11;1700 UTC;0;1002;1003,1;1002;2556,1;33,7;22,3;34,5;33,4;23,6;21,5;56;49;51;77;5;1,9;
2024/03/11;1800 UTC;0;1001,5;1002;1001,5;2065,5;34,1;22,9;34,6;33,7;23,8;21,4;55;48;52;54;4,2;1,8;
2024/03/11;1900 UTC;0;1001,1;1001,5;1001,1;1357;34;22,4;34,7;33,8;23,7;21,3;54;48;51;55;4,1;1,5;
2024/03/11;2000 UTC;0;1001,3;1001,3;1001;825,9;33,7;22,6;35;33,7;23,7;21,3;56;46;52;23;3,3;,4;
2024/03/11;2100 UTC;0;1002,1;1002,1;1001,3;105,4;30,1;24,6;33,7;30,1;24,7;22,5;73;52;73;343;4,5;1,5;
2024/03/11;2200 UTC;0;1003,3;1003,3;1002,1;;29;24,7;30,1;29;25,2;24,5;79;73;78;282;3,1;,7;
2024/03/11;2300 UTC;0;1003,8;1003,8;1003,3;;28,2;25,1;29,1;28,2;25,6;24,5;84;77;84;286;2,1;,3;
2024/03/12;0000 UTC;0;1005;1005,2;1003,8;;27,9;24,5;28,2;27,9;25,1;24,5;84;81;82;340;4,3;1,7;
2024/03/12;0100 UTC;0;1005,7;1005,7;1005,1;;27;24,1;27,9;27;24,6;24,1;84;82;84;358;4,4;2;
2024/03/12;0200 UTC;0;1005,3;1005,7;1005,2;;25,8;23;27;25,8;24,1;22,9;85;81;84;350;5,1;1,5;
2024/03/12;0300 UTC;0;1005,3;1005,5;1005,3;;25,9;23,3;26;25,8;23,6;23,1;87;85;85;49;3;1,3;
2024/03/12;0400 UTC;,6;1004,6;1005,3;1004,5;;25,7;23,8;25,9;25,7;23,8;23,1;90;85;90;266;3,3;,3;
2024/03/12;0500 UTC;1,2;1004,4;1004,7;1004,4;;25,4;24;25,7;25,4;24,2;23,8;92;90;92;271;1,7;0;
2024/03/12;0600 UTC;0;1004,4;1004,5;1004,3;;25,4;24,1;25,6;25,4;24,2;23,9;92;92;92;276;0;0;
2024/03/12;0700 UTC;2;1004,2;1004,4;1004,1;;25,4;24,2;25,4;25,3;24,2;24;93;92;93;113;2,2;0;
2024/03/12;0800 UTC;0;1004,5;1004,5;1004,1;;25,5;24,3;25,6;25,4;24,4;24,1;93;93;93;113;0;0;
2024/03/12;0900 UTC;0;1005,1;1005,1;1004,4;5;25,5;24,3;25,6;25,4;24,4;24,2;93;93;93;129;0;0;
2024/03/12;1000 UTC;0;1006,2;1006,2;1005,1;258;26,1;24,6;26,1;25,5;24,8;24,3;93;91;91;235;0;0;
2024/03/12;1100 UTC;0;1007,4;1007,4;1006,2;330,5;24,2;22,1;26,7;24,2;24,9;22,1;91;86;88;211;4,9;2,2;
2024/03/12;1200 UTC;0;1007,4;1007,6;1007,4;805,5;25,5;22,5;25,8;24,2;23,3;22,1;89;82;83;209;4,6;2,2;
2024/03/12;1300 UTC;0;1007,2;1007,5;1007,2;1388,8;27,6;23,1;27,7;25,2;23,4;22;84;75;77;204;4,1;1,2;
2024/03/12;1400 UTC;0;1006;1007,2;1006;2338,2;29,4;23,6;29,4;27,5;24,2;22,7;77;70;71;290;3,5;,9;
2024/03/12;1500 UTC;0;1004,6;1006;1004,6;2401,5;31,5;24,2;31,8;29,4;25;23,2;72;63;65;333;4,5;1,6;
2024/03/12;1600 UTC;0;1003,4;1004,6;1003,4;2483,2;32,7;24,3;32,8;30,9;25,2;23,1;68;58;61;78;4,5;1,6;
2024/03/12;1700 UTC;0;1002,3;1003,4;1002,3;2231;33,1;22,5;33,3;32,4;24,9;22,5;63;54;54;44;4,3;1,7;
2024/03/12;1800 UTC;0;1001,5;1002,3;1001,5;1729,6;33,9;22,6;34,4;33;24,3;22,3;59;51;52;54;3,1;,9;
2024/03/12;1900 UTC;0;1001,5;1001,5;1001,1;1111,2;32,7;25,1;34,3;32,7;25,5;21,7;65;49;65;83;3,4;0;
2024/03/12;2000 UTC;0;1001,6;1001,6;1001,2;550,7;32,1;26,6;34,1;32,1;27,1;22,5;74;53;73;5;1,4;0;
2024/03/12;2100 UTC;0;1001,7;1001,9;1001,5;56,7;29;26,1;32,1;28,7;26,8;24,9;85;71;85;291;1;,3;
2024/03/12;2200 UTC;0;1002,5;1002,5;1001,7;;28,7;23,7;29;28,4;26,3;23,6;87;74;74;3;6;2,7;
2024/03/12;2300 UTC;0;1003,8;1003,9;1002,5;;27,8;24,3;28,7;27,8;25,2;23,5;85;74;82;56;6;2;
2024/03/13;0000 UTC;0;1004,4;1004,4;1003,8;;27,2;23,8;27,8;27,2;24;23,7;82;79;82;17;5,7;1,7;
2024/03/13;0100 UTC;0;1005,3;1005,4;1004,4;;26,6;24,2;27,3;26,6;24,4;23,7;87;82;87;88;4,3;,2;
2024/03/13;0200 UTC;0;1005,2;1005,5;1005,2;;26,5;24,1;26,6;26,3;24,5;23,9;89;86;86;280;1,5;,3;
2024/03/13;0300 UTC;0;1004,5;1005,2;1004,5;;26,1;24,1;26,5;26,1;24,1;23,8;89;86;89;254;2,3;,2;
2024/03/13;0400 UTC;0;1004,2;1004,5;1004,1;;25,9;24,3;26,1;25,8;24,3;24,1;91;89;91;184;1,3;,2;
2024/03/13;0500 UTC;0;1004,5;1004,5;1003,9;;25,7;24,4;26;25,6;24,4;24,2;92;91;92;255;1,8;,8;
2024/03/13;0600 UTC;0;1003,9;1004,6;1003,9;;25,9;24,2;26;25,7;24,5;24,1;92;90;91;304;2,2;,2;
2024/03/13;0700 UTC;0;1003,9;1004,1;1003,9;;25,8;24,2;25,9;25,8;24,4;24,2;91;91;91;279;1,1;,1;
2024/03/13;0800 UTC;0;1004,1;1004,1;1003,8;;25,8;24,4;25,8;25,6;24,4;24,1;92;91;92;256;1,6;0;
2024/03/13;0900 UTC;0;1004,5;1004,5;1004,1;17,1;25,8;24,3;25,8;25,6;24,3;24,1;92;91;92;227;2,2;0;
2024/03/13;1000 UTC;0;1005,2;1005,2;1004,5;150,4;26,5;24,3;26,5;25,8;24,4;24;92;88;88;170;1,7;0;
2024/03/13;1100 UTC;0;1005,8;1005,8;1005,2;1078,6;28,2;23,2;28,2;26,5;24,4;23;88;74;74;239;2,6;1,2;
2024/03/13;1200 UTC;0;1006;1006;1005,8;869,7;28,6;23,5;28,6;27,7;24,3;23,1;79;74;74;237;2,9;,3;
2024/03/13;1300 UTC;0;1005,7;1006;1005,7;2056,3;30,9;23,2;31,1;28,6;24;22,6;75;63;64;133;3,5;1;
2024/03/13;1400 UTC;0;1005,3;1005,8;1005,3;1794,6;31,6;23,4;31,8;30,5;24,4;22,9;68;60;62;208;3,4;,5;
2024/03/13;1500 UTC;0;1004;1005,3;1004;2601,3;32,4;23,8;32,8;31,3;24,5;22,9;66;57;61;95;4,3;1,5;
2024/03/13;1600 UTC;0;1002,8;1004;1002,8;3013,7;33,9;24;33,9;32,5;24,2;22,2;62;52;57;101;4,5;1,3;
2024/03/13;1700 UTC;0;1001,3;1002,8;1001,3;2412,9;34;22,7;34,5;33,4;24,3;21,7;57;48;52;23;4,1;1,2;
2024/03/13;1800 UTC;0;1000,6;1001,3;1000,6;1863,3;34,3;22,5;34,3;33,3;24,1;22,2;58;50;50;338;4;,7;
2024/03/13;1900 UTC;0;1000,4;1000,6;1000,3;733,6;33,7;22,5;34,7;33;25,9;22,3;65;49;52;77;2,4;,3;
2024/03/13;2000 UTC;0;1000,6;1000,6;1000,1;485;31,8;26,3;34,5;31,8;26,5;22,3;73;52;73;95;1,4;,2;
2024/03/13;2100 UTC;0;1001,7;1001,7;1000,6;45,8;29,4;24,7;31,8;29,3;26,3;22,7;76;63;76;124;5,7;,5;
2024/03/13;2200 UTC;0;1002,3;1002,4;1001,4;;27,8;23,5;29,4;27,8;24,7;23,4;77;71;77;16;7,2;4;
2024/03/13;2300 UTC;0;1004;1004,1;1002,3;;26,8;23,3;27,8;26,7;23,6;22,7;81;77;81;354;7,5;,5;
2024/03/14;0000 UTC;,6;1005,2;1005,3;1003,9;;25,8;23,5;26,8;25,8;23,6;23,1;87;81;87;65;5,5;2,8;
2024/03/14;0100 UTC;3,4;1005,7;1005,7;1005,1;;25,1;23,7;25,8;25,1;24;23,6;92;87;92;342;5,5;0;
2024/03/14;0200 UTC;13;1005,6;1006,3;1005,6;;24,8;23,7;25,2;24,8;23,9;23,6;93;92;93;2;5,3;2,1;
2024/03/14;0300 UTC;1,4;1004,2;1005,6;1004,2;;24,9;23,8;25;24,8;23,9;23,6;94;93;94;253;4,4;,1;
2024/03/14;0400 UTC;0;1004,2;1004,6;1004,2;;24,9;23,8;25,1;24,8;24;23,7;94;93;93;282;2,3;,2;
2024/03/14;0500 UTC;0;1003,9;1004,2;1003,9;;24,7;23,6;25;24,7;23,8;23,5;93;93;93;332;1,3;0;
2024/03/14;0600 UTC;0;1004,1;1004,1;1003,8;;24,9;23,7;24,9;24,5;23,7;23,3;94;93;93;145;1;,1;
2024/03/14;0700 UTC;0;1003,5;1004,1;1003,4;;24,7;23,6;24,9;24,7;23,8;23,6;93;93;93;309;1,4;0;
2024/03/14;0800 UTC;0;1003,1;1003,5;1003,1;;24,4;23,3;24,7;24,3;23,6;23,2;93;93;93;141;1;,1;
2024/03/14;0900 UTC;0;1003;1003,2;1002,9;16,8;24,6;23,5;24,6;24,4;23,5;23,3;94;93;94;224;,7;0;
2024/03/14;1000 UTC;0;1003,2;1003,2;1003;313,8;25,3;24;25,5;24,6;24,2;23,5;94;92;92;314;1,5;,7;
2024/03/14;1100 UTC;0;1003,7;1003,7;1003,2;628,7;26;23,1;26,4;25,3;24,3;22,6;92;82;84;205;2,7;1,1;
2024/03/14;1200 UTC;0;1004,1;1004,1;1003,7;1513;27,8;23,4;28;26;23,8;22,6;85;74;77;184;3,4;1;
2024/03/14;1300 UTC;0;1004,4;1004,4;1004;1581,8;29,4;23,8;29,6;27,8;24,2;22,9;77;69;72;182;3,5;,7;
2024/03/14;1400 UTC;0;1004;1004,4;1004;1810,5;30,3;23,4;30,8;29,4;24,9;23,2;73;66;67;103;3,8;1,8;
2024/03/14;1500 UTC;0;1003,1;1004,1;1003,1;2788,4;31,9;22,9;32,1;30,3;24,3;22,8;68;59;59;41;4,5;1,2;
2024/03/14;1600 UTC;0;1001,7;1003,1;1001,7;2592,9;32,8;24,2;32,9;31,8;24,9;22,7;65;56;61;40;5,5;2,9;
2024/03/14;1700 UTC;0;1000,6;1001,7;1000,6;1431,6;31,4;23,5;32,9;31,3;25,3;22,8;69;57;63;87;5,5;,9;
2024/03/14;1800 UTC;0;999,8;1000,6;999,7;1752,5;33,7;22,6;33,7;31,4;24,7;21;66;49;52;63;2,1;1;
2024/03/14;1900 UTC;0;999,7;999,9;999,7;1064,6;32,4;23,8;33,9;32,4;24,6;20,4;63;46;61;46;2,9;1,1;
2024/03/14;2000 UTC;,6;999,9;999,9;999,4;227,9;28,5;25,2;32,4;28,5;25,8;23,6;82;60;82;116;7,7;2,6;
2024/03/14;2100 UTC;,2;1001,2;1001,2;999,8;17,3;27,6;25,8;28,5;27,6;26,1;25,3;90;82;90;277;5,4;,4;
2024/03/14;2200 UTC;0;1001,3;1001,4;1000,9;;27,3;25,7;27,6;27,2;25,9;25,6;91;90;91;24;1,7;,1;
2024/03/14;2300 UTC;0;1002,3;1002,3;1001,1;;27;25,6;27,3;27;25,8;25,5;92;91;92;233;2;0;
2024/03/15;0000 UTC;,2;1003,5;1003,5;1002,3;;26,8;25,1;27,2;26,7;25,8;25;92;90;91;93;3,6;,9;
2024/03/15;0100 UTC;0;1003,4;1003,6;1003,4;;26,2;24,2;26,7;26,2;25;24,2;91;88;88;56;2,4;1,1;
2024/03/15;0200 UTC;0;1003,5;1003,7;1003,4;;26,4;24,3;26,5;26,2;24,6;24,2;90;88;89;31;3,1;1,4;
2024/03/15;0300 UTC;,4;1002,8;1003,5;1002,8;;26,2;24,7;26,4;26,2;24,7;24,3;91;89;91;322;3,1;,3;
2024/03/15;0400 UTC;,4;1002,4;1003;1002,4;;25,7;24,1;26,3;25,6;24,9;24,1;92;91;91;115;3,4;1,2;
2024/03/15;0500 UTC;,2;1001,6;1002,4;1001,5;;25,7;24,3;25,8;25,6;24,4;24,1;92;91;92;194;2,8;,7;
2024/03/15;0600 UTC;1,2;1001;1001,6;1000,9;;25,3;24;25,7;25,3;24,3;24;92;92;92;212;2,8;,2;
2024/03/15;0700 UTC;,2;1001,4;1001,4;1000,9;;25,1;23,9;25,3;25,1;23,9;23,8;93;92;93;242;1,5;,4;
2024/03/15;0800 UTC;0;1002;1002;1001,4;;25,1;23,9;25,2;25,1;24;23,9;93;93;93;322;1,5;0;
2024/03/15;0900 UTC;0;1002,4;1002,4;1002;13,4;25,2;24;25,2;25,1;24,1;23,9;93;93;93;271;0;0;
2024/03/15;1000 UTC;0;1002,9;1002,9;1002,4;278,7;25,9;24,4;25,9;25,2;24,5;24;93;92;92;157;,9;,1;
2024/03/15;1100 UTC;0;1003,2;1003,2;1002,9;1135,6;27,3;23,1;27,3;25,8;24,4;22,9;92;77;78;80;2,6;,8;
2024/03/15;1200 UTC;0;1003,3;1003,4;1003,1;1657,7;28,9;22,9;29,2;27,3;23,6;22,5;79;69;70;93;2,7;,8;
2024/03/15;1300 UTC;0;1003,3;1003,5;1003,3;1513,3;30,1;23,6;30,4;28,8;24,3;22,6;73;67;68;126;3,2;,8;
2024/03/15;1400 UTC;0;1002,8;1003,3;1002,8;1397,2;31,4;23,7;31,5;29,9;24,7;23,2;72;63;64;105;3,3;1,3;
2024/03/15;1500 UTC;0;1001,5;1002,8;1001,5;1956,3;32;23,8;32,3;30,5;25,3;22,9;73;61;62;140;4,6;1,2;
2024/03/15;1600 UTC;0;1000,1;1001,5;1000,1;2819,8;33,2;23,4;33,4;32;24,8;22,7;63;55;57;81;4,9;2,5;
2024/03/15;1700 UTC;0;1000,3;1000,3;999,6;1651,1;31,5;23,3;33,6;31,5;24,5;23;62;55;62;99;13,6;3,8;
2024/03/15;1800 UTC;16;999,7;1001;999,7;157,7;24,5;23,3;31,4;24,3;24,1;23;93;62;93;76;14,4;1,6;
2024/03/15;1900 UTC;,6;1000,4;1000,4;999,5;57,8;24,9;23,7;25;24,5;23,8;23,3;93;93;93;54;3,5;1,3;
2024/03/15;2000 UTC;,4;1000,3;1000,4;1000,2;35,8;25,1;23,7;25,1;24,8;23,8;23,5;93;92;92;53;2,5;,8;
2024/03/15;2100 UTC;0;1000,3;1000,4;1000,1;8,9;25,1;23,9;25,2;25,1;23,9;23,7;93;92;93;202;2,1;0;
2024/03/15;2200 UTC;,2;1001;1001;1000,3;,6;25,1;23,9;25,2;25;24;23,7;93;93;93;275;1,8;,4;
2024/03/15;2300 UTC;0;1001,4;1001,5;1000,9;;25,2;24;25,3;25,1;24,1;23,8;93;93;93;318;1,2;,1;
2024/03/16;0000 UTC;0;1002;1002;1001,4;,6;25,1;24;25,2;25;24;23,9;93;93;93;263;1,2;0;
2024/03/16;0100 UTC;0;1002,8;1002,8;1002;1,1;25,2;24;25,2;25,1;24,1;23,9;94;93;93;252;1,7;,6;
2024/03/16;0200 UTC;0;1002,9;1003,1;1002,8;,5;25;23,9;25,2;24,9;24;23,8;94;93;94;319;1,9;,8;
2024/03/16;0300 UTC;0;1002,1;1002,9;1002,1;2,2;24,9;23,8;25,2;24,9;24;23,8;94;93;93;332;2,9;1,5;
2024/03/16;0400 UTC;0;1001,4;1002,1;1001,4;3,3;24,8;23,6;25;24,8;23,8;23,5;93;93;93;333;2,9;,9;
2024/03/16;0500 UTC;0;1000,6;1001,4;1000,6;2,3;24,3;23,1;24,8;24,3;23,6;23,1;93;93;93;344;2,8;,7;
2024/03/16;0600 UTC;0;1000,6;1000,7;1000,5;2,2;24,3;23,1;24,4;24,3;23,2;23,1;93;93;93;15;1,9;,1;
2024/03/16;0700 UTC;0;1000,5;1000,7;1000,4;2,7;24,3;23,2;24,4;24,2;23,2;23;93;93;93;75;1,6;,1;
2024/03/16;0800 UTC;0;1001;1001;1000,4;3,9;24,3;23,2;24,4;24,3;23,3;23,1;93;93;93;84;2,2;,8;
2024/03/16;0900 UTC;0;1001,3;1001,3;1001;17,1;24,5;23,4;24,5;24,3;23,4;23,1;94;93;94;102;2,2;0;
2024/03/16;1000 UTC;0;1002,2;1002,2;1001,3;188,1;24,9;23,8;24,9;24,5;23,8;23,4;94;94;94;227;0;0;
2024/03/16;1100 UTC;0;1003;1003;1002,2;386,7;25,3;23,7;25,6;24,8;24,2;23,7;94;91;91;2;0;0;
2024/03/16;1200 UTC;0;1003,3;1003,4;1003;758,9;26,5;23,4;26,5;25,2;24;22,7;91;82;84;116;1,2;0;
2024/03/16;1300 UTC;0;1003;1003,5;1003;1144,2;27,2;23,1;28;26,3;24,1;22,5;84;76;78;267;1,7;0;
2024/03/16;1400 UTC;0;1002,5;1003;1002,5;1771;29,3;23,6;29,3;27,2;24;22,5;80;70;72;172;2,1;0;
2024/03/16;1500 UTC;0;1001,5;1002,5;1001,5;3125,4;31,8;24,3;31,8;29,3;24,5;22,2;71;63;65;7;3,2;,9;
2024/03/16;1600 UTC;0;1000,1;1001,5;1000,1;2338,9;31,7;23,1;32,9;31,2;24,8;22,3;65;57;61;44;3,3;1,3;
2024/03/16;1700 UTC;7,4;999,6;1000,4;999,6;1285,9;26,2;24,4;32,8;25,4;24,8;22,3;91;54;90;334;10,5;,4;
2024/03/16;1800 UTC;0;998,9;999,6;998,9;552,1;28,1;24,1;28,2;26,1;25,9;23,9;92;79;79;252;2,5;0;
2024/03/16;1900 UTC;0;998,9;998,9;998,5;808,9;29,8;25,8;30;28,1;26;21,6;81;63;79;291;1,1;0;
2024/03/16;2000 UTC;0;999,3;999,3;998,9;351,3;28,9;26,2;30,4;28,8;26,5;22,8;86;66;86;244;0;0;
2024/03/16;2100 UTC;0;999,3;999,5;999,2;43,8;27,4;25,6;28,9;27,4;26,5;25,6;90;85;90;271;0;0;
2024/03/16;2200 UTC;0;1000,7;1000,7;999,3;2,6;27;25,5;27,4;27;25,6;25,4;92;90;91;269;,5;0;
2024/03/16;2300 UTC;0;1001,5;1001,5;1000,7;,9;26;22;27,3;26;25,8;22;92;79;79;342;3,7;1,5;
2024/03/17;0000 UTC;0;1002,3;1002,3;1001,5;;25,7;22,9;26,1;25,7;22,9;22,1;84;79;84;337;3,9;1,5;
2024/03/17;0100 UTC;0;1002,8;1002,8;1002,4;;25,5;23,2;25,7;25,5;23,3;22,8;87;84;87;344;2,6;1,1;
2024/03/17;0200 UTC;0;1002,6;1002,8;1002,5;1,8;25,6;23,7;25,6;25,5;23,7;23,2;89;87;89;357;2,3;0;
2024/03/17;0300 UTC;0;1002,3;1002,6;1002,3;3,6;25,7;24;25,8;25,6;24;23,7;90;89;90;75;0;0;
2024/03/17;0400 UTC;12,2;1001,4;1002,4;1001,4;2,8;25,1;23,9;25,7;25,1;24,1;23,7;93;90;93;272;3;,1;
2024/03/17;0500 UTC;0;1000,7;1001,5;1000,7;1,4;25,3;24,1;25,3;25,1;24,1;23,9;94;93;94;244;2,8;1;
2024/03/17;0600 UTC;0;1000,5;1000,7;1000,5;2,2;25,4;24,3;25,4;25,2;24,3;24,1;94;94;94;232;2,8;,3;
2024/03/17;0700 UTC;0;1001;1001;1000,5;3,8;25,3;24,2;25,4;25,3;24,3;24,2;94;94;94;281;1,6;0;
2024/03/17;0800 UTC;0;1002;1002;1001;2,8;25,4;24,3;25,4;25,3;24,3;24,2;94;94;94;2;1,2;0;
2024/03/17;0900 UTC;0;1002,7;1002,7;1002;21,4;25,4;24,3;25,5;25,3;24,3;24,2;94;94;94;342;1;0;
2024/03/17;1000 UTC;0;1003,3;1003,3;1002,7;374,6;25,9;24,6;26,2;25,4;25,1;24,3;94;92;92;243;2;,3;
2024/03/17;1100 UTC;0;1003,4;1003,4;1003,2;885;27,3;23,5;27,3;25,9;24,6;22,5;92;78;80;196;1,7;,6;
2024/03/17;1200 UTC;0;1003,8;1003,8;1003,4;1427,8;28,5;23,6;28,5;27,2;24,1;22,6;81;74;75;192;3,1;,7;
2024/03/17;1300 UTC;0;1003,8;1004;1003,8;2015,7;30,6;23,5;30,6;28,4;24;22,8;75;66;66;110;3,8;1,4;
2024/03/17;1400 UTC;0;1003,3;1003,8;1003,3;2099,7;30,9;23;31,6;30,2;24,9;22,8;70;62;63;231;3,9;1,3;
2024/03/17;1500 UTC;0;1002,4;1003,3;1002,4;1641,4;31,3;24,4;32,5;30,7;25;22,9;70;59;67;123;3,9;1,5;
2024/03/17;1600 UTC;,2;1000,7;1002,4;1000,7;2183,6;31,7;24,7;31,9;30,1;26,1;23,1;78;60;66;15;5,1;1,2;
2024/03/17;1700 UTC;0;999,8;1000,7;999,8;2074,1;33;24,4;33;31,7;25;22,8;67;55;61;203;4,3;1,5;
2024/03/17;1800 UTC;,6;999,5;999,8;999,1;1572,7;32,1;24;34,2;32,1;24,9;23,1;62;54;62;116;11;2,3;
2024/03/17;1900 UTC;1,2;999,5;999,5;998,8;682,4;28,6;24,3;32;27,3;25,3;23,6;84;63;77;343;11;,6;
2024/03/17;2000 UTC;0;1001;1001,5;999,5;152,8;27,1;23,5;29,2;27,1;25,8;23,3;84;77;81;188;7,2;2,1;
2024/03/17;2100 UTC;37,4;1002,1;1002,8;1000,9;4;24,9;23,9;27,1;24,6;24,2;23,4;94;81;94;162;7,5;1,3;
2024/03/17;2200 UTC;1,8;1002,8;1003,2;1002,1;2,3;25,5;24,4;25,5;24,8;24,4;23,7;94;94;94;252;3,8;,8;
2024/03/17;2300 UTC;,2;1003,3;1003,4;1002,8;2,5;25,3;24,2;25,5;25,2;24,5;24,2;94;94;94;301;2,7;,4;
2024/03/18;0000 UTC;0;1003,6;1003,7;1003,2;2,1;25,2;24,2;25,3;25,2;24,2;24,2;94;94;94;180;2;,4;
2024/03/18;0100 UTC;0;1003,7;1003,8;1003,4;2,3;25,1;24,1;25,2;25,1;24,2;24,1;94;94;94;144;1,1;,5;
2024/03/18;0200 UTC;0;1003,6;1003,8;1003,6;3,7;25,2;24,2;25,3;25,1;24,2;24,1;94;94;94;119;1,6;,7;
2024/03/18;0300 UTC;0;1002,6;1003,6;1002,6;4,8;25,1;24;25,3;25;24,2;24;94;94;94;3;1,6;,6;
2024/03/18;0400 UTC;0;1002,1;1002,7;1002,1;1,8;25;23,9;25,1;25;24,1;23,9;94;94;94;336;1,4;0;
2024/03/18;0500 UTC;0;1001,6;1002,1;1001,5;1;24,9;23,9;25;24,8;23,9;23,8;94;94;94;277;1,3;0;
2024/03/18;0600 UTC;,4;1002;1002,1;1001,6;3,4;25,1;24,1;25,2;24,9;24,2;23,9;94;94;94;316;,8;0;
2024/03/18;0700 UTC;0;1002;1002,1;1001,9;3;25,1;24,1;25,2;25;24,2;24;94;94;94;291;,8;0;
2024/03/18;0800 UTC;0;1001,9;1002;1001,8;2,3;24,5;23,5;25,1;24,5;24;23,5;94;94;94;310;1,3;0;
2024/03/18;0900 UTC;,2;1003;1003;1001,9;19;24,8;23,8;24,8;24,4;23,8;23,4;94;94;94;238;0;0;
2024/03/18;1000 UTC;0;1003,7;1003,7;1003;290,8;25,6;24,5;25,7;24,8;24,6;23,8;94;94;94;55;0;0;
2024/03/18;1100 UTC;0;1004,2;1004,2;1003,7;408,1;25,9;24,5;26;25,5;24,9;24,4;94;92;92;128;3,2;1,2;
2024/03/18;1200 UTC;0;1003,6;1004,2;1003,6;1421,6;27,2;23,2;27,3;25,7;24,3;22,4;92;78;79;59;3,1;1,4;
2024/03/18;1300 UTC;0;1003,7;1003,7;1003,5;1118,5;28,2;23;28,4;27;24;22,6;79;73;73;161;2,4;,8;
2024/03/18;1400 UTC;0;1003,2;1003,7;1003,2;1707;29,9;23,5;29,9;28,2;23,7;22;74;66;68;69;2,7;,6;
2024/03/18;1500 UTC;0;1002,3;1003,2;1002,2;2191;31,7;24;31,7;29,6;25;22,5;71;60;64;80;2,8;,7;
2024/03/18;1600 UTC;0;1001,1;1002,3;1001,1;2127,5;32,1;23,2;32,3;31,2;24,6;22,8;67;59;60;259;3,4;,8;
2024/03/18;1700 UTC;0;999,6;1001,1;999,6;2083,4;32,8;23,4;33,2;32,1;25;22,6;64;55;58;149;3,2;1,1;
2024/03/18;1800 UTC;0;998,6;999,6;998,6;1956,3;32,7;23,2;33,8;32,6;24,2;22;61;50;57;22;4;1,5;
2024/03/18;1900 UTC;0;998,6;998,7;998,3;1187,4;30,2;23,6;33,7;30,2;24,2;22,4;68;53;68;81;8,3;3,5;
2024/03/18;2000 UTC;0;999,7;999,7;998,1;390,3;28,8;23,4;30,2;28,7;25,4;21,6;79;64;73;346;8,3;,8;
2024/03/18;2100 UTC;0;1000,2;1000,2;999,6;34,4;27;24,2;28,8;27;24,6;23;85;73;85;116;3,5;,6;
2024/03/18;2200 UTC;3,2;1001;1001,3;1000,2;;26,3;24,4;27;26,3;24,6;24,1;89;85;89;159;3,9;1,3;
2024/03/18;2300 UTC;,2;1001,7;1001,7;1000,9;2,2;26,3;25;26,4;26,2;25;24,4;92;89;92;171;3;,4;
2024/03/19;0000 UTC;0;1002,3;1002,3;1001,7;2,5;26,2;24,9;26,3;26,2;25,1;24,9;93;92;93;167;1,2;,2;
2024/03/19;0100 UTC;0;1002,8;1002,8;1002,3;2,6;26;24,8;26,3;26;25;24,8;93;93;93;296;1,8;,1;
2024/03/19;0200 UTC;0;1002,8;1003;1002,7;3,2;25,8;24,6;26,3;25,8;25,1;24,5;93;93;93;246;2,7;,1;
2024/03/19;0300 UTC;,2;1002,5;1002,9;1002,5;4;25,7;24,5;25,9;25,7;24,7;24,5;93;93;93;247;1,7;,1;
2024/03/19;0400 UTC;0;1001,4;1002,5;1001,3;2,7;25,2;23,9;25,8;25,1;24,6;23,9;93;93;93;342;2,6;0;
2024/03/19;0500 UTC;0;1000,8;1001,4;1000,8;4,2;24,9;23,7;25,2;24,9;24;23,7;93;93;93;256;1,1;0;
2024/03/19;0600 UTC;0;1000,6;1000,8;1000,6;1,6;24,6;23,5;24,9;24,6;23,7;23,4;93;93;93;11;,7;0;
2024/03/19;0700 UTC;0;1000,5;1000,7;1000,5;,9;24,4;23,3;24,6;24,4;23,4;23,3;94;93;94;147;0;0;
2024/03/19;0800 UTC;,2;1000,9;1000,9;1000,5;,7;24,1;23,1;24,4;24,1;23,3;23,1;94;94;94;348;,9;0;
2024/03/19;0900 UTC;0;1001;1001;1000,8;24,1;24,3;23,3;24,3;24;23,3;23;94;94;94;102;0;0;
2024/03/19;1000 UTC;0;1001,8;1001,8;1001;372,5;25,7;24,5;25,8;24,3;24,6;23,3;94;93;93;325;1,2;0;
2024/03/19;1100 UTC;0;1002,1;1002,1;1001,7;749,7;26,5;22,9;26,6;25,5;24,5;22,9;93;81;81;227;2;,4;
2024/03/19;1200 UTC;0;1002,7;1002,8;1002,1;1195,6;27,7;23,4;28,1;26,3;23,9;22,4;82;75;77;320;3,2;1,1;
2024/03/19;1300 UTC;0;1002,8;1002,8;1002,5;1568,9;29,1;23,6;29,3;27,7;24,4;23,2;78;71;73;5;3,6;1,1;
2024/03/19;1400 UTC;0;1001,9;1002,8;1001,9;2067,9;31,1;24,1;31,2;29,1;25,3;23,3;75;66;67;2;2,7;,9;
2024/03/19;1500 UTC;0;1000,9;1001,9;1000,9;3118,7;31,9;23,5;32,4;30,8;25,2;23,1;67;61;61;68;4,1;2;
2024/03/19;1600 UTC;0;999,8;1000,9;999,8;2448,5;32,4;22,7;32,7;31,3;26,2;22,7;74;57;57;226;4,1;1,2;
2024/03/19;1700 UTC;0;998,6;999,8;998,6;2405,2;33,5;24,5;34,2;32,4;25,4;22,6;64;51;60;131;3,7;1,2;
2024/03/19;1800 UTC;0;997,9;998,6;997,9;1902,5;33,7;22,8;34,3;33,1;25,2;22,5;62;52;53;243;3,9;,6;
2024/03/19;1900 UTC;0;997,8;997,9;997,6;1179,5;33,9;22,4;34,5;33,4;23,7;22,3;56;50;51;6;2;,2;
2024/03/19;2000 UTC;0;998,2;998,2;997,7;605;33,1;25,6;34,3;33,1;26,2;22,2;66;51;65;23;1,4;,1;
2024/03/19;2100 UTC;0;998,9;998,9;998,2;46,2;28,8;25,7;33,1;28,7;27;25,3;84;65;84;260;1,1;,3;
2024/03/19;2200 UTC;0;1000,3;1000,3;998,9;;28,8;26,7;28,9;28,4;26,8;25,1;88;82;88;21;3;,7;
2024/03/19;2300 UTC;4,4;1002;1002;1000,3;,8;25,3;23,2;28,8;25,3;26,6;21,6;88;72;88;354;7;2,6;
2024/03/20;0000 UTC;,6;1001,3;1002,5;1001,3;2,3;25,1;23,3;25,3;24,9;23,4;22,8;90;88;90;356;6,6;2,2;
2024/03/20;0100 UTC;0;1002,5;1002,6;1001,3;3,5;25,3;23,9;25,4;25,1;24;23,3;92;90;92;119;3,7;,7;
2024/03/20;0200 UTC;0;1002,4;1002,5;1002,2;4,1;25;23,7;25,3;25;23,9;23,6;92;92;92;161;3,1;,3;
2024/03/20;0300 UTC;0;1001,8;1002,4;1001,8;4,4;25,1;23,9;25,2;24,9;24;23,6;93;92;93;357;,9;,2;
2024/03/20;0400 UTC;0;1001;1001,8;1001;4,2;25,1;23,9;25,3;25,1;24,1;23,8;93;93;93;328;1,2;,3;
2024/03/20;0500 UTC;0;1000,8;1001;1000,7;3,7;25,1;23,8;25,1;24,9;23,9;23,7;93;92;93;342;2,1;,6;
2024/03/20;0600 UTC;0;1001;1001;1000,7;5,2;25,1;23,8;25,3;25;24;23,7;93;92;92;262;1,6;0;
2024/03/20;0700 UTC;0;1000,9;1001,1;1000,9;5,7;25,1;23,7;25,3;25;24;23,6;93;92;92;310;1,9;,5;
2024/03/20;0800 UTC;0;1001,2;1001,2;1000,8;5,4;25,3;24;25,3;25,1;24;23,7;93;92;92;172;1,9;0;
2024/03/20;0900 UTC;1;1001,7;1001,8;1001,2;10,6;25,3;24;25,5;25,2;24,3;23,9;93;92;93;344;2,4;1;
2024/03/20;1000 UTC;1,4;1002,5;1002,5;1001,5;267,7;25,8;24,4;25,9;25,2;24,6;24;93;92;92;317;2,6;,3;
2024/03/20;1100 UTC;0;1003,1;1003,1;1002,5;626,1;26,7;23,9;26,7;25,7;24,7;23,4;92;84;85;223;2;,4;
2024/03/20;1200 UTC;0;1003,5;1003,5;1003,1;1185,1;27,7;23,6;27,9;26,5;24,1;22,7;85;75;78;318;2,5;,8;
2024/03/20;1300 UTC;0;1003,3;1003,7;1003,3;1598;29,3;22,8;29,4;27,6;23,9;22,3;79;66;68;8;2,9;1,1;
2024/03/20;1400 UTC;0;1002,7;1003,3;1002,7;1738,2;30,5;23,4;30,7;29,3;23,8;22,5;70;63;66;33;3,3;1;
2024/03/20;1500 UTC;0;1001,7;1002,7;1001,7;2433;31,3;23,1;32,1;30,5;24,1;22,6;67;59;62;33;3,8;1,4;
2024/03/20;1600 UTC;0;1000,2;1001,7;1000,2;2695,2;31,8;23;32,9;31,3;24,9;22,3;65;57;60;26;3,8;1,7;
2024/03/20;1700 UTC;0;999,1;1000,2;999,1;2154,2;32,5;23,6;33,3;31,8;25;22,3;65;54;60;146;3,7;1,4;
2024/03/20;1800 UTC;0;998,3;999,1;998,3;1529,8;31,7;23,9;32,7;30,7;24,9;23,1;70;59;63;168;4,1;,8;
2024/03/20;1900 UTC;0;998,8;998,8;998,3;1130,9;32,5;23,4;32,5;31,4;24,7;23,2;68;59;59;177;2,3;,5;
2024/03/20;2000 UTC;0;998,8;998,9;998,8;543;30,6;26,2;33;30,6;26,3;22,6;77;56;77;247;1,5;0;
2024/03/20;2100 UTC;0;999,7;999,7;998,8;46,3;28,1;25,3;30,6;28,1;26,1;24,3;85;77;84;69;,7;,2;
2024/03/20;2200 UTC;0;1000,6;1000,6;999,7;;27,8;25,1;28,2;27,5;26,1;24,5;88;83;85;80;3,4;,4;
2024/03/20;2300 UTC;0;1002,4;1002,4;1000,6;;27,3;23,7;27,8;27,3;25,3;23,7;87;81;81;336;3,4;1,7;
2024/03/21;0000 UTC;0;1002,9;1003;1002,3;,8;26,6;23,3;27,3;26,6;23,7;23,1;82;79;82;329;4,8;2,2;
2024/03/21;0100 UTC;0;1003,5;1003,5;1002,8;;25,9;23,6;26,6;25,8;23,6;23,2;87;82;87;306;4,8;,6;
2024/03/21;0200 UTC;0;1003,7;1003,8;1003,5;;25,5;23,7;25,9;25,4;23,8;23,3;90;87;89;12;2,1;,7;
2024/03/21;0300 UTC;0;1002,9;1003,7;1002,9;;25,4;23,6;25,6;25,4;23,7;23,4;90;88;90;336;2,4;,8;
2024/03/21;0400 UTC;0;1002,6;1002,9;1002,6;1;25,5;23,7;25,7;25,4;24;23,6;91;90;90;1;1,8;,7;
2024/03/21;0500 UTC;0;1002,2;1002,6;1002,2;;25,4;23,9;25,5;25,3;23,9;23,7;92;90;92;241;1,8;,4;
2024/03/21;0600 UTC;0;1002;1002,2;1001,9;1,5;25,5;24,1;25,5;25,3;24,1;23,8;92;91;92;317;1,3;,1;
2024/03/21;0700 UTC;0;1001,8;1002,2;1001,8;2,2;25,4;24;25,5;25,4;24,2;24;92;92;92;287;1,2;,3;
2024/03/21;0800 UTC;0;1002,2;1002,2;1001,8;,9;25,4;24;25,5;25,3;24,1;23,9;92;92;92;276;1,1;,2;
2024/03/21;0900 UTC;0;1002,6;1002,6;1002,1;9,5;25,4;24,1;25,5;25,2;24,2;23,9;93;92;93;321;1;0;
2024/03/21;1000 UTC;0;1003,4;1003,4;1002,6;186,6;25,9;24,1;25,9;25,4;24,3;23,8;93;89;90;75;1;,1;
2024/03/21;1100 UTC;0;1004,2;1004,2;1003,4;340,2;26,6;23,9;26,6;25,9;24,2;23,7;89;85;85;258;2,4;,4;
2024/03/21;1200 UTC;0;1004,6;1004,7;1004,2;833,4;27,8;23,1;28;26,5;24,3;23;85;75;76;6;2,6;1,3;
2024/03/21;1300 UTC;0;1004,4;1004,6;1004,4;1344,1;29,2;23,7;29,4;27,8;24,2;22,9;78;69;72;53;4;1,6;
2024/03/21;1400 UTC;0;1003,4;1004,4;1003,4;2386;31;22,6;31,2;29,2;24,3;22,2;72;60;61;83;3,8;1,4;
2024/03/21;1500 UTC;0;1002;1003,4;1002;2710,8;31,9;23,8;32,2;30,9;24;22;64;58;62;132;4,5;1;
2024/03/21;1600 UTC;0;1000,8;1002;1000,8;2884,7;33;23,4;33,2;32;24,5;22,2;64;54;57;54;4,6;1,6;
2024/03/21;1700 UTC;6;1000,2;1000,8;1000,1;1083,7;28,4;24;33;26,4;24,9;22,3;84;55;77;28;9,1;1,5;
2024/03/21;1800 UTC;0;999,4;1000,3;999,4;1034,4;31,5;23,5;31,5;28,4;26,1;22,5;80;62;63;123;3,7;1,2;
2024/03/21;1900 UTC;0;999,2;999,4;999;795,6;30,7;25,4;32,1;30,1;25,4;21,8;74;56;74;140;3,9;,3;
2024/03/21;2000 UTC;0;999,3;999,3;998,9;616;31,1;24,1;32,1;30,7;25,8;22,9;75;59;67;24;2;,5;
2024/03/21;2100 UTC;0;1000,4;1000,4;999,3;52;27,9;25,4;31,1;27,8;27;23,8;86;66;86;199;1,4;,6;
2024/03/21;2200 UTC;0;1001,1;1001,1;1000,4;;27,2;25,2;27,9;27,1;25,5;25,1;89;86;89;224;1,7;,4;
2024/03/21;2300 UTC;0;1001,7;1001,7;1001,1;;26,6;25;27,4;26,5;25,6;24,7;91;89;91;104;1;0;
2024/03/22;0000 UTC;0;1002,8;1002,8;1001,7;1,6;26,6;25,2;26,6;26,3;25,2;24,7;92;91;92;346;2,5;1,3;
2024/03/22;0100 UTC;0;1003;1003,1;1002,8;,7;26,6;24,9;26,7;26,5;25,2;24,8;92;90;90;331;2,4;,1;
2024/03/22;0200 UTC;0;1003,5;1003,7;1003;1,2;26,6;24,3;26,7;26,5;25,3;24,3;92;88;88;347;5,2;1,6;
2024/03/22;0300 UTC;,2;1002,5;1003,5;1002,5;,7;25,7;24,1;26,6;25,7;24,4;23,7;91;85;91;323;6,1;1,5;
2024/03/22;0400 UTC;0;1002,4;1002,5;1002,2;,3;24,5;23,2;25,7;24,5;24,1;23;92;91;92;354;3,8;1;
2024/03/22;0500 UTC;0;1002,4;1002,5;1001,7;,9;24,4;23,1;24,5;24,2;23,2;22,9;93;92;93;113;2,7;,6;
2024/03/22;0600 UTC;23;1002,9;1003,3;1002,4;2,9;22,2;21;24,6;22,2;23,4;21;93;87;93;76;11,3;5,1;
2024/03/22;0700 UTC;19;1001,9;1002,8;1001,9;4,7;22,5;21,5;22,5;22;21,6;21;94;93;94;207;8;,2;
2024/03/22;0800 UTC;2,8;1001,4;1002;1001;4,8;22,9;22;22,9;22,5;22;21,5;95;94;95;316;5,2;1,6;
2024/03/22;0900 UTC;0;1003,3;1003,3;1001,4;20,3;23,1;22,1;23,1;22,8;22,1;21,9;95;95;95;90;3,2;,3;
2024/03/22;1000 UTC;0;1004,1;1004,1;1003,3;217,4;24,1;23,1;24,1;23,1;23,1;22,1;95;94;94;163;1,2;,3;
2024/03/22;1100 UTC;0;1005,1;1005,1;1004,2;438,5;24,9;23,9;24,9;24;23,9;23;94;94;94;121;2;,7;
2024/03/22;1200 UTC;0;1005,4;1005,5;1005,1;660,8;25,5;23,3;25,5;24,7;24,1;22,9;94;87;87;175;1,8;,5;
2024/03/22;1300 UTC;0;1005,1;1005,5;1005;1447,9;26,9;22,6;27;25,5;23,3;22,2;88;77;77;59;2,6;,9;
2024/03/22;1400 UTC;0;1004,4;1005,1;1004,4;1715,3;28,6;23,3;28,7;26,9;24,1;22,6;80;72;73;97;2,9;1,3;
2024/03/22;1500 UTC;0;1003,7;1004,4;1003,7;1697,1;30,5;23,8;30,5;28,6;23,9;22,7;74;66;68;87;2,9;,8;
2024/03/22;1600 UTC;0;1002,2;1003,7;1002,2;2286,9;31,4;23,2;31,7;30;24,3;22,7;70;62;62;8;3,2;1,5;
2024/03/22;1700 UTC;0;1001;1002,2;1001;2254;31,8;22,2;32,3;31,1;24,7;21,9;67;56;57;58;3,6;1;
2024/03/22;1800 UTC;0;1000,3;1001;1000,3;1600,6;32,2;22,2;32,3;31,6;23,5;22;61;55;56;54;2,4;,9;
2024/03/22;1900 UTC;0;999,4;1000,3;999,3;1099,5;31,9;24,1;32,5;31,7;24,1;22,1;64;56;63;31;2;,9;
2024/03/22;2000 UTC;0;1000,1;1000,1;999,4;522,3;31;26,4;32,1;31;26,4;22,3;77;57;77;306;2;,1;
2024/03/22;2100 UTC;0;1001;1001;1000,1;66,1;27,7;25;31;27,7;27;24,8;85;77;85;237;1,3;,1;
2024/03/22;2200 UTC;0;1001,8;1001,8;1001;5,5;27,1;25,1;27,7;27,1;25,4;24,8;89;85;89;82;,8;0;
2024/03/22;2300 UTC;0;1002,3;1002,4;1001,8;6,4;26,8;25,3;27,2;26,7;25,4;25;91;89;91;306;1,3;,3;
2024/03/23;0000 UTC;0;1002,7;1002,7;1002,3;5,2;26,4;25;26,9;26,3;25,4;24,8;92;91;92;307;1,8;,4;
2024/03/23;0100 UTC;0;1003,2;1003,2;1002,7;3,9;26,7;24,4;26,8;26,3;25,3;24,3;92;87;87;353;5,8;1,2;
2024/03/23;0200 UTC;0;1003,4;1003,4;1003,2;4,5;26,3;23,3;26,7;26,3;24,5;23,3;88;84;84;329;4,8;2,5;
2024/03/23;0300 UTC;0;1003,1;1003,4;1003,1;5,2;25,9;23,1;26,3;25,9;23,3;23;84;83;84;354;4,8;2,1;
2024/03/23;0400 UTC;0;1002,5;1003,1;1002,4;5;25,4;23,2;25,9;25,4;23,3;23,1;87;84;87;330;4,1;1,2;
2024/03/23;0500 UTC;0;1002;1002,5;1002;4,4;25,4;23,7;25,5;25,3;23,7;23,1;90;87;90;360;3,5;,2;
2024/03/23;0600 UTC;0;1002;1002,1;1001,6;5,6;25,3;23,8;25,4;25,2;23,8;23,5;91;90;91;96;1,6;,6;
2024/03/23;0700 UTC;4,2;1002,3;1002,4;1002;6,8;23;21,5;25,3;23;23,8;20,5;91;83;91;96;5,5;2,3;
2024/03/23;0800 UTC;2,8;1002;1002,3;1001,7;6,4;22,8;21,3;23;22,7;21,6;21,2;92;91;91;343;4,8;,9;
2024/03/23;0900 UTC;,2;1002,5;1002,5;1002;10,5;23,2;21,9;23,2;22,8;21,9;21,2;92;91;92;266;3;1,2;
2024/03/23;1000 UTC;0;1003,4;1003,4;1002,5;102,4;23,6;22,3;23,7;23,2;22,4;21,9;93;92;93;76;3;,7;
2024/03/23;1100 UTC;0;1004;1004,1;1003,4;426;24,5;22,6;24,6;23,5;23,1;22,2;93;89;89;22;2,5;,4;
2024/03/23;1200 UTC;0;1004,2;1004,3;1004;1517,4;26,5;21,3;26,7;24,3;22,5;20,9;89;73;73;84;2,7;1,1;
2024/03/23;1300 UTC;0;1004,1;1004,2;1004,1;1621,4;27,6;21,5;28,3;26,4;22,7;20,8;76;67;70;304;2,8;1,4;
2024/03/23;1400 UTC;0;1003,7;1004,2;1003,7;1793,2;29,2;22,3;29,4;27,6;22,8;21,3;71;64;67;346;2,8;1,6;
2024/03/23;1500 UTC;0;1002,5;1003,7;1002,5;1555,4;29,7;22,3;29,8;28,9;23,2;21,6;68;62;65;183;3,1;1,3;
2024/03/23;1600 UTC;0;1001,1;1002,5;1001,1;2265,5;31;22,6;31,2;29,7;23,3;21,6;67;59;61;182;4,4;1,1;
2024/03/23;1700 UTC;0;1000;1001,1;1000;2205,8;31,4;22,8;31,9;30,7;23,4;21,8;64;57;60;5;4,2;1,1;
2024/03/23;1800 UTC;0;999,6;1000;999,6;1748,6;31,7;22,4;32,6;31,4;23,2;21,6;61;54;58;241;3,4;1;
2024/03/23;1900 UTC;0;999,3;999,6;999,3;1167,9;32;22;32,6;31,6;24,1;21,3;64;53;56;306;2,8;1,1;
2024/03/23;2000 UTC;0;1000;1000;999,3;404,1;30,1;24,1;32,1;30,1;24,1;21,8;70;55;70;275;2,8;,5;
2024/03/23;2100 UTC;0;1000,7;1000,8;1000;51,9;28;25,2;30,2;27,9;25,8;23,4;85;69;85;277;1,7;,1;
2024/03/23;2200 UTC;0;1001,5;1001,5;1000,7;4,8;27,3;25,3;28,1;27,1;25,4;24,4;89;83;89;131;,8;,2;
2024/03/23;2300 UTC;0;1002,7;1002,7;1001,5;6,5;27,6;25,4;27,7;27,3;25,8;25,3;90;88;88;23;1,7;,4;
2024/03/24;0000 UTC;24,4;1004,7;1004,9;1002,7;8,9;24,9;23,5;27,8;24,9;25,7;23,2;92;80;92;71;8,7;4,4;
2024/03/24;0100 UTC;18,2;1004;1004,7;1003,8;7,7;24,6;23,6;24,9;24,4;23,6;23,3;94;92;94;64;8,7;,5;
2024/03/24;0200 UTC;0;1003,8;1004,1;1003,7;6,1;24;23;24,6;24;23,6;23;94;94;94;141;3,4;,9;
2024/03/24;0300 UTC;0;1003,9;1004;1003,8;4,8;24,2;23,2;24,3;24;23,2;23;94;94;94;12;3,4;,2;
2024/03/24;0400 UTC;0;1003,1;1003,9;1003,1;5,2;24,2;23,2;24,2;24,1;23,2;23,1;94;94;94;213;1,9;,2;
2024/03/24;0500 UTC;0;1001,9;1003,1;1001,9;4,5;24,1;23,1;24,2;24;23,2;23;94;94;94;44;1,4;,4;
2024/03/24;0600 UTC;0;1001,3;1001,9;1001,3;4;23,6;22,6;24,1;23,6;23,1;22,6;94;94;94;258;1,4;0;
2024/03/24;0700 UTC;0;1000,8;1001,3;1000,8;3,9;23,4;22,4;23,6;23,3;22,7;22,4;94;94;94;292;1,3;0;
2024/03/24;0800 UTC;0;1000,8;1000,8;1000,7;2,3;23,2;22,2;23,5;23,1;22,5;22,2;94;94;94;278;,9;,1;
2024/03/24;0900 UTC;0;1001,5;1001,5;1000,8;38,8;23,9;22,9;23,9;23,2;22,9;22,2;94;94;94;246;1,7;,2;
2024/03/24;1000 UTC;,2;1002,2;1002,2;1001,5;397;24,5;23,4;24,6;23,9;23,5;23;94;94;94;189;3,1;1,2;
2024/03/24;1100 UTC;0;1002,7;1002,7;1002,1;861,3;25,5;22,5;25,6;24,4;23,7;22,1;94;83;84;225;3,1;1,3;
2024/03/24;1200 UTC;0;1003,3;1003,3;1002,7;1460,1;27,4;22;27,4;25,5;22,8;21,2;84;72;72;86;5,9;3;
2024/03/24;1300 UTC;0;1003,1;1003,5;1003,1;1993,1;28,6;22,5;29,3;27,4;23,3;21,5;74;68;69;69;5,9;1,9;
2024/03/24;1400 UTC;0;1002,2;1003,1;1002,2;2597,8;30,1;22,7;30,4;28,6;23,5;22;72;64;65;65;4,8;2;
2024/03/24;1500 UTC;0;1001,4;1002,2;1001,4;2499,8;31,3;22,5;31,7;29,9;24,1;22;68;59;60;109;6;2,3;
2024/03/24;1600 UTC;0;1000,4;1001,4;1000,4;2170,3;31,3;22,7;32,1;30,7;23,8;22,2;65;57;60;83;6,1;2;
2024/03/24;1700 UTC;0;999,6;1000,4;999,6;1003,7;30,5;23,8;31,5;30,5;24,2;22,3;69;59;67;66;4,1;1,7;
2024/03/24;1800 UTC;0;998,6;999,6;998,5;1086,3;30,4;23,1;30,7;30,2;24,5;22,8;70;64;65;40;3,5;1,4;
2024/03/24;1900 UTC;0;998,2;998,6;998,2;743,9;30,9;22,3;31,1;30,4;24,1;22,2;68;60;60;81;2,1;,3;
2024/03/24;2000 UTC;0;998,7;998,7;998,2;447,6;30,3;24,4;31,1;30,3;24,9;22,9;72;60;71;53;1,4;,6;
2024/03/24;2100 UTC;0;999,3;999,3;998,7;53,8;28;25,7;30,4;28;26,3;24,8;88;71;88;38;1,2;,1;
2024/03/24;2200 UTC;0;1000;1000;999,3;2,5;26,9;25,2;28;26,9;25,8;25,2;90;88;90;128;,9;,2;
2024/03/24;2300 UTC;0;1001;1001,1;1000;5,5;26,7;25,3;27;26,7;25,4;25,1;92;90;92;305;1,2;0;
2024/03/25;0000 UTC;0;1001,4;1001,4;1001;5,7;26,5;25,2;26,8;26,4;25,3;25;92;92;92;101;1,9;,9;
2024/03/25;0100 UTC;0;1002,6;1002,6;1001,4;5,4;26,2;24,9;26,5;26,1;25,2;24,6;92;92;92;69;1,9;0;
2024/03/25;0200 UTC;0;1003;1003,1;1002,5;3,6;26,2;24,1;26,4;26,2;25,1;24,1;92;88;88;116;3,1;1,5;
2024/03/25;0300 UTC;0;1002,4;1003;1002,4;3,5;25,7;23,2;26,2;25,7;24;23,2;88;86;86;129;4,9;1,3;
2024/03/25;0400 UTC;0;1002;1002,4;1002;4,9;25,2;23;25,7;25,2;23,2;22,9;88;86;88;86;4,6;1;
2024/03/25;0500 UTC;0;1001,2;1002;1001,2;3,7;25;23,5;25,3;25;23,6;23;91;88;91;340;2,1;,7;
2024/03/25;0600 UTC;0;1000,4;1001,2;1000,4;4,1;24,8;23,3;25;24,8;23,5;23,3;92;91;92;333;3,3;1,4;
2024/03/25;0700 UTC;0;1000,1;1000,4;1000;2,2;24,4;22,9;24,8;24,3;23,3;22,9;92;91;92;340;3,1;1,4;
2024/03/25;0800 UTC;0;999,6;1000,1;999,4;3,4;24,3;23;24,4;24,3;23;22,9;93;92;93;138;2,6;,2;
2024/03/25;0900 UTC;0;1000,2;1000,2;999,6;19,4;24,4;23,2;24,4;24,2;23,2;23;93;93;93;218;1;0;
2024/03/25;1000 UTC;0;1001,1;1001,1;1000,2;124,4;25,2;23,9;25,2;24,4;23,9;23,3;93;92;92;70;1,1;,5;
2024/03/25;1100 UTC;0;1001,9;1001,9;1001,1;756,5;26,4;22,6;26,5;25,1;23,9;22,6;92;80;80;38;2,5;,7;
2024/03/25;1200 UTC;0;1002,8;1002,8;1001,9;647,6;27,1;23,7;27,1;26,1;23,7;22,4;83;79;82;8;4,3;,6;
2024/03/25;1300 UTC;0;1002,5;1002,9;1002,4;894;27,8;23,1;27,9;26,9;23,7;22,6;82;74;76;276;2,1;,7;
2024/03/25;1400 UTC;,2;1002,3;1002,5;1002,2;875;27,6;24,2;28,9;27,6;24,2;23,1;82;73;82;172;4,1;1,7;
2024/03/25;1500 UTC;1;1001,1;1002,3;1001,1;852,1;27,8;24,6;27,8;26,2;24,8;23,1;88;81;83;107;4,1;,8;
2024/03/25;1600 UTC;0;999,8;1001,1;999,8;1299,8;28,6;22,8;28,8;27,8;25,1;22,7;84;70;71;58;4,1;1,2;
2024/03/25;1700 UTC;0;998,9;999,8;998,9;1930,5;31,2;24,6;31,3;28,6;24,6;22,7;73;63;68;188;3,3;,9;
2024/03/25;1800 UTC;0;998,3;998,9;998,3;1779,6;32,3;23,3;32,3;31,2;24,8;22,9;68;58;59;118;2,8;1;
2024/03/25;1900 UTC;0;997,9;998,4;997,8;1006,9;31,1;22,4;32,5;30,9;24,6;22,4;67;58;60;84;5,3;1,8;
2024/03/25;2000 UTC;0;998,8;998,8;997,8;398,8;29,3;24;31,2;29,3;24,6;22;73;58;73;26;3,5;1,5;
2024/03/25;2100 UTC;0;999,6;999,6;998,8;32,3;27,8;23,5;29,3;27,8;25,2;23,2;81;73;78;80;3;1,4;
2024/03/25;2200 UTC;0;1000,7;1000,7;999,5;3,7;27,3;24,4;27,8;27,1;24,8;23,6;86;78;84;111;2,5;1;
2024/03/25;2300 UTC;0;1001,7;1001,7;1000,7;4,4;26,3;23,3;27,6;26,3;24,5;22,8;84;78;84;122;7,1;1,6;
2024/03/26;0000 UTC;,2;1002,5;1002,5;1001,6;3,5;25,4;23,9;26,2;25,3;23,9;23,4;91;84;91;322;3,7;,5;
2024/03/26;0100 UTC;,2;1003,6;1003,8;1002,8;6;24;22,3;25,4;23,9;23,9;21,9;91;85;91;19;10,9;3,2;
2024/03/26;0200 UTC;2,2;1003,7;1003,9;1003,6;9,6;23,8;22,5;24;23,7;22,6;22,3;92;91;92;49;7;1,4;
2024/03/26;0300 UTC;0;1003,4;1003,8;1003,4;7;23,5;22,2;23,9;23,5;22,5;22,2;92;92;92;97;2,5;,2;
2024/03/26;0400 UTC;,6;1002,8;1003,4;1002,8;7,6;23,8;22,6;23,8;23,5;22,6;22,1;93;92;93;115;1,2;0;
2024/03/26;0500 UTC;0;1001,9;1002,8;1001,9;7;23,9;22,7;23,9;23,7;22,7;22,5;93;93;93;270;,7;,1;
2024/03/26;0600 UTC;0;1002,2;1002,2;1001,9;6,1;24,1;23,1;24,1;23,8;23,1;22,7;94;93;94;232;1;,1;
2024/03/26;0700 UTC;0;1002,4;1002,5;1002,2;6,7;24,3;23,2;24,3;24,1;23,3;23;94;94;94;1;1,1;0;
2024/03/26;0800 UTC;,2;1002,7;1002,7;1002,4;7,4;24,3;23,2;24,4;24,2;23,3;23,2;94;94;94;269;,4;0;
2024/03/26;0900 UTC;2,4;1003,4;1003,4;1002,7;17,7;24,4;23,4;24,4;24,3;23,4;23,2;94;94;94;177;1,1;,4;
2024/03/26;1000 UTC;,8;1004,4;1004,4;1003,4;102,7;24,8;23,8;24,9;24,4;23,8;23,4;94;94;94;178;1,4;,4;
2024/03/26;1100 UTC;,2;1005,2;1005,2;1004,4;268,6;25,2;24;25,3;24,8;24,2;23,8;94;93;93;268;2,7;,7;
2024/03/26;1200 UTC;0;1005,9;1005,9;1005,2;404,1;25,4;23,4;25,7;24,9;24,4;23;93;88;89;199;1,8;,8;
2024/03/26;1300 UTC;0;1005,8;1006;1005,8;812,8;26;22,5;26,2;25,2;23,5;22,3;89;81;81;207;2,9;1,2;
2024/03/26;1400 UTC;0;1005,3;1005,8;1005,3;1490,5;27,5;22,3;27,9;26;23,2;22,1;81;72;73;129;2,7;,4;
2024/03/26;1500 UTC;0;1004,1;1005,3;1004,1;2106;29,4;23,4;29,4;27,5;23,9;22,1;75;66;70;36;2,8;1,1;
2024/03/26;1600 UTC;0;1002,8;1004,1;1002,8;2844;31,2;23;31,2;29,3;24,3;22,5;70;61;62;134;4,3;,9;
2024/03/26;1700 UTC;0;1001,6;1002,8;1001,6;2310,9;32;23,2;32,1;31,1;24,6;22,4;67;59;60;301;3,5;1,3;
2024/03/26;1800 UTC;0;1000,5;1001,6;1000,5;1075,2;31,6;22,7;32,4;30,6;24,8;22,2;69;57;59;308;2,6;,5;
2024/03/26;1900 UTC;0;1000,5;1000,6;1000,4;976,4;31,8;23,6;32,3;30,9;25,3;22,4;72;58;62;288;3,7;1,8;
2024/03/26;2000 UTC;0;1000,7;1000,7;1000,5;751,9;30,5;23,4;32,3;30,5;23,8;22,5;66;57;66;277;4,3;1,9;
2024/03/26;2100 UTC;0;1001,6;1001,6;1000,7;46,8;28,2;24;30,5;28,2;24,6;23,5;79;66;78;254;4,3;1;
2024/03/26;2200 UTC;0;1002,6;1002,6;1001,6;;27,1;24,1;28,2;27,1;24,6;23,7;84;78;84;295;4;,7;
2024/03/26;2300 UTC;0;1003,1;1003,2;1002,5;;26,3;23,2;27,1;26,3;24,2;23,2;85;83;83;326;3,2;1,2;
2024/03/27;0000 UTC;0;1004,1;1004,1;1003,1;,7;26;23,7;26,3;26;23,9;23,3;88;83;87;345;3,4;1,6;
2024/03/27;0100 UTC;0;1004,5;1004,8;1004,2;2,2;25,4;22,3;26;25,4;23,8;22,2;87;82;83;36;6,6;3,4;
2024/03/27;0200 UTC;1;1003,6;1004,6;1003,6;2,4;24,6;22,9;25,4;24,6;22,9;22,2;90;83;90;68;6,5;1,9;
2024/03/27;0300 UTC;,2;1003;1003,6;1002,8;3,5;24,6;23,3;24,7;24,6;23,3;23;92;90;92;121;2,8;1,1;
2024/03/27;0400 UTC;0;1002,6;1003,2;1002,6;3,4;24,3;23,1;24,6;24,3;23,2;23;93;92;93;82;2,6;,3;
2024/03/27;0500 UTC;0;1001,6;1002,6;1001,6;3,9;24;22,9;24,3;24;23,1;22,8;93;93;93;136;1,4;,1;
2024/03/27;0600 UTC;0;1000,7;1001,6;1000,7;3,6;23,9;22,7;24;23,8;22,9;22,7;93;93;93;73;1,8;,3;
2024/03/27;0700 UTC;,2;1001,2;1001,2;1000,6;4,4;23,8;22,7;23,9;23,7;22,8;22,6;94;93;94;222;1,5;,3;
2024/03/27;0800 UTC;0;1001,5;1001,6;1001,2;3,9;23,7;22,7;24;23,7;22,9;22,7;94;94;94;337;1,3;0;
2024/03/27;0900 UTC;0;1002,1;1002,1;1001,5;24,5;24,2;23,1;24,2;23,7;23,1;22,6;94;94;94;212;,8;,1;
2024/03/27;1000 UTC;0;1002,7;1002,7;1002,1;303,3;24,9;23,3;25,2;24,1;23,9;23;94;91;91;129;1,3;,4;
2024/03/27;1100 UTC;0;1003,7;1003,7;1002,7;925,2;26;21,9;26,2;24,7;23,2;21,7;91;78;78;86;3,7;1,9;
2024/03/27;1200 UTC;0;1004,8;1004,8;1003,7;1213,7;27,2;22,5;27,3;25,9;23;21,7;80;75;76;92;3,7;1,7;
2024/03/27;1300 UTC;0;1004,9;1004,9;1004,8;1620,1;29;22,8;29,1;27,1;23,5;22,3;77;69;69;113;5,2;1,5;
2024/03/27;1400 UTC;0;1004,5;1004,9;1004,5;1953,1;30,4;23;30,6;28,8;24,4;22,8;73;65;65;64;5,7;1,9;
2024/03/27;1500 UTC;2,4;1003,5;1004,5;1003,5;1103,2;28,9;24,6;30,9;28,1;26,2;23,2;87;64;78;19;5,5;1,8;
2024/03/27;1600 UTC;0;1002,1;1003,5;1002,1;1638,3;30,5;23,7;30,6;28,9;25,4;23,2;80;66;67;67;6,4;2,8;
2024/03/27;1700 UTC;5,2;1000,8;1002,1;1000,8;1127;28,3;25,8;31,5;27,9;26,1;23,5;88;64;86;86;6,8;,7;
2024/03/27;1800 UTC;0;999,8;1000,8;999,8;861,2;29,3;23,1;29,5;28,3;26,1;22,5;87;66;69;82;7;3,2;
2024/03/27;1900 UTC;0;1000,4;1000,4;999,7;668,9;28,9;23,6;29,7;28,9;23,9;22,8;74;67;73;95;7;1,4;
2024/03/27;2000 UTC;0;1001,9;1001,9;1000,4;230,1;27,8;21,8;29;27,8;24,4;21,6;79;69;70;94;6,3;2,9;
2024/03/27;2100 UTC;0;1002,3;1002,3;1001,9;25,9;26,4;23,4;27,8;26,3;23,4;21,7;84;70;84;82;6,3;,5;
2024/03/27;2200 UTC;0;1002,5;1002,5;1002,2;;25;23;26,4;25;23,6;22,7;89;84;89;128;2,3;,9;
2024/03/27;2300 UTC;0;1003,1;1003,1;1002,5;;25,2;22,8;25,4;25;23;22,1;89;83;87;112;2,9;,4;
2024/03/28;0000 UTC;0;1004,1;1004,1;1003,1;,8;24,4;22,9;25,2;24,4;23,1;22,8;91;87;91;338;1,4;,1;
2024/03/28;0100 UTC;0;1004,7;1004,7;1004,1;,4;24,1;22,8;24,4;24;23;22,7;93;91;93;50;,8;,2;
2024/03/28;0200 UTC;0;1004,4;1004,7;1004,3;1,7;23,8;22,7;24,2;23,8;22,9;22,7;93;93;93;61;,8;0;
2024/03/28;0300 UTC;0;1003,7;1004,4;1003,7;1,6;23,5;22,4;23,8;23,5;22,7;22,4;94;93;94;93;,6;,2;
2024/03/28;0400 UTC;0;1002,9;1003,7;1002,9;,8;23,3;22,2;23,5;23,3;22,5;22,2;94;94;94;291;,7;0;
2024/03/28;0500 UTC;0;1001,9;1002,9;1001,9;1,5;22,8;21,8;23,3;22,8;22,3;21,8;94;94;94;304;1;,2;
2024/03/28;0600 UTC;0;1001,6;1001,9;1001,6;2,1;23;22;23;22,8;22;21,8;94;94;94;340;,8;,3;
2024/03/28;0700 UTC;0;1001,4;1001,7;1001,4;2,1;23;22;23,2;22,9;22,2;22;94;94;94;38;,9;0;
2024/03/28;0800 UTC;0;1001,5;1001,5;1001,2;2,5;22,8;21,9;23,1;22,8;22,1;21,9;94;94;94;287;,6;0;
2024/03/28;0900 UTC;0;1001,8;1001,8;1001,4;16,1;22,8;21,9;22,9;22,6;21,9;21,7;94;94;94;197;,8;,3;
2024/03/28;1000 UTC;0;1002,7;1002,7;1001,8;497,6;25;23,5;25;22,8;23,9;21,9;94;92;92;53;1,3;,1;
2024/03/28;1100 UTC;0;1003,5;1003,5;1002,7;1079,6;26,3;21,4;26,7;24,8;23,4;21,4;92;74;74;130;2,9;1,1;
2024/03/28;1200 UTC;0;1004;1004,1;1003,5;1746,6;28,7;22,2;28,9;26,3;22,7;21,1;75;66;68;118;4,7;2,1;
2024/03/28;1300 UTC;0;1003,8;1004;1003,8;2317;30,4;22,3;30,5;28,7;23,3;22;70;62;62;120;5,6;1,9;
2024/03/28;1400 UTC;0;1003,2;1003,8;1003,2;2549,4;31,5;23,1;31,6;30,2;23,8;21,8;66;58;61;101;4,8;1,8;
2024/03/28;1500 UTC;0;1002,6;1003,2;1002,6;2620,1;31,6;22,3;32,5;31;23,8;21,8;63;55;58;77;4,6;1,9;
2024/03/28;1600 UTC;0;1002,1;1002,6;1002,1;2447,3;32,1;22,6;32,7;31,6;24,2;21,7;63;54;57;85;5,1;2,9;
2024/03/28;1700 UTC;0;1001,7;1002,1;1001,7;2151,9;33;22,5;33,2;31,7;23,8;21,8;60;52;54;49;5,4;2,1;
2024/03/28;1800 UTC;0;1001;1001,7;1001;1470,1;32,9;22,3;33,2;32,2;23,4;21,1;60;50;54;118;4,9;1,8;
2024/03/28;1900 UTC;0;1000,6;1001;1000,6;1212,1;33;21,9;33,5;32,7;23,3;21,1;55;50;52;87;3,9;1,6;
2024/03/28;2000 UTC;0;1000,4;1000,8;1000,4;621,2;31,7;25;33,4;31,7;25;21,4;68;50;68;312;2,5;,3;
2024/03/28;2100 UTC;0;1001;1001;1000,4;33,4;27,9;24,9;31,7;27,9;26;24,9;84;68;84;44;1;0;
2024/03/28;2200 UTC;0;1001,8;1001,9;1001;;27,2;24,8;27,9;27,2;25;24,3;87;83;87;332;2,4;,7;
2024/03/28;2300 UTC;0;1002,8;1002,8;1001,8;,4;26,6;24,7;27,3;26,6;25,1;24,7;90;87;89;314;1,2;0;
2024/03/29;0000 UTC;0;1003,4;1003,4;1002,8;,9;26,2;24,6;26,7;26;24,9;24,4;91;89;91;199;,6;0;
2024/03/29;0100 UTC;0;1003,8;1003,8;1003,4;2,3;25,9;24,5;26,2;25,9;24,7;24,4;92;91;92;219;,6;,1;
2024/03/29;0200 UTC;0;1003,9;1004,1;1003,8;3,4;26,1;24,8;26,2;25,9;24,8;24,5;93;92;92;39;1,4;0;
2024/03/29;0300 UTC;0;1003,2;1003,9;1003,2;2,5;25,7;24,4;26,1;25,6;24,8;24,3;93;92;93;131;,9;,3;
2024/03/29;0400 UTC;0;1002,8;1003,2;1002,8;2,8;25,3;24,1;25,7;25,3;24,4;24,1;93;93;93;225;1,2;,2;
2024/03/29;0500 UTC;0;1002,6;1002,8;1002,6;2,9;25;23,8;25,3;25;24,1;23,8;93;93;93;348;2,5;1;
2024/03/29;0600 UTC;0;1002,3;1002,6;1002,2;2,9;24,6;23,4;25;24,6;23,8;23,4;93;93;93;31;2;0;
2024/03/29;0700 UTC;0;1002,3;1002,3;1002,1;2,3;24,3;23,2;24,6;24,3;23,5;23,2;94;93;94;191;1,1;0;
2024/03/29;0800 UTC;0;1002,5;1002,5;1002,2;2,7;24,5;23,4;24,6;24,1;23,5;23;94;94;94;274;1,3;,6;
2024/03/29;0900 UTC;0;1002,9;1002,9;1002,5;34,9;24,5;23,5;24,7;24,2;23,7;23,1;94;94;94;357;1,3;0;
2024/03/29;1000 UTC;0;1003,9;1003,9;1002,9;421;25,9;24;25,9;24,5;24,6;23,5;94;89;89;325;2,3;1,2;
2024/03/29;1100 UTC;0;1004,7;1004,7;1003,8;910,8;27,3;23,4;27,3;25,8;24,5;22,8;89;79;79;220;2,8;,5;
2024/03/29;1200 UTC;0;1005,1;1005,1;1004,7;1032;28,3;22,8;28,5;27,2;23,9;22,2;80;70;72;56;1,7;,4;
2024/03/29;1300 UTC;0;1004,8;1005,3;1004,8;1780;30,8;24;30,8;28,3;24,4;22,8;73;66;67;176;3;1,2;
2024/03/29;1400 UTC;0;1004,2;1004,8;1004,2;1597,1;31,4;24;31,4;30,1;24,9;23,1;72;65;65;155;3,9;1,6;
2024/03/29;1500 UTC;0;1003,3;1004,2;1003,1;1536,4;31,2;23,7;31,7;30,7;24,7;23,3;69;62;64;96;3,9;1,3;
2024/03/29;1600 UTC;2,6;1002,5;1003,5;1002,5;548,5;27,5;25,8;31,2;27,1;25,9;23,7;91;64;91;28;6;1,8;
2024/03/29;1700 UTC;0;1000,7;1002,5;1000,7;714,5;28,1;23,9;28,4;27,3;25,8;23,9;91;78;78;33;4,2;1;
2024/03/29;1800 UTC;0;1000,5;1000,7;1000;878,5;29,5;24,7;29,8;28,1;25,5;24,3;81;74;76;281;2,1;,7;
2024/03/29;1900 UTC;0;1000,2;1000,5;999,9;457,2;29,5;25,8;30;29,5;26;24,5;81;74;80;356;2,5;1,3;
2024/03/29;2000 UTC;0;1000,5;1000,5;999,9;231,7;28,8;26;29,7;28,7;26,4;25,7;85;80;85;259;2,5;1;
2024/03/29;2100 UTC;0;1001,4;1001,4;1000,4;27,6;27,8;25,9;28,8;27,8;26;25,7;89;85;89;297;3,1;,5;
2024/03/29;2200 UTC;0;1001,2;1001,5;1001,1;1,1;27,4;25,8;27,8;27,4;26;25,7;91;89;91;270;3;1,1;
2024/03/29;2300 UTC;0;1001,8;1002;1001,1;2;26,8;25,3;27,4;26,8;25,8;25,3;92;91;92;281;3;,4;
2024/03/30;0000 UTC;8;1005,1;1005,2;1001,6;5,6;23,6;22,4;26,9;23,6;25,3;22,2;92;84;92;121;16;5,1;
2024/03/30;0100 UTC;10,8;1005,7;1006,2;1005,1;4,4;24,3;23,2;24,3;23,5;23,2;22,3;94;92;94;22;11,6;1,2;
2024/03/30;0200 UTC;2,8;1005,6;1006,8;1005,6;4,8;24,1;23;24,3;24,1;23,2;23;94;94;94;281;3,6;,6;
2024/03/30;0300 UTC;1,2;1004,2;1005,6;1004,2;5,2;24;22,9;24,1;24;23,1;22,9;94;94;94;262;2,7;,6;
2024/03/30;0400 UTC;,6;1003,8;1004,2;1003,7;5,3;23,9;22,9;24;23,9;22,9;22,8;94;94;94;171;2;,4;
2024/03/30;0500 UTC;,4;1003,3;1003,8;1003,2;6,3;24;22,9;24;23,9;23;22,9;94;94;94;258;1,5;,2;
2024/03/30;0600 UTC;0;1003;1003,4;1002,9;6,1;23,8;22,8;24;23,8;23;22,7;94;94;94;354;2,2;,6;
2024/03/30;0700 UTC;0;1002,7;1003;1002,6;5,2;23,6;22,6;23,9;23,6;22,8;22,6;94;94;94;313;2,6;,6;
2024/03/30;0800 UTC;0;1003;1003;1002,7;5,2;23,4;22,4;23,6;23,4;22,6;22,4;94;94;94;356;2,7;,7;
2024/03/30;0900 UTC;0;1003,6;1003,6;1002,8;24,2;23,7;22,7;23,7;23,4;22,7;22,4;94;94;94;275;1,7;0;
2024/03/30;1000 UTC;0;1004,2;1004,2;1003,6;272,9;24,1;23;24,3;23,7;23,2;22,7;94;93;93;330;2,1;1;
2024/03/30;1100 UTC;0;1004,9;1005;1004,2;562,9;25,1;22,6;25,1;24,1;23,1;22,2;93;86;86;168;2,1;,5;
2024/03/30;1200 UTC;0;1005,6;1005,7;1004,9;749,9;25,8;22,2;26;24,9;23;22;86;80;81;160;2,4;,8;
2024/03/30;1300 UTC;0;1005,7;1005,7;1005,4;1346,4;27;23,5;27,8;25,8;23,5;21,8;82;74;81;72;4;1,5;
2024/03/30;1400 UTC;0;1005,4;1005,8;1005,4;771;27,3;22,9;27,5;26,8;23,8;22,8;82;77;77;83;3,7;1;
2024/03/30;1500 UTC;0;1004,2;1005,4;1004,2;750;28,1;23,4;28,1;27,3;23,8;22,8;79;75;75;260;2,3;,4;
2024/03/30;1600 UTC;0;1003,2;1004,2;1003,2;930,8;28,2;23,1;28,7;27,9;24;22,8;77;73;74;298;2,7;,8;
2024/03/30;1700 UTC;0;1002,4;1003,2;1002,4;834,6;29,1;24;29,1;28,2;24,2;23;77;72;74;203;2,2;,3;
2024/03/30;1800 UTC;0;1002,7;1002,7;1002,3;564,7;28,5;24,7;29,1;28,4;24,7;23,5;80;73;80;107;2,4;1,1;
2024/03/30;1900 UTC;0;1002,1;1002,7;1002,1;535;28,6;24,4;28,7;28,4;25;23,7;81;75;78;88;2,4;1,2;
2024/03/30;2000 UTC;0;1002;1002,1;1002;226,8;27,8;24,3;28,6;27,8;24,9;23,9;81;78;81;108;2,4;,6;
2024/03/30;2100 UTC;0;1002,6;1002,6;1002;30,8;27;25;27,9;26,9;25,3;24,4;89;81;89;85;1,9;,1;
2024/03/30;2200 UTC;0;1002,8;1002,9;1002,6;2,1;26,3;24,8;27;26,3;25,1;24,8;92;89;92;225;1,4;,1;
2024/03/30;2300 UTC;0;1003,2;1003,2;1002,8;4,3;25,7;24,4;26,3;25,7;24,8;24,3;92;92;92;278;1,3;,4;
2024/03/31;0000 UTC;0;1003,5;1003,5;1003,1;5,9;25,7;24,5;25,9;25,7;24,7;24,4;93;92;93;325;1,9;1,2;
2024/03/31;0100 UTC;0;1004,4;1004,4;1003,5;5,8;25,8;24,5;25,9;25,8;24,6;24,5;93;92;93;280;2,4;,5;
2024/03/31;0200 UTC;0;1004,6;1004,7;1004,4;4,2;25,6;24,2;25,9;25,6;24,6;24,2;93;92;92;256;3,3;,6;
2024/03/31;0300 UTC;0;1004,1;1004,6;1004,1;4;25,5;24,2;25,6;25,5;24,2;24,2;92;92;92;28;2,3;,3;
2024/03/31;0400 UTC;0;1003,8;1004,1;1003,8;3,6;25,4;24,2;25,5;25,4;24,2;24,1;93;92;93;34;2;1;
2024/03/31;0500 UTC;0;1003,2;1003,8;1003,2;4,7;25,5;24,3;25,5;25,4;24,3;24,2;93;93;93;17;1,8;1;
2024/03/31;0600 UTC;0;1002,9;1003,2;1002,8;6,5;25,5;24,4;25,6;25,5;24,4;24,3;93;93;93;20;2,3;,8;
2024/03/31;0700 UTC;0;1002,7;1003;1002,7;6,5;25,5;24,3;25,6;25,4;24,4;24,2;93;93;93;50;2;,9;
2024/03/31;0800 UTC;0;1001,9;1002,7;1001,9;6,2;25,3;24;25,5;25,3;24,3;24;93;93;93;89;2,3;,6;
2024/03/31;0900 UTC;0;1002,5;1002,5;1001,9;27,9;25,1;24;25,3;24,8;24;23,6;93;93;93;100;1,9;,6;
2024/03/31;1000 UTC;0;1003,2;1003,2;1002,5;446,6;26;23,6;26,3;25,2;24,5;23,4;93;85;86;58;3,2;1,5;
2024/03/31;1100 UTC;0;1003,7;1003,7;1003,1;870,2;26,7;23,3;26,8;25,8;23,9;23,1;87;81;81;23;3,9;2,2;
2024/03/31;1200 UTC;0;1004;1004;1003,6;1707,1;28,5;23,7;28,5;26,6;23,9;23;83;74;75;47;3,8;2;
2024/03/31;1300 UTC;0;1003,7;1004,1;1003,7;1785;29,2;23,7;29,4;28,2;24,1;22,9;76;69;72;12;3,8;1,3;
2024/03/31;1400 UTC;0;1002,8;1003,7;1002,8;2695,5;30,6;23,6;31;29,3;25,1;23;73;65;66;358;3,7;1,1;
2024/03/31;1500 UTC;0;1002,4;1002,9;1002,4;2753;32,2;23,4;32,2;30,6;24,3;22,1;68;57;60;55;3,9;1,4;
2024/03/31;1600 UTC;0;1001,8;1002,4;1001,7;2722,2;33;22,2;33,4;31,8;24,2;21,8;64;51;53;53;4,5;2,1;
2024/03/31;1700 UTC;0;1000,9;1001,8;1000,9;2424,8;33,8;23,5;34,2;33;24,3;21,8;57;50;55;57;6,6;,9;
2024/03/31;1800 UTC;0;1000,3;1000,9;1000,3;1803,3;33,7;23,4;34,2;33;23,6;21,8;56;50;55;9;4,1;1,9;
2024/03/31;1900 UTC;0;1000,4;1000,5;1000,1;666,2;31,3;24,7;34,2;31,3;25,2;22;70;51;68;31;4,3;1;
2024/03/31;2000 UTC;0;1001,4;1001,5;1000,4;69;28,6;21,9;31,3;28,5;25,6;21,8;74;65;67;50;7,8;2,6;
2024/03/31;2100 UTC;0;1002,3;1002,3;1001,4;7,4;27,1;23,8;28,6;27,1;23,9;21,9;83;67;82;102;5,2;1;
2024/03/31;2200 UTC;0;1002,4;1002,4;1002,3;,8;26,7;25;27,1;26,7;25;23,8;90;82;90;222;2;,2;
2024/03/31;2300 UTC;0;1002,9;1002,9;1002,4;1,1;26,4;24,7;26,7;26,3;24,9;24,4;91;89;91;164;1,2;0;
2024/04/01;0000 UTC;0;1003,1;1003,1;1002,9;2,3;26,1;24,2;26,4;25,9;24,9;23,8;91;88;89;355;1,7;0;
2024/04/01;0100 UTC;0;1004;1004;1003,1;2,2;25,8;23,7;26,2;25,8;24,5;23,6;91;88;88;15;2,7;1;
2024/04/01;0200 UTC;0;1004,4;1004,4;1004;3,3;25,6;24,2;25,8;25,6;24,2;23,7;92;88;92;187;2;,7;
2024/04/01;0300 UTC;0;1004,2;1004,5;1004,2;5,7;26,1;24,4;26,3;25,6;24,6;24,2;92;90;90;116;1,3;,2;
2024/04/01;0400 UTC;0;1003,8;1004,2;1003,8;3,8;25,7;24,2;26,1;25,7;24,4;24,1;92;90;92;55;1,1;,1;
2024/04/01;0500 UTC;0;1003;1003,8;1003;3,6;25,4;24,1;25,7;25,3;24,2;24;93;92;93;70;1,4;,6;
2024/04/01;0600 UTC;0;1003,2;1003,3;1002,9;4,2;25,2;24;25,4;25,1;24,1;23,8;93;93;93;74;1,5;,2;
2024/04/01;0700 UTC;0;1003;1003,2;1002,9;4,9;25,2;23,9;25,3;25,2;24,1;23,9;93;93;93;164;1,6;,3;
2024/04/01;0800 UTC;0;1003,2;1003,2;1002,7;5,1;25,1;23,7;25,4;25,1;24;23,7;93;92;92;149;2,1;,1;
2024/04/01;0900 UTC;0;1003,8;1003,8;1003,2;23,9;24,9;23,5;25,1;24,8;23,8;23,4;92;92;92;314;1,6;,1;
2024/04/01;1000 UTC;0;1003,9;1003,9;1003,7;570,9;26,3;22,6;26,4;24,9;24,1;22,2;93;80;80;246;2,1;,8;
2024/04/01;1100 UTC;0;1004,3;1004,4;1003,8;912,4;27,7;22,6;27,9;26,3;23,5;22,3;81;73;74;300;2,6;,8;
2024/04/01;1200 UTC;0;1004,6;1004,6;1004,3;1556,2;28,9;23,7;30;27,7;24;22,5;75;67;74;336;2,9;1,3;
2024/04/01;1300 UTC;0;1004,7;1004,8;1004,6;2305,6;30,9;23,2;31,3;28,9;24,2;22,3;74;61;64;342;5,3;2,1;
2024/04/01;1400 UTC;0;1004;1004,7;1004;2723,3;31,4;22,4;32,1;30,7;24,2;22,4;66;59;59;343;4,5;1,9;
2024/04/01;1500 UTC;0;1003,1;1004;1003,1;2612;32,6;23,6;32,7;31,1;24,8;22,6;67;57;59;324;4,7;1,4;
2024/04/01;1600 UTC;0;1001,7;1003,1;1001,7;3071;33,2;23,3;33,5;32,3;24,5;22,1;60;53;56;14;4,8;2,2;
2024/04/01;1700 UTC;0;1000,6;1001,7;1000,6;1817,2;34;23,3;34;32;24,2;21,9;62;51;54;30;4,8;1,1;
2024/04/01;1800 UTC;0;999,7;1000,6;999,7;1924,8;34,4;21,6;34,7;33,7;23,3;20,7;54;45;48;293;3,3;1,5;
2024/04/01;1900 UTC;0;999,7;999,8;999,6;1250,8;34,5;21,1;35,1;34,1;22,4;20,2;49;44;46;313;3,8;1;
2024/04/01;2000 UTC;0;1000,4;1000,4;999,7;783,2;31,7;24,3;34,9;31,6;24,3;20,8;65;45;65;197;3,7;1,4;
2024/04/01;2100 UTC;4,2;1001,4;1001,4;1000,4;94,2;26,3;22,4;31,8;26,3;25,1;22,2;85;62;79;291;7,8;2,7;
2024/04/01;2200 UTC;4;1002,8;1002,8;1001,4;;24,2;21,9;26,5;24,2;23,1;20,8;87;77;87;357;11,6;2,8;
2024/04/01;2300 UTC;0;1003,2;1003,2;1002,7;1,2;24,8;23,4;24,8;24,2;23,5;21,9;92;87;92;296;4,5;,3;
2024/04/02;0000 UTC;0;1003,4;1003,5;1003,2;3,1;25;23,8;25,1;24,8;23,8;23,4;93;92;93;144;1,5;,8;
2024/04/02;0100 UTC;0;1003,5;1003,5;1003,3;4,2;25;23,8;25,2;24,9;24;23,8;93;93;93;16;1,3;,1;
2024/04/02;0200 UTC;0;1003,8;1003,9;1003,5;3,1;25,2;24,1;25,3;24,9;24,1;23,8;93;93;93;350;2,9;,8;
2024/04/02;0300 UTC;0;1002,8;1003,8;1002,8;4,1;25,1;23,9;25,3;25,1;24,1;23,9;93;93;93;341;1,7;,9;
2024/04/02;0400 UTC;0;1002,7;1002,8;1002,6;2,8;24,8;23,7;25,1;24,8;23,9;23,7;93;93;93;283;2,5;,6;
2024/04/02;0500 UTC;0;1002,7;1003;1002,7;3,9;24,8;23,7;24,9;24,8;23,8;23,6;93;93;93;252;1,4;0;
2024/04/02;0600 UTC;0;1002,2;1002,7;1002,2;4,4;24,6;23,5;24,9;24,6;23,8;23,5;93;93;93;343;2,2;,8;
2024/04/02;0700 UTC;0;1002,4;1002,4;1002,2;4,4;24,5;23,4;24,7;24,5;23,5;23,4;94;93;94;55;1,7;0;
2024/04/02;0800 UTC;0;1002,8;1002,8;1002,4;3,9;24,4;23,4;24,5;24,3;23,4;23,2;94;94;94;227;,6;,1;
2024/04/02;0900 UTC;0;1003,2;1003,2;1002,7;39,2;24,8;23,7;24,8;24,4;23,7;23,3;94;94;94;249;1,4;,1;
2024/04/02;1000 UTC;0;1004,1;1004,1;1003,2;491,8;26,3;23,9;26,3;24,8;24,7;23,7;94;86;87;331;1,5;,6;
2024/04/02;1100 UTC;0;1004,9;1004,9;1004,1;725,9;27,1;23,9;27,1;26,3;24,2;23,6;87;83;83;358;4,4;2,1;
2024/04/02;1200 UTC;0;1005,1;1005,1;1004,8;1046,4;28,5;24;28,7;27,1;24,4;23,5;83;74;77;352;4,2;1,9;
2024/04/02;1300 UTC;0;1004,6;1005,1;1004,6;2272,5;31;23,6;31,3;28,5;24,7;22,8;78;63;65;26;4,8;2,5;
2024/04/02;1400 UTC;0;1003,8;1004,6;1003,8;1913,4;30,9;23,6;31,8;30,2;24,8;22,8;70;61;65;284;4,8;,9;
2024/04/02;1500 UTC;0;1002,4;1003,8;1002,4;1714,3;31,5;23,5;31,9;30,7;25;22,9;71;60;63;343;4,1;2,1;
2024/04/02;1600 UTC;0;1001;1002,4;1001;1331,8;31,9;23,3;31,9;30,2;24,7;22,9;71;59;60;290;4,6;1,5;
2024/04/02;1700 UTC;0;1000;1001;1000;1451,3;31,5;24,1;33,4;31,4;24,6;23;67;56;65;351;4,9;1,2;
2024/04/02;1800 UTC;0;999,4;1000;999,4;938,4;31,5;25,4;31,9;31,4;25,7;23,9;72;64;70;11;3,2;1,4;
2024/04/02;1900 UTC;0;999,6;999,6;999,2;1176,5;32;24,2;33;31,5;25,6;22,4;71;56;63;103;2,7;,7;
2024/04/02;2000 UTC;0;999,4;999,6;999,3;313,9;30,5;27,3;32;30,5;27,3;24,6;83;64;83;269;2,3;0;
2024/04/02;2100 UTC;0;1000,1;1000,1;999,4;30,3;27,9;25,4;30,4;27,8;27;24,8;86;79;86;275;1,1;,4;
2024/04/02;2200 UTC;9;1001,8;1001,8;1000,2;2,9;25,5;23,8;28,4;25,5;26;23,8;91;84;90;56;6,4;3,1;
2024/04/02;2300 UTC;9,8;1002,2;1002,2;1001,7;4,9;24,8;23,6;25,5;24,7;24;23,3;93;90;93;193;5,6;,8;
2024/04/03;0000 UTC;0;1003,2;1003,2;1002,1;3,1;24,5;23,1;24,8;24,4;23,6;23,1;93;92;92;314;6,1;1,4;
2024/04/03;0100 UTC;3,4;1003,5;1003,7;1003,1;4,3;25;23,8;25,1;24,5;23,8;23,1;93;91;93;278;4,3;,8;
2024/04/03;0200 UTC;,6;1003,6;1003,6;1003,3;2,9;24,6;23,4;25;24,5;23,8;23,3;93;93;93;302;3,5;1,1;
2024/04/03;0300 UTC;18,2;1003,2;1003,7;1003,2;5,2;22,9;21,9;24,6;22,8;23,4;21,8;94;93;94;329;5,2;2,6;
2024/04/03;0400 UTC;,8;1002,7;1003,3;1002,6;2;23,7;22,8;23,7;22,9;22,8;21,9;94;94;94;277;4,4;1;
2024/04/03;0500 UTC;0;1002,2;1002,7;1002,1;2,4;23,8;22,8;23,9;23,7;22,9;22,8;94;94;94;293;4,1;,6;
2024/04/03;0600 UTC;2,2;1002,5;1002,5;1002,2;2,1;24;23;24;23,8;23;22,8;94;94;94;125;2,7;,9;
2024/04/03;0700 UTC;4,6;1002,5;1002,5;1002,3;2,1;24;23;24,1;23,9;23,1;23;94;94;94;114;3,1;,9;
2024/04/03;0800 UTC;5;1002,7;1002,9;1002,5;2,8;23,8;22,8;24;23,8;23;22,8;94;94;94;319;2,5;,8;
2024/04/03;0900 UTC;,2;1003,4;1003,5;1002,6;13,7;23,9;23;24;23,8;23;22,8;94;94;94;257;2,2;,2;
2024/04/03;1000 UTC;,2;1004,4;1004,4;1003,4;134,1;24,2;23,2;24,3;23,9;23,3;23;94;94;94;27;2,5;1,3;
2024/04/03;1100 UTC;0;1005,1;1005,2;1004,4;548,1;25,1;23,5;25,1;24,1;23,6;23,2;94;91;91;220;2,3;,6;
2024/04/03;1200 UTC;0;1005,5;1005,5;1005,1;680,1;25,6;22,7;25,9;24,9;23,4;22,5;91;83;84;157;2,4;,7;
2024/04/03;1300 UTC;0;1005;1005,5;1005;1858,7;28,3;22,6;28,3;25,6;23,2;21,2;85;67;71;100;3,1;1,3;
2024/04/03;1400 UTC;0;1004,4;1005;1004,4;1565,1;28,8;21,9;29,1;27,7;24,1;21,3;77;65;67;214;2,7;,6;
2024/04/03;1500 UTC;0;1003,2;1004,4;1003,2;2836,7;31,2;23,6;31,2;28,8;23,7;22;69;62;64;57;3,5;1,5;
2024/04/03;1600 UTC;0;1001,7;1003,2;1001,7;2549;31,9;22,9;31,9;30,7;23,8;22,1;65;57;59;220;4;1,4;
2024/04/03;1700 UTC;0;1000,6;1001,7;1000,6;1761,9;32,6;22,9;32,7;30,7;23,4;21,7;62;54;57;314;4,6;1,9;
2024/04/03;1800 UTC;0;999,6;1000,6;999,5;1782,3;32,5;22,1;33,1;32,2;23,2;21,3;58;52;55;247;4,7;1,8;
2024/04/03;1900 UTC;0;999,8;999,8;999,5;1045,1;31,5;23,1;33,1;31,5;24;22;64;54;61;265;4,7;1;
2024/04/03;2000 UTC;0;1000,3;1000,3;999,8;440,2;30,7;23,8;31,8;30,7;24,1;23;68;60;67;297;4,5;1,2;
2024/04/03;2100 UTC;10,8;1002,3;1002,3;1000,3;55,4;26;24,3;30,8;26;25;23,5;91;66;90;155;7,7;1,5;
2024/04/03;2200 UTC;23,2;1003,1;1003,2;1001,9;4;23,9;22,8;25,9;23,9;24,3;22,8;94;90;94;322;6,7;1,4;
2024/04/03;2300 UTC;10,2;1003,8;1003,8;1002,8;2,4;24,4;23,3;24,4;23,5;23,3;22,4;94;94;94;45;5,6;1,2;
2024/04/04;0000 UTC;23,2;1006,4;1006,4;1003,8;3,6;24;23;24,4;24;23,3;23;94;94;94;86;5,4;2,1;
2024/04/04;0100 UTC;11;1006,2;1006,7;1006,2;2,9;23,8;22,8;24;23,8;23;22,8;94;94;94;344;4,5;1,5;
2024/04/04;0200 UTC;5,8;1005,6;1006,2;1005,6;1,8;23,5;22,6;23,8;23,5;22,8;22,6;94;94;94;331;3,1;1,7;
2024/04/04;0300 UTC;2,4;1004,8;1005,6;1004,7;1,7;23,6;22,7;23,7;23,5;22,7;22,6;94;94;94;35;3,1;1;
2024/04/04;0400 UTC;,6;1003,9;1004,8;1003,9;2;23,6;22,7;23,6;23,5;22,7;22,6;94;94;94;246;1,9;,5;
2024/04/04;0500 UTC;0;1002,7;1003,9;1002,7;2;23,8;22,8;23,8;23,6;22,8;22,7;94;94;94;227;2,1;0;
2024/04/04;0600 UTC;0;1002,1;1002,9;1002,1;1,9;23,6;22,7;23,8;23,6;22,8;22,6;94;94;94;176;1,4;,4;
2024/04/04;0700 UTC;,2;1002;1002,1;1001,7;2;23,6;22,7;23,7;23,6;22,7;22,7;94;94;94;163;2,4;,6;
2024/04/04;0800 UTC;0;1002,4;1002,4;1002;4,3;23,6;22,6;23,8;23,5;22,8;22,6;94;94;94;115;1,6;,3;
2024/04/04;0900 UTC;0;1002,9;1002,9;1002,4;15,2;23,6;22,6;23,6;23,5;22,7;22,5;94;94;94;139;2,8;,8;
2024/04/04;1000 UTC;0;1003,6;1003,6;1002,9;170,5;23,8;22,8;23,8;23,5;22,8;22,5;94;94;94;114;3,5;1,4;
2024/04/04;1100 UTC;0;1004,1;1004,1;1003,6;851;25,3;21,7;25,6;23,8;23,6;21,7;94;81;81;96;3,4;1,7;
2024/04/04;1200 UTC;0;1004,6;1004,6;1004,1;1265,7;26,5;22,6;26,5;25,2;22,7;21,6;83;78;79;113;4;1,9;
2024/04/04;1300 UTC;0;1004,9;1005;1004,6;1468,2;28,8;23,3;28,9;26,6;24;22,3;79;72;72;115;4;1,6;
2024/04/04;1400 UTC;0;1004,2;1005;1004,2;2019,5;29,8;23,9;29,9;28,8;24,8;22,9;76;69;71;94;4,4;1,8;
2024/04/04;1500 UTC;0;1003;1004,3;1003;2815,3;31,5;24,4;31,6;29,5;24,8;23,3;74;63;66;68;5,4;2,5;
2024/04/04;1600 UTC;0;1001,8;1003;1001,8;2674,6;32,5;24,1;33;31,3;25;23,2;66;59;62;91;5,4;2,1;
2024/04/04;1700 UTC;0;1000,8;1001,8;1000,8;2216,3;33,3;23,9;33,3;32;25,1;22,6;64;55;58;59;4,3;1,4;
2024/04/04;1800 UTC;0;999,8;1000,8;999,8;1347,5;32;25;33,8;32;25,4;22,6;67;54;66;92;3,3;,8;
2024/04/04;1900 UTC;0;999,6;999,8;999,5;1144,2;32,5;23,3;33,1;31,8;25,3;22,7;68;55;58;62;3,7;2;
2024/04/04;2000 UTC;0;1000,3;1000,3;999,6;660;31;23,7;32,8;31;24,7;22,7;68;56;65;42;4;1,5;
2024/04/04;2100 UTC;0;1000,6;1000,7;1000,2;34,5;28,4;25,8;31;28,4;25,8;23,2;86;64;86;107;3,3;,6;
2024/04/04;2200 UTC;0;1001,6;1001,6;1000,6;;27,6;24,9;28,4;27,6;25,8;24;87;78;85;110;3,4;,7;
2024/04/04;2300 UTC;0;1002,8;1002,8;1001,6;;26,9;22,6;27,6;26,9;24,3;22,6;85;77;77;36;4;2,2;
2024/04/05;0000 UTC;0;1003,5;1003,5;1002,8;;26,3;22,4;26,9;26,3;22,7;22,4;80;77;79;40;4,5;2,3;
2024/04/05;0100 UTC;0;1003,9;1004;1003,5;;25,9;22,9;26,3;25,9;23;22,4;84;79;83;46;4,7;,7;
2024/04/05;0200 UTC;0;1004;1004;1003,8;,8;25,4;23,5;25,9;25,4;23,8;22,7;90;83;89;156;2;,3;
2024/04/05;0300 UTC;0;1003,3;1004,1;1003,2;;25,1;23,6;25,7;25,1;23,9;23,6;91;89;91;228;1,1;,2;
2024/04/05;0400 UTC;0;1002,5;1003,3;1002,5;,3;24,7;23,5;25,1;24,7;23,7;23,4;93;91;93;185;,8;,2;
2024/04/05;0500 UTC;0;1001,9;1002,5;1001,9;1,6;25;23,8;25;24,6;23,8;23,4;93;93;93;51;1;,4;
2024/04/05;0600 UTC;0;1002,2;1002,2;1001,7;,9;24,5;23,4;25,1;24,5;23,9;23,4;93;93;93;309;1,1;0;
2024/04/05;0700 UTC;0;1002,4;1002,5;1002,1;,7;24,4;23,4;24,6;24,4;23,5;23,3;94;93;94;341;,7;0;
2024/04/05;0800 UTC;0;1002,7;1002,7;1002,4;1,4;24,3;23,3;24,4;24,2;23,3;23,1;94;94;94;132;,9;,3;
2024/04/05;0900 UTC;0;1003,2;1003,2;1002,7;22,8;24,4;23,4;24,4;24,2;23,4;23,2;94;94;94;197;1,2;,6;
2024/04/05;1000 UTC;0;1003,5;1003,5;1003,2;476,3;26,1;22,8;26,3;24,4;24,4;22,8;94;82;82;287;1,5;,5;
2024/04/05;1100 UTC;0;1003,9;1004,1;1003,5;1054,7;27,9;22,4;28,1;26,1;23,1;21,9;83;72;72;23;2,1;1,1;
2024/04/05;1200 UTC;0;1004,3;1004,3;1003,9;1736,4;30;23,2;30,1;27,8;23,6;22,2;73;65;67;125;2,9;1,1;
2024/04/05;1300 UTC;0;1004,1;1004,3;1004,1;2184,4;31,2;23,2;31,3;29,9;24;22,3;69;61;62;74;4,6;2;
2024/04/05;1400 UTC;0;1003,5;1004,1;1003,5;2208,2;31,5;23;31,7;30,9;23,6;22,1;64;58;60;9;4,6;,7;
2024/04/05;1500 UTC;0;1002,7;1003,5;1002,7;2038,4;31,9;22,3;33,2;31,4;24;21,8;63;55;57;10;2,9;1,6;
2024/04/05;1600 UTC;0;1001,5;1002,7;1001,5;1500,1;32,8;23;32,9;31,6;25;22,2;68;54;57;51;2,8;,8;
2024/04/05;1700 UTC;0;1000,3;1001,5;1000,3;1283,5;31,2;24,6;33,4;31,2;25,1;21,3;68;50;68;150;3,6;1,3;
2024/04/05;1800 UTC;0;999,4;1000,4;999,4;1813,3;33,6;23;33,7;30,8;25,5;22,2;73;53;54;104;3,3;,8;
2024/04/05;1900 UTC;0;999,4;999,5;999,3;667,2;30,5;23,8;33,6;30,3;24,5;21,9;70;52;68;103;5;,9;
2024/04/05;2000 UTC;0;1000,3;1000,3;999,5;258,3;29,6;25,3;30,5;29,5;25,7;24;79;68;78;46;2,1;1,1;
2024/04/05;2100 UTC;0;1001,6;1001,6;1000,3;52,3;26,7;23;29,6;26,7;25,5;23;81;76;80;39;7,5;3,4;
2024/04/05;2200 UTC;0;1002,2;1002,3;1001,5;;25,8;23,5;26,7;25,7;23,5;22,4;87;80;87;15;6,9;,6;
2024/04/05;2300 UTC;0;1003;1003;1002,2;;25,1;22,8;25,8;25,1;23,5;22;88;82;87;296;3,2;,6;
2024/04/06;0000 UTC;0;1002,9;1003,1;1002,8;;24,8;23,1;25,2;24,8;23,2;22,4;90;86;90;352;1,6;,2;
2024/04/06;0100 UTC;0;1003,5;1003,5;1002,9;;24,5;23,1;24,9;24,4;23,3;22,9;92;90;92;335;1,4;,2;
2024/04/06;0200 UTC;0;1003,3;1003,5;1003,3;0;24,5;23,2;24,6;24,3;23,3;23;93;92;93;81;1,3;,8;
2024/04/06;0300 UTC;0;1002,6;1003,4;1002,6;,3;24,5;23,2;24,6;24,4;23,4;23,1;93;93;93;79;2;0;
2024/04/06;0400 UTC;0;1001,8;1002,6;1001,8;,1;24;22,8;24,4;24;23,2;22,8;93;93;93;300;1,8;,4;
2024/04/06;0500 UTC;0;1001,5;1001,8;1001,5;1,3;24,2;23,1;24,3;23,9;23,2;22,8;94;93;93;148;1,4;0;
2024/04/06;0600 UTC;0;1001,3;1001,5;1001,1;,8;24;23;24,3;23,9;23,2;22,8;94;93;94;137;1,3;,2;
2024/04/06;0700 UTC;0;1001,5;1001,5;1001,3;3,5;24,5;23,4;24,6;24;23,5;22,9;94;94;94;91;,9;,2;
2024/04/06;0800 UTC;0;1001,6;1001,7;1001,5;4,3;24,7;23,6;24,8;24,5;23,7;23,4;94;94;94;243;,9;,4;
2024/04/06;0900 UTC;0;1002,6;1002,6;1001,6;33,3;25;23,9;25;24,7;23,9;23,6;94;94;94;324;1,8;1;
2024/04/06;1000 UTC;,2;1003,3;1003,3;1002,6;464,4;26,2;23,6;26,5;25;24,5;23,6;94;85;85;79;1,8;,5;
2024/04/06;1100 UTC;0;1004,3;1004,3;1003,3;539,5;26,5;23,8;26,8;26,2;24,1;22,5;86;79;85;82;2,6;1,4;
2024/04/06;1200 UTC;0;1004,6;1004,6;1004,3;953,9;28;23,8;28;26,5;24,2;23,1;85;78;78;68;3,5;2,1;
2024/04/06;1300 UTC;0;1003,9;1004,6;1003,9;2029,4;29,2;22,8;29,4;27,8;24,4;22;79;66;68;58;6,5;3,1;
2024/04/06;1400 UTC;0;1003;1003,9;1003;2867,9;30,2;21,9;30,2;28,7;23,6;21;71;59;61;34;5,1;2;
2024/04/06;1500 UTC;0;1001,8;1003,1;1001,8;2619,1;30,6;22,6;30,9;30;23,5;21;67;58;62;55;4,1;1,5;
2024/04/06;1600 UTC;0;1000,7;1001,8;1000,7;2393,5;31,5;23,7;31,7;30,5;24,3;22,2;67;60;64;330;4,8;2;
2024/04/06;1700 UTC;0;1000;1000,8;1000;1597,3;31,7;24,2;31,8;30,6;24,6;23,1;69;63;65;349;4,8;1,9;
2024/04/06;1800 UTC;0;999,3;1000;999,1;1451,7;31,1;23,8;31,9;31;24,8;23,4;68;62;65;300;4,8;1,4;
2024/04/06;1900 UTC;0;1000,3;1000,3;999,3;570,2;29,8;23,6;31,1;29,8;24,9;23,6;72;65;70;334;3,9;2,1;
2024/04/06;2000 UTC;0;1001,2;1001,2;1000,1;240,5;28,7;23,6;29,8;28,6;24,2;23,5;75;70;74;265;5,3;1,4;
2024/04/06;2100 UTC;0;1002,2;1002,2;1001,1;26,1;28;24,8;28,7;28;24,8;23,6;83;74;83;206;4,4;1,2;
2024/04/06;2200 UTC;24,6;1003,3;1003,5;1002,2;2,4;24;22,9;28;23,9;25;22,7;94;81;94;239;7,4;1,9;
2024/04/06;2300 UTC;5,4;1003,8;1003,9;1003,2;3,4;23,9;22,9;24,1;23,9;23,1;22,9;94;94;94;246;4;,8;
2024/04/07;0000 UTC;1,6;1004,2;1004,3;1003,7;2,4;23,6;22,6;23,8;23,3;22,8;22,3;94;94;94;320;2,9;1;
2024/04/07;0100 UTC;0;1004,7;1004,7;1004,1;2,7;23,9;22,9;23,9;23,6;22,9;22,6;94;94;94;347;2,9;,1;
2024/04/07;0200 UTC;0;1005,2;1005,3;1004,8;4,1;24;23;24;23,8;23;22,8;94;94;94;168;1,5;,3;
2024/04/07;0300 UTC;6,2;1004,3;1005,2;1004,3;4,4;24;23;24,2;24;23,2;22,9;94;94;94;155;2,4;,4;
2024/04/07;0400 UTC;5;1003,5;1004,2;1003,5;3,5;23,9;22,9;24;23,8;23;22,8;94;94;94;5;1,7;,2;
2024/04/07;0500 UTC;2;1002,6;1003,5;1002,6;5,6;23,9;22,9;23,9;23,8;22,9;22,8;94;94;94;308;2,1;1,1;
2024/04/07;0600 UTC;,2;1002,6;1002,7;1002,4;3,7;23,9;22,9;24;23,8;23;22,9;94;94;94;254;3;,6;
2024/04/07;0700 UTC;0;1002,6;1002,6;1002,5;3,5;23,7;22,7;23,9;23,7;23;22,7;94;94;94;240;2,3;,3;
2024/04/07;0800 UTC;0;1003,1;1003,1;1002,6;3,3;23,6;22,6;23,7;23,6;22,8;22,6;94;94;94;247;1,4;0;
2024/04/07;0900 UTC;0;1003,8;1003,8;1003,1;23,5;23,8;22,8;23,8;23,6;22,8;22,6;94;94;94;251;1,1;,2;
2024/04/07;1000 UTC;,2;1004,3;1004,3;1003,8;245,3;24,2;23,2;24,3;23,8;23,2;22,9;94;94;94;198;1,8;,6;
2024/04/07;1100 UTC;0;1004,8;1004,8;1004,3;837,7;25,7;22,7;25,8;24,1;23,5;22,3;94;83;83;258;2,2;1;
2024/04/07;1200 UTC;0;1005,1;1005,1;1004,8;1346,9;26,7;22,2;27,1;25,4;23,2;21,8;84;76;76;264;3,3;1,1;
2024/04/07;1300 UTC;0;1004,9;1005,1;1004,9;1555,1;28,6;23,9;28,6;26,7;24;21,8;79;70;76;183;3,1;1,3;
2024/04/07;1400 UTC;0;1004,6;1004,9;1004,6;1714,5;29,2;23;29,5;28,3;23,9;22,9;76;69;69;163;4,6;1,5;
2024/04/07;1500 UTC;0;1003,2;1004,6;1003,2;2264,3;30,2;23,6;31,1;29,2;24,4;22,6;73;62;68;110;3,7;1,7;
2024/04/07;1600 UTC;0;1001,8;1003,2;1001,8;2126,9;32,2;23,3;32,2;29,9;24,4;23,1;70;59;60;123;3,5;,8;
2024/04/07;1700 UTC;0;1000,6;1001,8;1000,6;2172,9;31,6;22,4;32,4;31,2;24,7;22;65;56;58;259;4;1;
2024/04/07;1800 UTC;0;999,9;1000,6;999,9;836,2;30,9;23,8;31,8;30,8;24,5;22,2;69;58;66;62;2,2;,6;
2024/04/07;1900 UTC;0;999,9;999,9;999,7;604,6;30,7;24,7;31,6;30,7;25,8;21,9;72;58;70;32;1,6;,4;
2024/04/07;2000 UTC;0;1000,8;1000,8;999,9;220,9;28,6;25;30,7;28,6;25,5;23,7;81;70;81;189;3,5;,6;
2024/04/07;2100 UTC;0;1001,3;1001,4;1000,8;31,7;27,1;25;28,6;27,1;25;24,3;88;79;88;357;2,3;,3;
2024/04/07;2200 UTC;0;1001,9;1002;1001,3;;26;24,5;27,1;26;24,9;24,5;91;88;91;295;1,2;,5;
2024/04/07;2300 UTC;0;1003,5;1003,5;1001,9;1;26;24,7;26,1;25,9;24,7;24,5;93;91;93;65;1,2;,1;
2024/04/08;0000 UTC;0;1003,7;1003,7;1003,5;2,3;26,1;24,9;26,1;25,8;24,9;24,5;93;93;93;3;,9;,1;
2024/04/08;0100 UTC;0;1004,3;1004,3;1003,6;2,5;25,7;24,6;26,2;25,7;25;24,5;93;93;93;50;1,8;1,1;
2024/04/08;0200 UTC;0;1003,8;1004,3;1003,8;2,1;25,7;24,6;25,9;25,5;24,8;24,4;93;93;93;9;3,3;1,8;
2024/04/08;0300 UTC;0;1003,2;1003,9;1003,2;1,5;25,6;23,9;25,9;25,6;24,7;23,8;93;90;90;36;4,4;1,1;
2024/04/08;0400 UTC;0;1002,4;1003,2;1002,4;;24,9;23,2;25,6;24,9;23,9;23,1;91;89;90;330;2,8;,6;
2024/04/08;0500 UTC;0;1001,9;1002,5;1001,9;1,5;24,9;23,6;25;24,8;23,6;23,2;92;90;92;360;1,9;0;
2024/04/08;0600 UTC;0;1002;1002;1001,7;2,9;25;23,7;25;24,6;23,7;23,3;93;92;93;153;1,6;,3;
2024/04/08;0700 UTC;0;1001,8;1002;1001,8;3,9;25,3;24,1;25,3;25;24,1;23,7;93;93;93;79;1,4;,5;
2024/04/08;0800 UTC;1,2;1002,4;1002,4;1001,8;4,1;25,2;24;25,4;25,2;24,2;24;93;93;93;137;3,5;1,1;
2024/04/08;0900 UTC;0;1002,7;1002,8;1002,4;16,6;25;23,8;25,2;25;24;23,8;93;93;93;191;3,5;,6;
2024/04/08;1000 UTC;0;1002,7;1002,8;1002,5;470,6;25,9;24;26,2;25;24,7;23,7;93;89;89;324;3,8;1,7;
2024/04/08;1100 UTC;0;1003,6;1003,6;1002,7;909,8;26,8;23,4;26,9;25,6;24,2;23,3;89;81;82;359;4,1;2,2;
2024/04/08;1200 UTC;0;1004,1;1004,1;1003,5;998,6;27,7;22,9;27,8;26,8;23,9;22,7;82;75;75;23;4,1;,7;
2024/04/08;1300 UTC;0;1004,1;1004,2;1004,1;947;28,5;24,3;28,8;27,7;24,3;22,9;78;71;78;9;3,6;1,3;
2024/04/08;1400 UTC;0;1003,5;1004,1;1003,5;1585,8;29;24;29,8;28,2;25;23,3;80;69;74;324;3,7;1,2;
2024/04/08;1500 UTC;,2;1002,5;1003,5;1002,5;787,3;28,8;24,1;29;27,9;25,4;23,7;84;74;76;283;3,2;,9;
2024/04/08;1600 UTC;0;1001,1;1002,5;1001,1;2574,8;32,3;25;32,3;28,5;25;23,4;77;63;66;105;4,1;1,7;
2024/04/08;1700 UTC;0;999,8;1001,1;999,8;1740;32,9;23,9;32,9;31,2;24,7;22,7;68;56;59;87;3,4;1,1;
2024/04/08;1800 UTC;0;999,2;999,8;999,2;1682,6;33,6;22,9;33,8;32,3;24,3;22,3;61;53;54;100;3,7;,7;
2024/04/08;1900 UTC;0;999,7;999,7;999;968,1;32,4;24,3;33,9;32,2;24,3;22,4;63;53;62;106;3;1,1;
2024/04/08;2000 UTC;0;1000,3;1000,3;999,6;413,3;30,1;26,4;33;30,1;26,8;23;82;56;81;350;2,6;0;
2024/04/08;2100 UTC;0;1001,1;1001,1;1000,3;19,9;27,6;25,4;30,1;27,6;26,5;25,4;88;79;88;290;1,6;,4;
2024/04/08;2200 UTC;4,4;1002,1;1002,7;1001,1;3,8;23,6;22;28,2;23,6;25,8;21,1;91;73;91;47;13,1;6,8;
2024/04/08;2300 UTC;8,2;1003,5;1003,6;1002;3,7;23,9;22,7;23,9;23,2;22,7;21,3;93;88;93;22;13,1;1,1;
2024/04/09;0000 UTC;,4;1004,6;1004,7;1003,4;3,8;24,4;23,2;24,4;23,8;23,3;22,6;93;93;93;359;3;,7;
2024/04/09;0100 UTC;2;1004,7;1004,8;1004,6;4,3;24,2;23,1;24,3;24,2;23,2;23,1;94;93;94;262;3,6;1,1;
2024/04/09;0200 UTC;0;1004,7;1004,9;1004,7;4,9;23,9;22,8;24,2;23,8;23,1;22,7;94;93;94;248;3,6;,7;
2024/04/09;0300 UTC;0;1003,5;1004,7;1003,5;4,4;23,9;22,8;23,9;23,8;22,9;22,8;94;94;94;266;2;,7;
2024/04/09;0400 UTC;0;1002,2;1003,5;1002,2;5,8;23,9;22,8;24;23,9;22,9;22,8;94;94;94;215;2,1;,2;
2024/04/09;0500 UTC;0;1001,1;1002,2;1001,1;5,5;23,9;22,8;24;23,9;23;22,8;94;94;94;133;1,3;,3;
2024/04/09;0600 UTC;0;1000,6;1001,1;1000,6;5,5;23,9;22,9;24;23,9;22,9;22,8;94;94;94;162;1,3;,3;
2024/04/09;0700 UTC;0;1000,4;1000,6;1000,4;6,9;23,9;22,8;24;23,9;23;22,8;94;94;94;147;2,6;,8;
2024/04/09;0800 UTC;0;1000,8;1000,8;1000,3;6,4;23,8;22,7;23,9;23,8;22,8;22,7;94;94;94;156;3,3;,5;
2024/04/09;0900 UTC;0;1001,7;1001,7;1000,8;35,3;24,2;23,1;24,2;23,8;23,1;22,7;94;94;94;20;2,3;,2;
2024/04/09;1000 UTC;0;1002,6;1002,6;1001,7;218,7;24,7;23,4;24,7;24,2;23,4;23,1;94;93;93;8;1,9;,9;
2024/04/09;1100 UTC;0;1003,5;1003,5;1002,6;746,8;25,7;22,3;25,9;24,7;23,6;22,2;93;81;81;9;3,3;1,7;
2024/04/09;1200 UTC;0;1004,2;1004,2;1003,5;731,4;26,1;22,4;26,2;25,5;22,8;21,7;83;79;80;300;3,3;1;
2024/04/09;1300 UTC;0;1004,5;1004,6;1004,2;954,3;27,5;22,9;27,5;26,1;23,4;22,2;81;76;76;45;2,5;1,1;
2024/04/09;1400 UTC;0;1003,8;1004,5;1003,8;1804,1;28,8;23,6;28,9;27,5;23,7;22,3;76;70;73;318;2,5;,9;
2024/04/09;1500 UTC;0;1002,8;1003,8;1002,8;2397,8;30,5;23,3;31;28,3;24,2;22,6;77;64;65;342;3,6;1,1;
2024/04/09;1600 UTC;0;1001,8;1002,8;1001,8;2107,2;31,7;23;31,9;30,1;24,2;21,9;68;58;60;70;2,9;,8;
2024/04/09;1700 UTC;0;1000,5;1001,8;1000,5;2006,9;31,5;23,2;32,4;30,7;24,3;22,1;68;57;62;342;3,7;1,3;
2024/04/09;1800 UTC;0;999,6;1000,5;999,5;1555,7;31,9;22,6;32,8;31,3;24,1;22,2;63;56;58;330;3,7;1,8;
2024/04/09;1900 UTC;0;999,4;999,6;999,4;1191,2;32,2;22,8;32,6;31,8;24;22,4;62;56;58;350;3,4;1,3;
2024/04/09;2000 UTC;0;1000,4;1000,4;999,4;517,7;30,3;24,8;32,8;30,3;25,6;22,4;73;56;72;259;3;,2;
2024/04/09;2100 UTC;0;1001,2;1001,3;1000,4;25,4;27,9;23,7;30,3;27,9;26,1;23,7;86;72;78;204;7,7;1;
2024/04/09;2200 UTC;4,6;1002,5;1002,5;1001,2;2,3;25,4;23,9;27,9;25,4;23,9;21,5;91;71;91;120;7,7;,8;
2024/04/09;2300 UTC;,4;1002,7;1002,7;1002,1;5,4;25,2;23,9;25,4;25,1;24,1;23,5;92;91;92;44;3,3;1,1;
2024/04/10;0000 UTC;0;1002,8;1003,1;1002,6;4,5;25,1;23,9;25,3;25;24;23,7;93;92;93;74;3,3;,5;
2024/04/10;0100 UTC;0;1003,3;1003,3;1002,6;4,9;24,9;23,8;25,1;24,9;23,9;23,7;93;93;93;135;1,2;,7;
2024/04/10;0200 UTC;0;1003;1003,4;1003;5,6;25;23,9;25,1;24,9;24;23,8;94;93;94;180;1,2;,1;
2024/04/10;0300 UTC;0;1002,2;1003,1;1002,2;5,7;24,9;23,9;25,1;24,9;24,1;23,8;94;94;94;195;,9;,1;
2024/04/10;0400 UTC;0;1002;1002,2;1002;5,5;24,9;23,9;25,1;24,9;24;23,9;94;94;94;173;1,1;,5;
2024/04/10;0500 UTC;0;1001,9;1002;1001,9;7,7;25;24;25,1;24,9;24,1;23,9;94;94;94;190;3,1;1,1;
2024/04/10;0600 UTC;0;1001,6;1001,9;1001,6;7,4;24,9;23,8;25;24,8;24;23,7;94;93;94;128;3,1;,2;
2024/04/10;0700 UTC;0;1001,6;1001,6;1001,4;6,2;24,8;23,7;25;24,8;23,9;23,7;94;94;94;66;1,2;,5;
2024/04/10;0800 UTC;0;1001,7;1001,7;1001,6;5,7;24,7;23,7;24,8;24,7;23,7;23,6;94;94;94;72;1,6;,2;
2024/04/10;0900 UTC;0;1002;1002;1001,7;47,8;24,9;23,9;24,9;24,6;23,9;23,5;94;94;94;316;1,6;,1;
2024/04/10;1000 UTC;0;1002,8;1002,8;1002;340,8;25,3;23,4;25,4;24,9;24,1;23,4;94;89;89;61;1,7;0;
2024/04/10;1100 UTC;0;1003,7;1003,7;1002,8;983;27,2;23,2;27,5;25,2;23,9;22,7;90;78;79;58;1,8;,8;
2024/04/10;1200 UTC;0;1003,9;1004;1003,7;1704;29;23,1;29,4;27,2;24;22,8;80;70;71;358;3,2;1,2;
2024/04/10;1300 UTC;0;1003,9;1004;1003,8;2060,4;30,3;23;30,8;28,8;24,3;22,5;74;63;65;314;2,8;,7;
2024/04/10;1400 UTC;0;1003,1;1003,9;1003,1;1908,5;31;23,4;31,7;30,2;24,6;22,8;68;60;64;334;2,5;,9;
2024/04/10;1500 UTC;0;1001,7;1003,1;1001,7;1919,8;31;24,2;32,3;30,8;25,2;22,2;68;58;67;180;4,8;1,7;
2024/04/10;1600 UTC;0;1000,4;1001,7;1000,4;2464,1;32,7;23,7;33,2;31;24,9;22,5;67;55;59;43;4,5;1,2;
2024/04/10;1700 UTC;0;999,7;1000,4;999,7;1622,9;30,4;24;32,7;30,3;25,7;22,9;75;57;69;325;5,7;2,6;
2024/04/10;1800 UTC;0;999,2;999,8;999,1;851,7;29,2;24,7;30,5;29,2;25,3;24;78;69;77;325;5,1;2,2;
2024/04/10;1900 UTC;0;999,4;999,6;999,2;420,5;28;23,8;29,2;28;24,8;23,1;79;73;78;333;5,2;2,3;
2024/04/10;2000 UTC;0;1000,6;1000,6;999,3;197,9;28;24,9;28,3;27,9;24,9;23,5;84;77;84;13;5;,9;
2024/04/10;2100 UTC;6,4;1001,4;1001,4;1000,6;10,9;25,7;23,8;28;25,7;25,5;23,8;91;84;89;9;5,4;2,3;
2024/04/10;2200 UTC;,6;1002;1002;1001,4;3;25,3;24;25,7;25,2;24;23,7;92;89;92;109;4,4;,3;
2024/04/10;2300 UTC;,2;1002,2;1002,2;1001,8;2,7;24,8;23,5;25,4;24,7;24,1;23,3;93;92;92;7;1,9;,3;
2024/04/11;0000 UTC;,6;1002,7;1002,7;1002,2;2,8;24,9;23,7;25;24,8;23,8;23,4;93;92;93;106;2;,3;
2024/04/11;0100 UTC;0;1003,1;1003,1;1002,7;2,4;24,6;23,5;25;24,6;23,8;23,4;93;93;93;23;2,2;1,3;
2024/04/11;0200 UTC;0;1003,5;1003,5;1003,1;2,2;24,4;23,2;24,7;24,4;23,5;23,2;93;93;93;7;2,2;,2;
2024/04/11;0300 UTC;0;1003,6;1003,6;1003,5;3,2;24,3;23,2;24,4;24,3;23,3;23,1;93;93;93;239;1,8;0;
2024/04/11;0400 UTC;0;1002,7;1003,6;1002,7;3,4;24,2;23,2;24,4;24,2;23,3;23,1;94;93;94;34;1,1;0;
2024/04/11;0500 UTC;0;1002,3;1002,7;1002,3;2,5;24,2;23,1;24,2;24;23,2;22,9;94;94;94;360;,6;0;
2024/04/11;0600 UTC;,4;1001,9;1002,3;1001,9;4,3;24,4;23,4;24,5;24,1;23,5;23,1;94;94;94;191;1,4;,4;
2024/04/11;0700 UTC;0;1002,5;1002,5;1001,9;5;24,4;23,4;24,5;24,3;23,4;23,3;94;94;94;146;2,5;,8;
2024/04/11;0800 UTC;0;1001,8;1002,5;1001,8;5,3;24,2;23,2;24,5;24,2;23,4;23,2;94;94;94;87;2,4;,3;
2024/04/11;0900 UTC;0;1002,6;1002,6;1001,8;20,1;24,7;23,7;24,8;24,1;23,8;23,1;94;94;94;306;1,1;,3;
2024/04/11;1000 UTC;0;1003;1003,2;1002,6;227,3;25,3;24,2;25,4;24,7;24,3;23,7;94;94;94;47;1,3;,8;
2024/04/11;1100 UTC;0;1003,4;1003,4;1003;877,7;26,8;23,3;27;25,2;24,5;23,1;94;81;81;25;2,4;,6;
2024/04/11;1200 UTC;0;1003,5;1003,5;1003,3;1532,5;28,1;23,6;28,5;26,5;23,7;22,5;81;72;77;19;4,5;1;
2024/04/11;1300 UTC;0;1003,4;1003,5;1003,3;2311,7;30,1;24;30,8;28;24,9;22,8;78;66;70;193;2,8;1,4;
2024/04/11;1400 UTC;0;1003;1003,4;1003;2233,4;31,6;24;31,6;30;24,6;23;71;62;64;329;3,3;1;
2024/04/11;1500 UTC;0;1002,1;1003;1002,1;1828,9;31,9;23,4;31,9;30,4;25;23;70;61;61;250;3,6;1,1;
2024/04/11;1600 UTC;0;1001;1002,1;1001;1914,3;32;23,9;33,3;31,8;24,5;22,6;65;55;63;273;2,5;,6;
2024/04/11;1700 UTC;0;999,7;1001;999,7;1265,6;32,5;23;32,8;31,7;25,9;22,8;71;56;57;348;2,5;,5;
2024/04/11;1800 UTC;0;998,9;999,7;998,9;1116,1;33,7;23;33,9;31,9;25,9;22,4;69;53;54;189;4,6;1,1;
2024/04/11;1900 UTC;0;999,2;999,4;998,9;1167,8;31,6;24,9;34,3;31,6;24,9;22,2;68;51;68;28;5;2,8;
2024/04/11;2000 UTC;0;999,2;999,3;999;633;29,5;24,6;31,6;29,5;24,9;24,2;75;67;75;23;5;1,7;
2024/04/11;2100 UTC;0;1000,5;1000,5;999,2;43,8;27,9;24,9;29,5;27,9;24,9;24,5;84;75;84;10;3;,6;
2024/04/11;2200 UTC;4;1001,6;1001,9;1000,5;2,2;26,3;24,4;27,9;26,3;25,2;22,2;89;74;89;74;6;1,1;
2024/04/11;2300 UTC;,8;1003,5;1003,5;1001,6;5;26,1;24,4;26,4;26,1;24,9;24,3;92;89;90;139;5,7;2,2;
2024/04/12;0000 UTC;12;1003,5;1003,6;1003,1;4,7;25,4;24,3;26,1;25,2;24,4;24;94;90;94;8;5,7;0;
2024/04/12;0100 UTC;0;1004,2;1004,5;1003,5;3,7;25,7;24,6;25,7;25,4;24,6;24,3;94;94;94;125;2,1;1;
2024/04/12;0200 UTC;,2;1003,6;1004,3;1003,6;2,9;25,5;24,5;25,7;25,5;24,6;24,4;94;94;94;360;2,5;,4;
2024/04/12;0300 UTC;0;1003;1003,7;1003;3,6;25,4;24,3;25,5;25,4;24,5;24,3;94;94;94;342;1,8;,5;
2024/04/12;0400 UTC;0;1002,5;1003;1002,4;3,8;25,2;24,1;25,4;25,1;24,3;24,1;94;94;94;145;1,1;,1;
2024/04/12;0500 UTC;0;1002,2;1002,5;1002,1;4,8;25,3;24,2;25,4;25,1;24,4;24,1;94;94;94;260;1,4;0;
2024/04/12;0600 UTC;0;1002,2;1002,2;1001,9;3,6;25;24;25,3;24,9;24,2;23,9;94;94;94;109;,7;0;
2024/04/12;0700 UTC;0;1002,2;1002,3;1002,2;5,1;25,4;24,3;25,4;25;24,4;24;94;94;94;92;1;,1;
2024/04/12;0800 UTC;1,2;1002,7;1002,7;1002,2;5,9;25,3;24,3;25,4;25,3;24,4;24,3;94;94;94;331;1,7;1;
2024/04/12;0900 UTC;0;1003,3;1003,3;1002,7;16,8;25,2;24,2;25,3;25;24,3;24;94;94;94;149;1,7;,4;
2024/04/12;1000 UTC;0;1004,1;1004,1;1003,3;128;25,8;24,8;25,8;25,2;24,8;24,2;94;94;94;60;1,2;,7;
2024/04/12;1100 UTC;0;1004,2;1004,2;1003,9;361,9;26;24,8;26,3;25,8;25,3;24,8;94;93;93;66;2,4;,8;
2024/04/12;1200 UTC;0;1004,6;1004,8;1004,2;400,5;26,7;24,2;26,7;26;25,2;23,9;93;86;86;50;2,3;,3;
2024/04/12;1300 UTC;0;1004,4;1004,6;1004,4;608,2;27;23,4;27,2;26,7;24,5;23;87;80;81;192;1,6;,1;
2024/04/12;1400 UTC;0;1003,4;1004,4;1003,4;699,8;26,9;22,9;27,1;25,7;23,9;22,6;87;79;79;216;4,1;1,4;
2024/04/12;1500 UTC;0;1002,3;1003,4;1002,3;2575,8;30,3;23,6;30,4;26,8;24,6;22,7;81;68;68;67;3,4;1,2;
2024/04/12;1600 UTC;0;1001;1002,3;1001;2404,1;32;23,8;32;29,9;24,7;23;72;60;62;236;2,9;,8;
2024/04/12;1700 UTC;6,8;1000,4;1001;1000,4;1401,9;25,6;24,1;32,9;25,3;24,9;21,9;92;57;92;188;11,5;1,2;
2024/04/12;1800 UTC;,2;999,7;1000,4;999,6;586,8;27,7;25,3;27,7;25,6;25,8;24,3;93;86;87;214;2,5;,6;
2024/04/12;1900 UTC;0;999,9;999,9;999,4;628,7;28,3;25,2;28,9;27,7;26,1;24,5;87;78;83;124;4;1,5;
2024/04/12;2000 UTC;0;1000,3;1000,3;999,9;97,6;27,1;25,1;28,3;27,1;25,3;24,1;89;82;89;66;3,6;,7;
2024/04/12;2100 UTC;0;1000,8;1000,8;1000,3;9,7;26,4;25,1;27,1;26,4;25,2;24,6;92;89;92;198;3,5;0;
2024/04/12;2200 UTC;0;1001,7;1001,8;1000,8;4,6;26,3;25,1;26,5;26,2;25,3;24,9;93;92;93;354;1,2;,1;
2024/04/12;2300 UTC;0;1002,7;1002,7;1001,6;4,3;26,2;25;26,4;26;25,2;24,8;93;93;93;60;1,3;,4;
2024/04/13;0000 UTC;0;1003,9;1003,9;1002,7;4,1;25,9;24,3;26,4;25,8;25,2;24,3;93;91;91;11;4,5;2;
2024/04/13;0100 UTC;0;1004,4;1004,4;1003,8;2,4;24,4;22,5;25,9;24,4;24,3;21,7;91;85;89;11;7,3;2;
2024/04/13;0200 UTC;0;1003,3;1004,5;1003,3;1,7;24,1;22,2;24,5;24;22,8;22;90;89;89;345;3,9;1,1;
2024/04/13;0300 UTC;,2;1003;1003,3;1003;1,6;24,1;22,7;24,2;24;22,9;22,2;92;89;92;293;2,8;,6;
2024/04/13;0400 UTC;0;1002,6;1003;1002,5;3,4;24,1;22,8;24,2;24,1;22,9;22,7;93;92;93;239;2,1;,8;
2024/04/13;0500 UTC;0;1002,2;1002,6;1002,1;2,2;23,7;22,6;24,1;23,7;22,8;22,6;93;93;93;270;2,3;,1;
2024/04/13;0600 UTC;0;1002,2;1002,3;1002,1;4;23,8;22,7;23,8;23,7;22,7;22,5;94;93;94;190;1;,1;
2024/04/13;0700 UTC;0;1002,4;1002,4;1002,1;3,8;23,9;22,8;23,9;23,8;22,9;22,7;94;94;94;227;,7;0;
2024/04/13;0800 UTC;0;1002,2;1002,6;1002,2;3,3;24,1;23,1;24,2;23,9;23,2;22,9;94;94;94;29;,8;,1;
2024/04/13;0900 UTC;0;1002,9;1002,9;1002,2;43,2;24,4;23,4;24,4;24;23,4;23;94;94;94;70;1,2;,6;
2024/04/13;1000 UTC;0;1003,6;1003,6;1002,9;213,6;24,8;23,3;24,8;24,4;23,5;23,2;94;91;91;130;1,3;,4;
2024/04/13;1100 UTC;0;1003,9;1003,9;1003,6;472,5;25,5;22,4;25,9;24,8;23,5;22,4;91;83;83;206;2,1;,7;
2024/04/13;1200 UTC;0;1004,4;1004,6;1003,9;944,8;27,1;23,2;27,2;25,5;23,6;22,6;85;78;79;121;2,6;,7;
2024/04/13;1300 UTC;0;1004,4;1004,6;1004,4;878,4;27,8;23,2;27,9;27;24;22,8;82;76;76;54;2,9;1,1;
2024/04/13;1400 UTC;0;1003,3;1004,4;1003,3;2033,8;29,6;22,4;29,9;27,8;24,2;22,4;78;65;66;142;3,6;1,1;
2024/04/13;1500 UTC;0;1001,8;1003,3;1001,8;2512,7;31,3;23,7;31,9;29,5;24,3;22,4;68;61;64;80;3,8;1,5;
2024/04/13;1600 UTC;0;1000,6;1001,8;1000,6;2150,1;32,2;23,2;32,9;31,2;24;22,5;65;56;59;65;3,6;,9;
2024/04/13;1700 UTC;0;999,2;1000,6;999,2;1953,8;33,3;22,5;33,9;31,8;24,3;22,4;63;52;53;207;3,9;,8;
2024/04/13;1800 UTC;0;998,8;999,2;998,8;1352,9;33;22,6;33,9;32,7;24,1;22,2;60;51;54;127;2,8;,9;
2024/04/13;1900 UTC;0;999,1;999,2;998,6;961,1;31,9;23,9;34;31,9;26;22,4;70;51;63;79;3,2;,6;
2024/04/13;2000 UTC;0;999,7;999,7;999;432,3;28,5;25,2;32,4;28,5;25,7;24,1;83;62;82;108;9;1,5;
2024/04/13;2100 UTC;,2;1000,9;1000,9;999,7;16,4;27,4;25,4;28,5;27,4;26;25;89;82;89;341;3;,2;
2024/04/13;2200 UTC;0;1001,8;1002;1000,8;2,4;27;25;27,4;27;25,6;25;91;89;89;357;2;,9;
2024/04/13;2300 UTC;0;1003;1003;1001,7;2,8;26,1;23,7;27;26;25,3;23,6;91;86;87;348;5,5;2;
2024/04/14;0000 UTC;16;1003,6;1003,8;1003;2,5;24,2;22,9;26,2;24,2;24,2;22,9;93;86;93;342;6,8;2,6;
2024/04/14;0100 UTC;21,6;1004;1004,4;1003,5;3,8;24,1;23,1;24,3;24;23,2;22,9;94;93;94;327;4,9;,5;
2024/04/14;0200 UTC;1,8;1003,2;1004,1;1003,2;3,3;24,1;23,2;24,2;24,1;23,3;23,1;94;94;94;83;1,9;,6;
2024/04/14;0300 UTC;0;1002,1;1003,2;1002,1;3,1;23,8;22,9;24,2;23,8;23,2;22,8;94;94;94;50;2,9;1,1;
2024/04/14;0400 UTC;,2;1001,2;1002,1;1001,2;2,5;23,8;22,8;23,9;23,8;23;22,8;94;94;94;232;2,2;,3;
2024/04/14;0500 UTC;0;1000,7;1001,3;1000,7;2,4;23,7;22,7;23,8;23,6;22,9;22,7;94;94;94;253;1,6;,9;
2024/04/14;0600 UTC;0;1001,1;1001,2;1000,7;3,7;24;23,1;24;23,7;23,1;22,7;94;94;94;238;1,8;,7;
2024/04/14;0700 UTC;0;1001,1;1001,1;1001;4;23,9;22,9;24,1;23,9;23,1;22,9;94;94;94;248;2,8;0;
2024/04/14;0800 UTC;0;1001,2;1001,2;1001;4,1;23,9;22,9;23,9;23,7;23;22,8;94;94;94;251;,8;,1;
2024/04/14;0900 UTC;0;1002,2;1002,2;1001,2;29,1;24;23,1;24;23,8;23,1;22,8;94;94;94;295;,7;0;
2024/04/14;1000 UTC;0;1002,6;1002,6;1002,2;282,2;24,6;23,5;24,7;24;23,8;23,1;94;94;94;235;,8;0;
2024/04/14;1100 UTC;0;1003,2;1003,2;1002,6;721,9;25,8;22,6;26,2;24,6;24,4;22,4;94;81;82;107;2,2;1;
2024/04/14;1200 UTC;0;1003,4;1003,4;1003,1;1491,4;27,8;22,9;27,8;25,8;23,3;21,8;83;73;75;279;3,3;,4;
2024/04/14;1300 UTC;0;1003,3;1003,4;1003,3;1898,6;29,4;22,8;29,8;27,8;23,4;22,1;75;64;68;116;2,5;,8;
2024/04/14;1400 UTC;0;1002,7;1003,3;1002,7;1958,5;31,1;23,4;31,3;29,4;24,4;22,4;71;62;64;99;3;,8;
2024/04/14;1500 UTC;0;1001,5;1002,7;1001,5;2199;31,7;22,8;32,2;31,1;24,6;22,6;66;58;59;183;5;1,2;
2024/04/14;1600 UTC;0;1000,3;1001,5;1000,3;1604,8;31,8;24,3;32,9;31,2;24,8;22,7;66;57;65;79;2,7;1,1;
2024/04/14;1700 UTC;0;999,4;1000,3;999,4;1393,1;33;23,9;33;31,3;24,7;22,7;68;58;59;335;3,2;1;
2024/04/14;1800 UTC;0;998,7;999,4;998,7;1309,1;32,9;23,7;33,7;32;24,6;22,2;63;52;59;91;3,5;1;
2024/04/14;1900 UTC;0;998,9;999;998,5;783,8;32,4;23,9;33,6;31,9;25,4;22,7;67;54;61;113;3,8;1,2;
2024/04/14;2000 UTC;0;999,3;999,3;998,9;301,1;30,3;26,6;32,4;30,3;26,7;23,7;80;61;80;1;2,5;0;
2024/04/14;2100 UTC;0;1000,2;1000,2;999,2;19,4;28;25,9;30,3;27,9;26,9;25,7;89;80;89;38;,6;0;
2024/04/14;2200 UTC;0;1001;1001,2;1000,2;3,7;28,2;26,1;28,3;27,8;26,6;25,8;91;88;88;21;1,9;,7;
2024/04/14;2300 UTC;0;1001,8;1001,8;1000,9;3;27,4;24,2;28,3;27,4;26,1;24,2;88;83;83;174;2,2;,4;
2024/04/15;0000 UTC;0;1002,3;1002,3;1001,8;2,2;26,8;25,1;27,7;26,7;25,3;24,3;91;83;91;321;1,6;,3;
2024/04/15;0100 UTC;0;1002,6;1002,7;1002,2;1,9;26,2;24,5;26,9;26,2;25,3;24,4;91;90;90;290;3,9;,1;
2024/04/15;0200 UTC;0;1002,7;1002,9;1002,5;,7;25,6;24,2;26,2;25,6;24,6;24,1;92;90;92;15;2,6;,5;
2024/04/15;0300 UTC;0;1002,4;1002,7;1002,4;,7;25,1;23,3;25,6;25;24,3;23,3;92;90;90;323;3,8;1,2;
2024/04/15;0400 UTC;0;1001,5;1002,4;1001,5;,7;24,8;23,2;25,1;24,8;23,3;23,2;91;90;91;346;3,1;,9;
2024/04/15;0500 UTC;0;1000,9;1001,5;1000,9;1,2;24,4;23,2;24,8;24,4;23,4;23,2;93;91;93;315;1,7;,4;
2024/04/15;0600 UTC;0;1001,3;1001,3;1000,9;2,7;24,6;23,4;24,6;24,4;23,4;23,1;93;93;93;302;1,5;,4;
2024/04/15;0700 UTC;0;1001,4;1001,5;1001,3;4,2;24,6;23,4;24,7;24,6;23,6;23,4;93;93;93;316;2,1;,9;
2024/04/15;0800 UTC;0;1002,1;1002,1;1001,4;2,1;24,5;23,1;24,6;24,5;23,4;23,1;93;92;92;310;2,1;,5;
2024/04/15;0900 UTC;0;1002,9;1002,9;1002,1;21,3;24,7;23,2;24,7;24,5;23,3;23;92;91;92;15;1,9;,5;
2024/04/15;1000 UTC;0;1003,3;1003,3;1002,8;238,3;25,1;23;25,2;24,7;23,5;23;92;88;88;306;1,7;,9;
2024/04/15;1100 UTC;0;1004;1004;1003,3;309,8;25,6;23,3;25,7;25,1;23,5;23;89;86;87;294;3,1;1,1;
2024/04/15;1200 UTC;0;1004,3;1004,3;1004;485,7;26,2;23;26,3;25,5;23,8;22,8;88;83;83;288;2,5;,4;
2024/04/15;1300 UTC;0;1004,2;1004,4;1004,2;1078,9;27,9;22,8;27,9;26,2;23,5;22,6;83;74;74;51;2,4;1,4;
2024/04/15;1400 UTC;0;1003,1;1004,2;1003,1;1413,1;29,2;23,4;29,4;27,8;23,9;22,6;76;69;71;303;2,7;,3;
2024/04/15;1500 UTC;0;1002,1;1003,1;1002,1;1836,4;30,3;23,3;31,2;29,1;24,6;23;72;64;66;3;3,6;,9;
2024/04/15;1600 UTC;0;1001,2;1002,1;1001,1;2366,2;32,8;23,7;32,8;30,4;24,5;22,9;67;58;59;83;2,7;1,4;
2024/04/15;1700 UTC;0;1000;1001,2;999,9;2029,2;33,3;23,5;33,6;31,7;24,5;22,3;63;53;57;156;2,9;,9;
2024/04/15;1800 UTC;0;999,8;1000;999,7;1049,8;31,6;24,3;33,7;31,4;25,1;22,7;68;54;66;119;4;1,4;
2024/04/15;1900 UTC;0;1000;1000;999,7;457,5;29,5;23,5;31,6;29,5;24,7;23,4;73;65;70;158;3,9;1,3;
2024/04/15;2000 UTC;0;999,8;1000;999,5;286;29;24,1;29,7;29;24,8;23,3;76;70;75;152;3,7;,4;
2024/04/15;2100 UTC;0;999,9;999,9;999,7;25,8;27,1;24,9;29;27,1;25,4;24;88;74;88;327;1,8;,1;
2024/04/15;2200 UTC;0;1000,7;1000,7;999,9;;26,6;24,9;27,3;26,5;25,3;24,5;90;88;90;54;1,5;0;
2024/04/15;2300 UTC;0;1001,6;1001,7;1000,7;,1;26;24,6;26,6;26;24,9;24,6;92;90;92;329;1;0;
2024/04/16;0000 UTC;0;1002,3;1002,3;1001,6;3,6;26,2;24,9;26,3;26;25;24,6;93;92;93;67;1;,2;
2024/04/16;0100 UTC;0;1003,2;1003,2;1002,3;2,4;25,8;24,5;26,3;25,8;25;24,5;93;92;93;34;1,3;,4;
2024/04/16;0200 UTC;0;1003,2;1003,4;1003,2;2;26;24,8;26;25,7;24,9;24,5;93;93;93;10;3,3;1,5;
2024/04/16;0300 UTC;0;1002,6;1003,2;1002,6;2,9;25,7;24,5;26;25,7;24,8;24,5;93;93;93;66;2,8;,6;
2024/04/16;0400 UTC;0;1001,8;1002,6;1001,8;3,3;25,2;24;25,7;25,2;24,5;24;93;93;93;204;1,5;,1;
2024/04/16;0500 UTC;0;1001,5;1001,8;1001,5;2,9;24,9;23,8;25,2;24,9;24,1;23,8;94;93;94;287;,6;0;
2024/04/16;0600 UTC;0;1001,3;1001,6;1001,3;2,9;24,7;23,7;24,9;24,7;23,9;23,6;94;94;94;58;,5;0;
2024/04/16;0700 UTC;0;1001,4;1001,4;1001,3;3,5;24,7;23,7;24,8;24,6;23,8;23,6;94;94;94;265;,5;0;
2024/04/16;0800 UTC;0;1001,7;1001,7;1001,3;4,6;24,5;23,5;24,7;24,3;23,7;23,3;94;94;94;309;,6;0;
2024/04/16;0900 UTC;0;1002,1;1002,1;1001,7;24,6;25,1;24,1;25,1;24,5;24,1;23,5;94;94;94;310;,8;,1;
2024/04/16;1000 UTC;0;1003;1003;1002,1;215,2;25,8;24,7;25,8;25,1;24,7;24,2;94;94;94;27;1,4;,7;
2024/04/16;1100 UTC;0;1003,8;1003,8;1003;444,6;26,3;24;26,3;25,6;24,7;23,8;94;87;88;30;2,3;,5;
2024/04/16;1200 UTC;0;1004,4;1004,4;1003,8;651,4;26,9;23,7;26,9;26,2;24,2;23,3;88;82;82;113;2,4;1,1;
2024/04/16;1300 UTC;0;1004,2;1004,4;1004,2;1080,3;28,3;24;28,6;26,8;24,2;23,2;84;74;78;80;2,8;1,1;
2024/04/16;1400 UTC;0;1003,1;1004,2;1003,1;1862,7;30,9;23,6;30,9;28,3;24,5;23,3;78;65;65;168;3,6;1;
2024/04/16;1500 UTC;0;1002,2;1003,1;1002,2;1841;31,9;24;32,1;30,9;25;23,4;69;62;63;49;4,5;,7;
2024/04/16;1600 UTC;,6;1001,6;1002,2;1001,6;709;28,7;25,9;32;27,6;26,1;23,6;87;62;85;104;7,8;1,5;
2024/04/16;1700 UTC;0;1000,1;1001,6;1000,1;1869,9;31,9;23,9;31,9;28,6;25,9;23,2;84;62;63;108;4,2;1,6;
2024/04/16;1800 UTC;0;999,3;1000,1;999,1;1706,7;33,4;24,8;33,5;31,9;25,3;23,5;66;58;61;110;3,4;1,3;
2024/04/16;1900 UTC;0;999,5;999,7;999,3;968,5;32,5;25,1;33,7;32,4;25,3;23,9;65;58;65;66;4;1,6;
2024/04/16;2000 UTC;0;1000,2;1000,3;999,4;257,4;30,4;26,6;32,5;30,4;27,1;25;80;65;80;131;2,6;,7;
2024/04/16;2100 UTC;0;1001;1001,3;1000;25,6;26,6;23,1;30,4;26,6;27,2;21,9;85;68;81;99;12,1;3,6;
2024/04/16;2200 UTC;0;1001,2;1001,2;1000,8;;26,2;24;26,6;26,1;24,4;23;89;81;88;208;7,4;1,3;
2024/04/16;2300 UTC;0;1001,5;1001,5;1001,1;;26;23,8;26,3;26;24,2;23,6;89;86;88;196;2,4;,1;
2024/04/17;0000 UTC;0;1002,1;1002,1;1001,5;,6;25,8;24,2;26;25,7;24,4;23,8;91;88;91;123;1,5;,3;
2024/04/17;0100 UTC;0;1002,4;1002,4;1002,1;,4;25,4;24;25,7;25,4;24,2;24;92;91;92;340;1,3;0;
2024/04/17;0200 UTC;0;1002,5;1002,5;1002,3;2,8;25,3;24,1;25,5;25,2;24,3;23,9;93;92;93;339;,7;,1;
2024/04/17;0300 UTC;0;1002;1002,5;1002;3,5;25,4;24,2;25,5;25,3;24,3;24,1;93;93;93;141;1;0;
2024/04/17;0400 UTC;0;1001,4;1002,1;1001,4;,3;24,8;23,4;25,4;24,8;24,2;23,4;93;92;92;342;3,4;,6;
2024/04/17;0500 UTC;0;1000,7;1001,4;1000,7;1,5;24,7;23,5;24,9;24,7;23,6;23,5;93;92;93;246;1;0;
2024/04/17;0600 UTC;0;1000,4;1000,7;1000,4;1,1;24,2;23,1;24,7;24,2;23,5;23,1;94;93;94;336;,7;,1;
2024/04/17;0700 UTC;0;1000,4;1000,5;1000,2;2,5;24,2;23,2;24,5;24,2;23,5;23,1;94;94;94;284;1,4;,2;
2024/04/17;0800 UTC;0;1000,7;1000,7;1000,3;3,7;24,4;23,4;24,5;24,1;23,4;23,1;94;94;94;233;1,5;,2;
2024/04/17;0900 UTC;0;1001,6;1001,6;1000,7;28,9;24,6;23,6;24,6;24,1;23,6;23,1;94;94;94;116;1,1;,2;
2024/04/17;1000 UTC;0;1002,6;1002,6;1001,6;384,6;26;24,5;26;24,6;24,6;23,6;94;91;91;87;2,1;1,1;
2024/04/17;1100 UTC;0;1003,3;1003,4;1002,6;833,5;27,2;23,6;27,2;26;24,6;23,5;91;81;81;79;3,8;1,6;
2024/04/17;1200 UTC;0;1003,4;1003,5;1003,1;1201;29,1;23,9;29,1;27,1;24,3;22,9;82;71;73;129;2,7;,9;
2024/04/17;1300 UTC;0;1003;1003,4;1003;1522;30,4;23,5;31,1;29;24,3;22,7;74;61;67;116;4,9;1,8;
2024/04/17;1400 UTC;0;1002,3;1003;1002,3;1900,6;31,5;23,6;31,8;30,4;24,7;23,1;67;61;63;70;5,3;2,7;
2024/04/17;1500 UTC;0;1001,8;1002,3;1001,8;2464,5;33,1;23,7;33,2;31,3;23,9;22,6;63;55;58;86;7;2,8;
2024/04/17;1600 UTC;0;1000,6;1001,8;1000,6;2520,4;32,9;22,4;33,6;32,1;23,5;21,9;59;52;54;73;6,2;2,9;
2024/04/17;1700 UTC;0;999,7;1000,6;999,7;2188,9;33,7;22,4;34;32,6;23,5;21,9;58;50;52;85;6,6;2,4;
2024/04/17;1800 UTC;0;999,1;999,7;999,1;1522,4;33,9;23;33,9;32,3;23;21,4;57;49;53;102;6,4;2;
2024/04/17;1900 UTC;0;999,3;999,3;999,1;1089,6;33,4;22,6;34;33;23,1;21,6;56;49;53;104;4,9;2,2;
2024/04/17;2000 UTC;0;999,8;999,8;999,3;525,1;31,2;25,1;33,5;31,2;25,2;21,9;70;51;70;82;4,6;,5;
2024/04/17;2100 UTC;0;999,9;1000;999,8;10,2;28,1;24,9;31,2;28,1;25,6;23,8;83;69;83;113;1,6;,4;
2024/04/17;2200 UTC;0;1000;1000,1;999,7;;26,9;24,8;28,1;26,9;25;24;88;83;88;336;1,2;0;
2024/04/17;2300 UTC;0;1000,6;1000,6;999,9;,9;26,7;25;27,1;26,6;25,2;24,7;91;87;91;125;,8;,1;
2024/04/18;0000 UTC;0;1001,2;1001,2;1000,6;1,4;26,8;25,4;27;26,6;25,5;25;92;91;92;23;,6;0;
2024/04/18;0100 UTC;0;1002,2;1002,2;1001,2;;26,4;23,9;26,8;26,4;25,4;23,9;92;86;86;344;5;1,5;
2024/04/18;0200 UTC;0;1002;1002,4;1002;;25,8;23,7;26,4;25,8;23,8;23,6;88;86;88;329;3,5;1;
2024/04/18;0300 UTC;0;1001,3;1002;1001,3;;25,2;23,7;25,8;25,2;23,7;23,6;91;88;91;1;2,1;,8;
2024/04/18;0400 UTC;0;1000,5;1001,3;1000,4;1,4;24,8;23,5;25,2;24,8;23,7;23,4;93;91;93;276;1,5;,1;
2024/04/18;0500 UTC;0;1000,2;1000,5;1000,2;1,7;24,4;23,3;24,8;24,4;23,5;23,2;93;93;93;350;,9;0;
2024/04/18;0600 UTC;0;1000;1000,3;999,9;,9;24,4;23,3;24,5;24,3;23,4;23,2;94;93;94;238;,5;0;
2024/04/18;0700 UTC;0;1000,4;1000,4;1000;2,4;24,1;23;24,5;24;23,4;23;94;94;94;330;,7;0;
2024/04/18;0800 UTC;0;1001,2;1001,2;1000,4;3,9;24,3;23,3;24,3;24;23,3;23;94;94;94;313;,7;,1;
2024/04/18;0900 UTC;0;1001,8;1001,8;1001,2;19;25;23,9;25;24,3;23,9;23,3;94;94;94;327;1,6;,7;
2024/04/18;1000 UTC;0;1002,4;1002,4;1001,8;152,1;25,3;23,9;25,5;24,9;24,2;23,9;94;92;92;16;2,4;1,4;
2024/04/18;1100 UTC;0;1002,9;1002,9;1002,4;545;26,1;23,6;26,2;25,3;24,2;23,3;92;86;86;14;3,1;1,6;
2024/04/18;1200 UTC;0;1003,6;1003,6;1002,9;1066,9;27,4;23,3;27,4;26,1;24;22,6;86;77;78;300;2,9;,8;
2024/04/18;1300 UTC;0;1003,4;1003,7;1003,4;1884,1;30,3;22,9;30,6;27,5;24,4;22,7;78;65;65;9;3;1;
2024/04/18;1400 UTC;0;1002,2;1003,4;1002,2;2299,7;31,7;23,2;32,1;30;24,2;22,5;67;60;61;165;3,1;,9;
2024/04/18;1500 UTC;0;1000,4;1002,2;1000,4;2650,7;32,8;23,3;33,4;31,6;24,3;22,4;63;55;57;293;4,2;1,6;
2024/04/18;1600 UTC;0;999,8;1000,4;999,7;1596,4;32,6;22,8;34;31,9;24;22,2;61;53;57;357;3,8;1;
2024/04/18;1700 UTC;5;999,3;999,8;999,1;280,3;27,5;25,7;32,6;27,5;26,1;22,9;91;57;90;43;6,1;1,5;
2024/04/18;1800 UTC;0;999,6;999,6;998,6;161,4;26,5;24,6;27,7;26,5;26;24,5;91;88;89;78;3,7;1,8;
2024/04/18;1900 UTC;0;1000,7;1001;999,6;69;25,8;23,6;26,5;25,8;24,5;23,3;89;85;88;8;6,4;2,3;
2024/04/18;2000 UTC;,2;1001,8;1001,9;1000,8;23,2;25,4;23,7;25,8;25,3;23,9;23,4;91;88;90;172;4,6;,8;
2024/04/18;2100 UTC;,2;1002,2;1002,2;1001,7;4,6;25,2;23,8;25,5;25;24;23,4;92;90;92;157;2,2;,4;
2024/04/18;2200 UTC;2,4;1003,2;1003,2;1002,2;2,6;25,3;24,1;25,4;25,2;24,2;23,8;93;92;93;269;1,8;,3;
2024/04/18;2300 UTC;,6;1003,9;1003,9;1003,2;2,8;25,5;24,4;25,7;25,3;24,5;24,1;93;93;93;237;1,5;,2;
2024/04/19;0000 UTC;0;1004,5;1004,6;1003,9;2,9;25,4;24,2;25,5;25,3;24,4;24,2;94;93;93;347;1,9;,9;
2024/04/19;0100 UTC;,2;1003,9;1004,5;1003,9;3,1;25,2;24,1;25,4;25,1;24,2;24;94;93;94;50;1,9;0;
2024/04/19;0200 UTC;,2;1002,9;1003,9;1002,9;3;25,1;24;25,2;25,1;24,1;24;94;94;94;301;1,3;,2;
2024/04/19;0300 UTC;0;1002;1002,9;1002;4;25,1;24;25,1;25;24;23,9;94;94;94;92;1,1;,3;
2024/04/19;0400 UTC;0;1001,4;1002;1001,4;3,7;25,1;24,1;25,2;25;24,2;24;94;94;94;99;1,5;,5;
2024/04/19;0500 UTC;0;1000,9;1001,4;1000,9;3,6;24,8;23,8;25,1;24,8;24,1;23,8;94;94;94;100;1,5;,6;
2024/04/19;0600 UTC;0;1001,4;1001,4;1000,9;4,1;24,6;23,6;24,8;24,6;23,8;23,6;94;94;94;275;1,3;0;
2024/04/19;0700 UTC;0;1001,7;1001,7;1001,4;3,2;24,7;23,7;24,7;24,5;23,7;23,5;94;94;94;170;,2;0;
2024/04/19;0800 UTC;0;1002,1;1002,1;1001,7;5,1;24,7;23,7;24,8;24,7;23,8;23,7;94;94;94;206;,9;0;
2024/04/19;0900 UTC;0;1002,9;1002,9;1002,1;16,8;24,9;23,9;25;24,7;23,9;23,7;94;94;94;263;,6;0;
2024/04/19;1000 UTC;,2;1004;1004;1002,9;162,3;25,1;24;25,2;24,9;24,1;23,8;94;93;93;187;1,7;,6;
2024/04/19;1100 UTC;0;1005,2;1005,2;1004;310;25,8;23,8;25,8;25;24,3;23,7;93;89;89;153;1,9;,4;
2024/04/19;1200 UTC;0;1005,5;1005,6;1005,2;293,6;25,7;23,4;26;25,6;24;23,1;89;86;87;128;2,1;,7;
2024/04/19;1300 UTC;0;1005;1005,5;1005;1121,6;27,3;22,7;27,7;25,7;24,1;22,3;88;76;76;202;3;1,1;
2024/04/19;1400 UTC;0;1004,2;1005;1004,2;1221,6;28,4;23;28,5;26,8;24;22,3;80;71;73;223;3;,7;
2024/04/19;1500 UTC;0;1003,1;1004,2;1003,1;1477,3;31;23,5;31,1;28,2;24,2;22,5;74;62;65;272;2,4;,9;
2024/04/19;1600 UTC;0;1001,9;1003,1;1001,9;2346,1;31,7;23,9;31,8;30,6;24,1;22,4;67;59;63;334;2,8;1;
2024/04/19;1700 UTC;0;1000,9;1001,9;1000,9;1989,1;32,6;23,3;32,9;31,3;24;22,6;64;56;58;137;3,2;,9;
2024/04/19;1800 UTC;0;1000,2;1000,9;1000,2;1661,3;32,4;23;33,2;32,2;23,6;22,3;60;55;58;22;2,9;1,4;
2024/04/19;1900 UTC;0;1000,3;1000,3;1000;1137;32,6;23;33,3;32,4;23,5;22,4;59;54;57;42;2,2;,8;
2024/04/19;2000 UTC;0;1000,8;1000,9;1000,2;516,8;30,7;26,6;32,8;30,7;26,6;22,9;79;57;79;101;2,4;,3;
2024/04/19;2100 UTC;0;1001,7;1001,7;1000,8;16,9;28,3;26;30,7;28,2;26,9;25,4;87;79;87;162;2,1;,3;
2024/04/19;2200 UTC;5;1002,5;1002,5;1001,7;2,7;26,5;25;28,3;26,5;25,9;23,7;92;78;91;276;6;1,2;
2024/04/19;2300 UTC;0;1003,2;1003,3;1002,5;2,4;26,3;25,1;26,5;26;25,1;24,4;93;90;93;52;2,5;,2;
2024/04/20;0000 UTC;0;1003,8;1003,8;1003,2;2,8;26,4;25,3;26,4;26,2;25,3;24,9;93;93;93;357;1,4;,4;
2024/04/20;0100 UTC;0;1004,3;1004,7;1003,8;2,6;25,9;24,4;26,5;25,9;25,3;24,4;93;91;91;38;3;1,5;
2024/04/20;0200 UTC;0;1004,1;1004,3;1004,1;,9;25,7;24,4;25,9;25,7;24,5;24,4;93;91;93;80;2,6;1;
2024/04/20;0300 UTC;0;1003,4;1004,1;1003,4;2;25,4;24,3;25,7;25,4;24,4;24,3;93;92;93;163;2,1;0;
2024/04/20;0400 UTC;0;1002,9;1003,4;1002,9;2,3;25;24;25,4;25;24,3;23,9;94;93;94;212;,5;0;
2024/04/20;0500 UTC;0;1002,2;1002,9;1002,2;3,1;24,9;23,9;25;24,7;23,9;23,7;94;94;94;113;,9;,1;
2024/04/20;0600 UTC;0;1001,7;1002,2;1001,7;2;24,5;23,5;24,9;24,5;23,9;23,5;94;94;94;258;,5;,1;
2024/04/20;0700 UTC;0;1002,3;1002,3;1001,7;3;24,5;23,5;24,6;24,4;23,6;23,4;94;94;94;187;,9;,3;
2024/04/20;0800 UTC;0;1002,5;1002,5;1002,3;3,3;24,3;23,3;24,7;24,2;23,7;23,2;94;94;94;220;1;0;
2024/04/20;0900 UTC;0;1003,2;1003,2;1002,5;21;24,8;23,8;24,8;24,1;23,8;23,2;94;94;94;74;1,9;1,1;
2024/04/20;1000 UTC;0;1004,1;1004,1;1003,2;290,3;25,6;24,6;25,7;24,8;24,7;23,8;94;94;94;128;2;,5;
2024/04/20;1100 UTC;0;1004,7;1004,7;1004,1;1099,9;27,2;23;27,2;25,5;25,3;22,6;94;77;77;150;3;,8;
2024/04/20;1200 UTC;0;1005;1005,1;1004,7;1619,6;29,6;23,6;29,6;27,2;23,7;22,4;79;69;70;85;3;1,1;
2024/04/20;1300 UTC;,4;1005,4;1005,4;1005;1720,7;29,6;25,3;31,3;29,6;25,3;23,2;78;65;78;86;4;2,1;
2024/04/20;1400 UTC;2,6;1004,6;1005,4;1004,6;861,5;27,5;24,6;29,6;27,5;25,8;24,1;87;75;84;216;4;1,4;
2024/04/20;1500 UTC;0;1003;1004,6;1003;1867,1;30,8;22,6;31,1;27;25,2;22,6;85;62;62;126;2,9;1,2;
2024/04/20;1600 UTC;0;1002;1003;1002;2368,1;32;24,6;33,1;30,7;24,9;23,2;69;58;65;130;5,1;2,2;
2024/04/20;1700 UTC;6,2;1001,7;1002,5;1001,6;328,2;26;24,7;32;26;25;23,6;92;64;92;131;11,3;1,2;
2024/04/20;1800 UTC;,2;1001,4;1001,7;1001,4;384,2;27,1;25,3;27,1;26;25,4;24,6;92;90;90;213;3,3;,2;
2024/04/20;1900 UTC;0;1001,9;1001,9;1001,4;464;27,6;24,9;28,1;27;25,5;24,5;90;83;85;290;1,9;,4;
2024/04/20;2000 UTC;0;1002,2;1002,2;1001,8;183,9;27,6;25,7;27,9;27,5;25,7;24,9;89;85;89;89;1,6;,7;
2024/04/20;2100 UTC;,4;1003;1003;1002,2;8,9;25,6;23,9;27,6;25,6;25,7;23,6;90;86;90;99;4,5;,7;
2024/04/20;2200 UTC;0;1003,4;1003,4;1002,7;3,1;25,4;24,1;25,6;25,4;24,1;23,8;92;90;92;185;3,4;,3;
2024/04/20;2300 UTC;0;1003,9;1003,9;1003,3;2,8;25,3;24;25,5;25,3;24,2;24;93;92;93;196;2,4;1,2;
2024/04/21;0000 UTC;0;1004;1004;1003,9;2,4;25;23,5;25,3;25;24;23,5;93;92;92;188;2,5;,5;
2024/04/21;0100 UTC;0;1003,9;1004,2;1003,9;2,6;24,8;23,5;25;24,8;23,5;23,4;92;92;92;252;2,5;0;
2024/04/21;0200 UTC;0;1003,4;1003,9;1003,4;2,7;24,6;23,4;24,8;24,5;23,5;23,4;93;92;93;274;1,3;0;
2024/04/21;0300 UTC;0;1002,4;1003,4;1002,4;2,6;24,5;23,3;24,6;24,5;23,5;23,3;93;93;93;169;1,5;,2;
2024/04/21;0400 UTC;,2;1001,3;1002,4;1001,3;2,5;24,2;23,1;24,5;24,2;23,3;23,1;94;93;94;148;,9;0;
2024/04/21;0500 UTC;0;1001;1001,3;1000,9;2,5;23,8;22,8;24,2;23,8;23,1;22,7;94;94;94;218;,9;,2;
2024/04/21;0600 UTC;0;1001,2;1001,2;1000,9;3,3;23,5;22,5;23,9;23,5;22,9;22,5;94;94;94;14;,9;0;
2024/04/21;0700 UTC;0;1001,4;1001,4;1001,2;2,9;23,5;22,5;23,8;23,3;22,8;22,4;94;94;94;30;,3;0;
2024/04/21;0800 UTC;0;1001,7;1001,7;1001,4;3,4;23,7;22,7;23,7;23,3;22,7;22,3;94;94;94;48;,6;0;
2024/04/21;0900 UTC;0;1002,5;1002,5;1001,7;40,7;23,9;23;23,9;23,4;23;22,4;94;94;94;7;1,1;0;
2024/04/21;1000 UTC;0;1003,1;1003,1;1002,5;336;24,7;23,4;24,7;23,9;23,6;23;94;93;93;357;2,3;0;
2024/04/21;1100 UTC;0;1003,8;1003,8;1003,1;1110,1;26,5;22,5;26,6;24,7;23,7;22;93;78;78;162;1,9;,8;
2024/04/21;1200 UTC;0;1004,3;1004,3;1003,8;1706;28,9;21,7;29,2;26,2;23;21,4;79;65;65;97;4,6;1,8;
2024/04/21;1300 UTC;0;1004,3;1004,3;1004,2;2097,1;29,6;22,4;30,3;28,9;23,4;21,8;70;63;65;82;4,7;1,8;
2024/04/21;1400 UTC;0;1003,7;1004,3;1003,7;2203,3;31,2;23,5;31,4;29,6;23,6;22,2;67;60;63;118;4,7;1,9;
2024/04/21;1500 UTC;0;1002,9;1003,7;1002,9;2599;31,8;22,9;32,7;31,3;24,1;22,1;65;54;59;128;5,2;1,6;
2024/04/21;1600 UTC;0;1001,7;1002,9;1001,7;1662,4;31,8;23,3;32,9;31,6;23,9;21,5;62;53;61;116;4,3;1,4;
2024/04/21;1700 UTC;0;1000,8;1001,7;1000,8;1819,8;32;23,7;33,5;31,8;23,9;21,3;63;51;62;166;3,5;1,5;
2024/04/21;1800 UTC;0;1000,1;1000,8;1000;1592,6;32,4;23,3;33,5;31,6;24,1;21,6;63;50;59;105;5;2;
2024/04/21;1900 UTC;0;1000;1000,3;1000;974,1;31,1;23,1;33;30,9;24,3;22,4;66;55;63;90;7,2;2,2;
2024/04/21;2000 UTC;0;1000,6;1000,8;1000;266,3;28,6;23,5;31,1;28,5;24,7;23,1;74;63;74;137;5;1,3;
2024/04/21;2100 UTC;0;1001,1;1001,1;1000,6;25,1;26,9;23,7;28,6;26,9;24,2;22,7;84;73;83;122;4;,2;
2024/04/21;2200 UTC;0;1001,6;1001,6;1001,1;,1;26,2;24;27;26,1;24,3;23,6;88;83;88;287;1,4;,1;
2024/04/21;2300 UTC;0;1002,2;1002,2;1001,6;2;26;24,4;26,3;25,9;24,4;23,9;91;88;91;63;1,1;,1;
2024/04/22;0000 UTC;0;1002,7;1002,7;1002,2;2,1;25,7;24,4;26,1;25,7;24,5;24,2;92;91;92;273;,5;0;
2024/04/22;0100 UTC;0;1003,1;1003,2;1002,7;1,5;25,6;24,4;25,8;25,5;24,5;24,2;93;92;93;41;,7;0;
2024/04/22;0200 UTC;0;1002,8;1003,1;1002,8;2,4;25,3;24,2;25,6;25,2;24,4;24,1;94;93;94;96;1;0;
2024/04/22;0300 UTC;0;1002,8;1002,9;1002,7;4,1;25,1;24;25,4;25,1;24,3;24;94;93;94;106;1;,1;
2024/04/22;0400 UTC;0;1002,5;1002,8;1002,4;3,5;24,8;23,8;25,1;24,8;24;23,8;94;94;94;39;,6;0;
2024/04/22;0500 UTC;0;1002;1002,5;1001,9;3,4;24,7;23,7;25,1;24,7;24,1;23,7;94;94;94;27;1;,5;
2024/04/22;0600 UTC;0;1001,7;1002,1;1001,7;2,7;24,5;23,4;24,9;24,5;23,9;23,4;94;94;94;249;1,5;,1;
2024/04/22;0700 UTC;0;1001,3;1001,7;1001,3;2,1;24,1;23,1;24,5;24,1;23,5;23,1;94;94;94;121;,9;,1;
2024/04/22;0800 UTC;0;1001,5;1001,5;1001,2;2;23,9;22,9;24,3;23,8;23,3;22,8;94;94;94;317;,6;0;
2024/04/22;0900 UTC;0;1002,1;1002,1;1001,5;35,2;24,6;23,6;24,6;23,9;23,6;22,9;94;94;94;257;,8;0;
2024/04/22;1000 UTC;0;1002,7;1002,8;1002,1;521,5;26,5;24,1;26,5;24,6;24,3;23,6;94;86;87;166;1,4;,3;
2024/04/22;1100 UTC;0;1003,4;1003,4;1002,7;1062;27,9;22,3;28,1;26,3;24;22,3;87;71;72;145;2,7;,6;
2024/04/22;1200 UTC;0;1003,5;1003,5;1003,4;1725;30,1;22,5;30,1;27,8;23,4;21,7;72;62;64;125;2,5;1;
2024/04/22;1300 UTC;0;1003,2;1003,5;1003,2;2129,6;32;22,8;32,1;30,1;23,6;22,1;64;58;58;82;3,9;1,7;
2024/04/22;1400 UTC;0;1002,6;1003,2;1002,6;2301,3;33,1;22,7;33,5;31,7;23,8;22,4;63;52;55;99;4,3;1,8;
2024/04/22;1500 UTC;0;1001,3;1002,6;1001,3;2358,8;33,9;23,2;33,9;31,8;24,4;22;63;52;54;157;4,5;1,3;
2024/04/22;1600 UTC;0;1000;1001,3;1000;2769;34,4;22,3;34,7;33,4;23,4;21,6;55;48;49;87;4;1,8;
2024/04/22;1700 UTC;0;998,8;1000;998,8;1785,2;33,7;23;34,6;33;23,9;20,9;55;45;54;150;4;1,6;
2024/04/22;1800 UTC;0;998,5;998,8;997,9;1520,7;34,1;23,2;34,7;32,9;24;21,1;60;45;53;143;5,2;1,4;
2024/04/22;1900 UTC;0;999,7;999,7;998,5;978,6;31;24,1;34,1;31;24,5;23,1;67;52;67;60;5,3;3,2;
2024/04/22;2000 UTC;0;1000,1;1000,3;999,6;265,7;26,6;21,7;31;26,6;24,9;21,6;79;66;74;95;10,5;2,2;
2024/04/22;2100 UTC;0;1001,2;1001,2;1000,1;6,2;26,2;23,3;26,7;26,2;23,7;21,6;85;74;84;176;5,3;,2;
2024/04/22;2200 UTC;0;1002,9;1002,9;1001,2;;25,7;23,2;26,2;25,7;23,9;23,1;88;84;86;228;2,6;,8;
2024/04/22;2300 UTC;0;1003,7;1003,7;1002,9;,8;25,9;24,1;26;25,7;24,1;23,3;90;86;89;114;2,6;,5;
2024/04/23;0000 UTC;2,4;1005;1005,1;1003,7;1,5;25,5;23,9;26,1;25,5;24,2;23,8;91;89;91;29;8,6;1,5;
2024/04/23;0100 UTC;54,8;1005,2;1005,5;1004,9;9,8;23;22,1;25,5;22,9;23,3;22;95;89;95;9;16,1;1,2;
2024/04/23;0200 UTC;5,4;1005;1005,2;1005;8,7;22,9;22;23,1;22,9;22,3;22;95;95;95;2;4,2;1,8;
2024/04/23;0300 UTC;4,8;1004,3;1005;1004,3;7,9;23,1;22,2;23,1;22,9;22,2;22;95;95;95;350;3,3;1,5;
2024/04/23;0400 UTC;3,2;1003,5;1004,3;1003,5;7,1;23,1;22,3;23,2;23,1;22,4;22,2;95;95;95;36;2,7;1;
2024/04/23;0500 UTC;,8;1002,6;1003,5;1002,6;6,3;23,1;22,2;23,2;23,1;22,4;22,2;95;95;95;331;3,3;1,8;
2024/04/23;0600 UTC;0;1002,8;1002,8;1002,5;6,2;23,1;22,3;23,1;23,1;22,3;22,2;95;95;95;249;3,3;,3;
2024/04/23;0700 UTC;0;1003,1;1003,1;1002,8;6,5;23,4;22,5;23,4;23,1;22,5;22,3;95;95;95;187;1,2;,5;
2024/04/23;0800 UTC;0;1003,5;1003,5;1003,1;6,1;23,3;22,5;23,4;23,3;22,6;22,5;95;95;95;167;1,7;,3;
2024/04/23;0900 UTC;,2;1003,9;1003,9;1003,5;28,1;23,5;22,6;23,5;23,2;22,6;22,4;95;95;95;176;1,7;,2;
2024/04/23;1000 UTC;0;1004,3;1004,3;1003,9;205,1;23,8;23;24;23,5;23,1;22,7;95;95;95;175;3,4;1,2;
2024/04/23;1100 UTC;0;1004,5;1004,5;1004,3;501,8;24,6;23,2;24,9;23,8;23,7;23;95;92;92;129;4,1;,6;
2024/04/23;1200 UTC;0;1005;1005;1004,5;860,6;25,7;22,4;25,7;24,6;23,4;21,8;92;81;82;106;2;1,1;
2024/04/23;1300 UTC;0;1005,2;1005,2;1004,9;1412,2;28,2;22,3;28,2;25,6;23,3;21,6;82;71;71;68;4,2;,7;
2024/04/23;1400 UTC;0;1004,9;1005,2;1004,9;1886,8;28,9;23;29,2;27,9;23,6;21,7;73;67;70;69;3,6;1,1;
2024/04/23;1500 UTC;0;1003,7;1004,9;1003,7;1635,1;30,2;23,6;30,2;28,9;24,6;22,9;74;66;68;167;3,1;1;
2024/04/23;1600 UTC;0;1002,5;1003,7;1002,5;1998,1;31,4;23,1;31,6;30,2;24,2;22,7;68;60;62;107;3,1;1;
2024/04/23;1700 UTC;0;1002,2;1002,5;1001,8;564,1;27,9;24,2;31,5;27,9;25,4;23,1;80;62;80;189;3,9;2;
2024/04/23;1800 UTC;0;1001,3;1002,2;1001,1;237,9;27;23,6;27,9;27;24,1;23,4;83;79;82;208;4,8;1,4;
2024/04/23;1900 UTC;0;1000,7;1001,3;1000,7;222,2;27,4;24,1;27,6;27;24,4;23,2;83;80;82;238;3,1;,8;
2024/04/23;2000 UTC;0;1001;1001;1000,7;166,8;27,4;24,8;27,6;27,2;25,1;24;86;82;86;266;2,3;0;
2024/04/23;2100 UTC;0;1002,2;1002,2;1001;29,4;26,4;24,8;27,5;26,3;25,1;24,6;91;85;91;214;1,4;,1;
2024/04/23;2200 UTC;0;1002,5;1002,6;1002,2;5,5;25,9;24,6;26,4;25,8;24,9;24,5;93;91;93;335;,9;,2;
2024/04/23;2300 UTC;0;1002,8;1002,8;1002,5;5,4;25,5;24,3;25,9;25,5;24,7;24,3;93;93;93;261;,9;0;
2024/04/24;0000 UTC;0;1003,5;1003,5;1002,8;4,6;25,4;24,3;25,6;25,1;24,5;23,9;94;93;94;149;,6;,1;
2024/04/24;0100 UTC;0;1003,7;1003,7;1003,5;5,4;25,2;24,2;25,6;25,2;24,5;24,1;94;94;94;77;,9;0;
2024/04/24;0200 UTC;0;1003,5;1003,8;1003,5;4,7;24,9;23,8;25,3;24,8;24,3;23,8;94;94;94;49;1,3;,2;
2024/04/24;0300 UTC;0;1003;1003,5;1003;3,9;24,8;23,8;24,9;24,7;23,9;23,7;94;94;94;40;1,4;,4;
2024/04/24;0400 UTC;0;1002,6;1003;1002,5;4,7;24,3;23,3;24,8;24,2;23,8;23,2;94;94;94;234;,9;,1;
2024/04/24;0500 UTC;0;1002,6;1002,7;1002,5;4,9;24,1;23,1;24,4;24,1;23,4;23,1;94;94;94;285;,8;0;
2024/04/24;0600 UTC;0;1002,8;1002,8;1002,6;6;24,1;23,2;24,2;24;23,2;23;94;94;94;226;,8;0;
2024/04/24;0700 UTC;0;1002,5;1002,8;1002,5;6,4;24,1;23,2;24,4;24;23,4;23,1;95;94;95;132;1,3;0;
2024/04/24;0800 UTC;0;1002,5;1002,5;1002,4;7,5;24,3;23,3;24,3;23,7;23,3;22,8;95;94;95;44;,7;,1;
2024/04/24;0900 UTC;0;1002,9;1002,9;1002,4;31,7;24,4;23,5;24,4;24,2;23,5;23,3;95;95;95;198;1;,3;
2024/04/24;1000 UTC;0;1003,4;1003,4;1002,9;240,2;25;24,1;25,2;24,4;24,2;23,5;95;94;94;215;1,2;,5;
2024/04/24;1100 UTC;0;1004,1;1004,1;1003,4;860,1;26,7;24,3;26,7;25;25,5;24;94;86;87;28;1,6;,6;
2024/04/24;1200 UTC;0;1004,4;1004,4;1004,1;1407,1;28,3;23,6;28,3;26,4;24,6;22,4;87;72;75;77;2,6;,8;
2024/04/24;1300 UTC;0;1004,4;1004,5;1004,4;1243,5;30;22,6;30;28,4;23,8;22,4;76;64;64;124;2,6;,7;
2024/04/24;1400 UTC;0;1003,7;1004,4;1003,7;2153,5;31,8;23;32;29,9;24,1;22;67;57;60;114;4,4;1,7;
2024/04/24;1500 UTC;0;1002,8;1003,7;1002,8;1528,8;31,6;23;32,4;30,8;24;22,5;67;57;60;129;4,5;,9;
2024/04/24;1600 UTC;0;1001,8;1002,8;1001,8;1578,2;31,8;24,2;33;31,5;24,2;22,4;64;54;64;143;5,1;1,4;
2024/04/24;1700 UTC;0;1000,4;1001,8;1000,4;2135,5;33,5;22,2;33,5;31,8;24,3;21,5;64;50;52;155;5;1,8;
2024/04/24;1800 UTC;0;999,7;1000,4;999,7;1620,5;33,3;21,9;33,8;32,9;23,1;21,8;55;50;51;137;5;1,8;
2024/04/24;1900 UTC;0;999,4;999,7;999,4;1050,6;33;21,9;33,6;33;22,9;21,7;55;51;52;128;5,6;1,7;
2024/04/24;2000 UTC;0;999,9;999,9;999,4;485,8;31,2;25,1;33,1;31,2;25,1;21,9;70;52;70;81;4,6;,4;
2024/04/24;2100 UTC;0;1000,6;1000,6;999,9;18,4;27,6;24,3;31,2;27,5;25,7;24,1;84;68;83;28;1,6;,1;
2024/04/24;2200 UTC;0;1001,2;1001,3;1000,6;,8;27,1;25;27,7;27;25;23,9;88;82;88;66;1,7;1,1;
2024/04/24;2300 UTC;0;1002,1;1002,1;1001,2;2,7;26,9;25,3;27,2;26,7;25,3;24,9;91;88;91;34;1,7;,4;
2024/04/25;0000 UTC;0;1002,9;1002,9;1002,1;5,6;26,9;25,2;27;26,8;25,5;25,1;92;90;90;14;1,9;,9;
2024/04/25;0100 UTC;0;1003,4;1003,5;1002,8;1,5;26,8;24,5;26,9;26,7;25,1;24,1;90;85;88;144;3,3;1,2;
2024/04/25;0200 UTC;0;1003,5;1003,6;1003,3;2,8;26,5;24,7;26,9;26,5;24,8;24,1;90;85;90;291;3,3;0;
2024/04/25;0300 UTC;0;1003;1003,5;1003;2,5;26,1;24,6;26,6;26;24,8;24,4;92;90;92;355;1,6;,3;
2024/04/25;0400 UTC;0;1002,3;1003;1002,3;3,6;25,6;24,3;26,1;25,5;24,6;24,2;93;92;93;346;,8;0;
2024/04/25;0500 UTC;0;1001,8;1002,3;1001,8;4;25,1;24;25,6;25,1;24,4;23,9;93;93;93;309;1;0;
2024/04/25;0600 UTC;0;1001,7;1001,8;1001,5;5,4;25,1;24;25,3;25;24,2;23,9;94;93;94;184;,9;,2;
2024/04/25;0700 UTC;0;1001,6;1001,7;1001,5;5,1;25;23,9;25,2;24,7;24,1;23,6;94;94;94;270;1;0;
2024/04/25;0800 UTC;0;1001,7;1001,7;1001,6;5,2;25,2;24,1;25,3;25;24,3;23,9;94;94;94;139;,9;,1;
2024/04/25;0900 UTC;0;1002,5;1002,5;1001,7;36;25,2;24,1;25,3;25,1;24,2;24,1;94;94;94;184;1,4;,6;
2024/04/25;1000 UTC;0;1003,2;1003,2;1002,5;271,8;25,7;24,1;25,9;25,2;24,6;24;94;91;91;14;1,5;,6;
2024/04/25;1100 UTC;0;1004,1;1004,1;1003,2;662,7;27;23,1;27,2;25,7;24,3;23,1;91;79;79;67;1,6;,7;
2024/04/25;1200 UTC;0;1004,4;1004,4;1004,1;1593,2;29,6;23,4;29,7;27;23,9;22,8;81;69;69;49;2,7;1,2;
2024/04/25;1300 UTC;0;1004,3;1004,4;1004,2;2173,8;31,2;23,4;31,6;29,4;23,8;22,3;70;61;63;23;3,5;2;
2024/04/25;1400 UTC;0;1003,7;1004,3;1003,7;1797,1;31,2;22;32;31;24,2;22;65;58;58;51;3,9;1,9;
2024/04/25;1500 UTC;0;1002,6;1003,7;1002,6;2392,8;33,2;23,7;33,3;31,1;24,1;22,1;64;54;57;104;4,1;2,1;
2024/04/25;1600 UTC;0;1001,3;1002,6;1001,3;2435,9;33,6;23,4;33,6;32,5;23,8;22,2;59;53;56;109;4,4;1,7;
2024/04/25;1700 UTC;0;999,9;1001,3;999,9;2013,5;34,2;22,8;34,3;32,3;24,3;21,9;61;50;52;131;5;1,8;
2024/04/25;1800 UTC;0;999,2;999,9;999,2;1475,9;33,5;22,7;34,2;32,9;23,8;21,8;57;51;53;84;5;1,7;
2024/04/25;1900 UTC;0;999,5;999,5;999,1;1026,1;32,9;23;33,8;32,5;23,3;21,7;58;50;56;102;3,9;1,4;
2024/04/25;2000 UTC;0;999,9;999,9;999,5;431,5;29,9;25,1;33,1;29,9;25,7;22,9;76;56;75;70;3;,2;
2024/04/25;2100 UTC;0;1000,3;1000,3;999,9;12,4;27,6;24,9;29,9;27,6;25,6;24,6;85;75;85;108;1,1;,4;
2024/04/25;2200 UTC;0;1000,8;1000,8;1000,2;,5;27,3;22,9;27,9;27,3;25,2;22,9;86;77;77;88;2,7;1,4;
2024/04/25;2300 UTC;0;1001,9;1001,9;1000,8;;26,5;23,5;27,3;26,4;23,8;22,6;85;76;84;104;2,7;1;
2024/04/26;0000 UTC;0;1002,9;1002,9;1001,9;;26,1;24;26,5;26,1;24,1;22,7;88;80;88;260;2,6;0;
2024/04/26;0100 UTC;0;1003;1003,2;1002,9;3,6;26,5;24,5;26,8;26;24,7;24;90;86;89;335;1,7;,1;
2024/04/26;0200 UTC;0;1002,8;1003;1002,8;,6;25,9;24,3;26,5;25,8;24,6;24,1;91;89;91;73;1,5;,1;
2024/04/26;0300 UTC;0;1002,4;1002,7;1002,4;2;25,4;24;25,9;25,4;24,4;24;92;91;92;355;1,5;,5;
2024/04/26;0400 UTC;0;1001,9;1002,4;1001,9;,7;25,1;23,9;25,4;25;24,1;23,8;93;92;93;30;1,1;,1;
2024/04/26;0500 UTC;0;1001,2;1001,9;1001,2;2,8;25;23,9;25,4;24,9;24,3;23,8;94;93;94;309;,6;0;
2024/04/26;0600 UTC;0;1000,7;1001,3;1000,7;2,6;24,7;23,7;25,1;24,7;23,9;23,6;94;93;94;36;,8;0;
2024/04/26;0700 UTC;0;1000,7;1000,7;1000,5;1,8;24,4;23,3;24,7;24,3;23,7;23,2;94;94;94;100;,8;0;
2024/04/26;0800 UTC;0;1000,7;1000,7;1000,4;2,1;24,2;23,2;24,4;24,1;23,3;23,1;94;94;94;39;,5;0;
2024/04/26;0900 UTC;0;1001,1;1001,1;1000,7;29,5;24,1;23,2;24,2;23,8;23,2;22,9;94;94;94;197;,5;0;
2024/04/26;1000 UTC;0;1001,5;1001,5;1001,1;314,2;25,9;24,6;26;24,1;24,8;23,2;94;93;93;330;2,1;,7;
2024/04/26;1100 UTC;0;1002,1;1002,1;1001,5;1044,5;26,9;22,8;27,1;25,7;24,4;22,8;93;78;78;267;2,9;1,2;
2024/04/26;1200 UTC;0;1002,7;1002,8;1002,1;1050,4;28,2;23,2;28,4;26,7;23,9;22,7;82;74;75;239;3;1;
2024/04/26;1300 UTC;0;1002,8;1002,8;1002,7;1617,1;31,2;22,3;31,2;28;23,7;22;75;58;59;41;2,5;1,1;
2024/04/26;1400 UTC;0;1002,5;1002,9;1002,5;2278,7;31,3;23;32,2;31,1;24;21,9;64;58;61;207;3,7;1,3;
2024/04/26;1500 UTC;0;1001,8;1002,5;1001,8;2152;32,9;22,3;33,2;31;24;21,2;64;51;54;155;4,7;1,6;
2024/04/26;1600 UTC;0;1000,5;1001,8;1000,5;2450;33,3;22,8;34;32,9;23,4;21,3;57;49;54;117;5,4;1,5;
2024/04/26;1700 UTC;0;999,6;1000,5;999,6;1389,5;32,3;23,2;33,8;32,2;24,2;21,8;61;50;59;116;4,1;1,6;
2024/04/26;1800 UTC;0;999;999,6;998,9;1621;33,6;22,8;34;32,2;23,5;21,7;60;50;53;107;4,5;1,7;
2024/04/26;1900 UTC;0;999,1;999,1;998,8;963;33;23,1;34;32,9;23,9;22,1;58;51;56;87;4,5;1,4;
2024/04/26;2000 UTC;1,2;999,9;1000;999,1;243,1;28,3;26,2;33,1;28,3;26,3;22,4;88;54;88;263;3,3;,3;
2024/04/26;2100 UTC;0;1000;1000,1;999,9;9,2;26,7;25,3;28,3;26,7;26,1;25;92;88;92;297;1,7;,1;
2024/04/26;2200 UTC;0;1000,6;1000,6;1000;;26,1;24,8;26,7;26,1;25,3;24,7;93;92;93;207;1,6;,7;
2024/04/26;2300 UTC;0;1001;1001;1000,6;,4;26;24,1;26,2;26;24,8;23,9;93;87;89;203;3;,9;
2024/04/27;0000 UTC;0;1001,8;1001,8;1000,9;1,1;25,6;24,2;26,1;25,5;24,2;24;92;89;92;300;2,4;0;
2024/04/27;0100 UTC;0;1002,2;1002,2;1001,7;,9;25,2;24;25,6;25,2;24,2;23,9;93;92;93;199;1;0;
2024/04/27;0200 UTC;0;1002,2;1002,5;1002,2;2,2;25,3;24,1;25,5;25,2;24,3;23,9;93;93;93;122;,8;,2;
2024/04/27;0300 UTC;,2;1001,8;1002,2;1001,8;2,7;25,4;24,1;25,4;25,2;24,3;24;93;92;92;46;2,6;1,4;
2024/04/27;0400 UTC;0;1001,2;1001,8;1001,2;2,7;25,3;24;25,4;25,3;24,1;23,9;92;92;92;66;2,6;,9;
2024/04/27;0500 UTC;0;1000,6;1001,2;1000,6;3,2;25;23,6;25,3;25;24;23,6;93;92;92;351;2,6;,2;
2024/04/27;0600 UTC;0;1000,5;1000,7;1000,4;2,6;24,7;23,5;25;24,7;23,8;23,5;93;92;93;43;1,2;,1;
2024/04/27;0700 UTC;0;1000,4;1000,7;1000,4;3,1;24,8;23,7;24,9;24,6;23,9;23,5;94;93;94;323;1;,3;
2024/04/27;0800 UTC;0;1000,8;1000,8;1000,4;2,8;24,7;23,6;24,8;24,5;23,7;23,4;94;94;94;47;1,1;,3;
2024/04/27;0900 UTC;0;1001,1;1001,1;1000,8;26,8;24,9;23,9;24,9;24,6;23,9;23,6;94;94;94;276;1;0;
2024/04/27;1000 UTC;0;1001,4;1001,4;1001,1;482,4;26,5;23,8;26,5;24,9;24,3;23,4;94;85;85;62;1,5;,7;
2024/04/27;1100 UTC;0;1002,1;1002,1;1001,4;1079,8;28,1;23,5;28,2;26,2;23,9;22,5;86;74;76;48;2,2;,5;
2024/04/27;1200 UTC;0;1002,6;1002,7;1002,1;1720,4;29,9;23,8;29,9;28,1;24;22,9;76;69;70;190;3,6;2;
2024/04/27;1300 UTC;0;1002,6;1002,7;1002,5;2037,7;31,6;24,4;31,6;29,6;24,5;22,9;71;62;66;91;6,1;2;
2024/04/27;1400 UTC;0;1002,2;1002,6;1002,2;2392;32,5;23,5;32,8;31,6;24,7;22,9;65;56;59;80;5,4;2,6;
2024/04/27;1500 UTC;0;1000,8;1002,2;1000,8;1682,6;31,1;23,6;33,3;31,1;24,2;22,3;65;54;65;65;5,1;2,2;
2024/04/27;1600 UTC;1,8;999,7;1000,9;999,7;1551,6;30,8;25,1;31;28;26,4;23,6;88;65;72;31;5,5;1,5;
2024/04/27;1700 UTC;4,6;999,5;999,8;999,3;764,8;26,6;24,9;31,2;26,6;26,5;24;91;67;91;51;9,9;5,2;
2024/04/27;1800 UTC;4;999,1;999,5;998,9;517,5;27,7;25;27,8;25,7;25,6;24,2;93;84;85;316;9,9;,2;
2024/04/27;1900 UTC;0;999,1;999,2;998,7;424,3;27,8;25,4;28,4;27,8;25,6;24,5;87;80;87;297;2,3;,9;
2024/04/27;2000 UTC;0;1000;1000;999,1;118,1;27;25;27,8;27;25,4;24,4;89;85;89;314;2,3;,6;
2024/04/27;2100 UTC;0;1000,2;1000,3;1000;9,2;26,8;24,9;27,1;26,8;25,1;24,7;89;88;89;38;3,1;,6;
2024/04/27;2200 UTC;0;1001;1001;1000,2;,4;26;24,6;26,8;26;24,9;24,5;92;89;92;276;2,1;,2;
2024/04/27;2300 UTC;0;1002;1002,1;1001;2,6;26,2;25;26,2;26;25;24,6;93;92;93;353;2,8;1,4;
2024/04/28;0000 UTC;0;1003;1003;1002;,3;25,4;23,7;26,3;25,4;25;23,7;93;90;90;2;2,8;,8;
2024/04/28;0100 UTC;0;1003,2;1003,2;1002,9;1;25,1;23,7;25,4;25,1;23,8;23,6;92;90;92;287;2,3;,1;
2024/04/28;0200 UTC;0;1003,2;1003,3;1003,1;2,5;25;23,7;25,2;25;23,8;23,7;93;92;93;316;1,9;,3;
2024/04/28;0300 UTC;0;1002,8;1003,2;1002,8;1,3;24,8;23,7;25,1;24,8;23,8;23,6;93;93;93;317;2,2;,6;
2024/04/28;0400 UTC;0;1002,2;1002,8;1002,2;2,4;24,8;23,6;24,9;24,8;23,8;23,6;93;93;93;328;2,9;,8;
2024/04/28;0500 UTC;0;1001,3;1002,2;1001,3;3,3;24,9;23,7;25;24,8;23,8;23,6;93;93;93;290;2,6;,3;
2024/04/28;0600 UTC;0;1001,1;1001,3;1001;3,4;24,6;23,3;24,9;24,6;23,7;23,3;93;92;92;273;2,8;,6;
2024/04/28;0700 UTC;0;1001,3;1001,3;1001,1;3,3;24,6;23,3;24,7;24,5;23,4;23,1;93;92;92;292;3,1;,5;
2024/04/28;0800 UTC;0;1001,9;1001,9;1001,3;2,4;24,4;23;24,6;24,4;23,3;23;92;92;92;310;3;1;
2024/04/28;0900 UTC;0;1002,6;1002,6;1001,9;11,5;24,4;23;24,4;24,3;23,1;22,9;92;92;92;266;3,4;,9;
2024/04/28;1000 UTC;0;1003,4;1003,4;1002,6;81,6;24,6;23,1;24,7;24,4;23,2;22,8;92;90;91;321;2,6;1,1;
2024/04/28;1100 UTC;0;1003,8;1003,8;1003,4;332,6;25;22,1;25;24,6;23,5;22,1;92;84;84;99;2,6;,3;
2024/04/28;1200 UTC;0;1004,1;1004,1;1003,8;376,9;25,5;22,7;25,6;24,9;23,2;22,1;87;84;84;153;1,8;,5;
2024/04/28;1300 UTC;0;1004,1;1004,2;1004;801,4;26,6;22;26,9;25,4;23,2;22;84;76;76;287;2;,5;
2024/04/28;1400 UTC;0;1003,5;1004,1;1003,5;1608,3;28,2;22,5;28,4;26,6;23,6;21,9;79;70;71;272;3;1,3;
2024/04/28;1500 UTC;0;1002,4;1003,5;1002,4;2364,3;30,5;23,2;30,5;28,2;23,9;21,9;74;61;65;200;3,4;1,4;
2024/04/28;1600 UTC;0;1001,5;1002,4;1001,5;1813,4;31,5;22,1;31,9;30;23,7;21,7;66;57;58;196;4,4;1,2;
2024/04/28;1700 UTC;0;1000,4;1001,5;1000,4;2280,2;32,1;21,8;32,6;31,2;23,7;21,8;63;54;55;221;3,8;1,5;
2024/04/28;1800 UTC;0;999,7;1000,4;999,6;1330;32,4;23;32,9;31,2;23,6;22,1;63;54;58;191;3,6;1,1;
2024/04/28;1900 UTC;0;999,8;999,8;999,7;1042,3;33;23,7;33,4;32,2;23,7;22,1;61;52;58;150;3;,4;
2024/04/28;2000 UTC;0;1000,4;1000,4;999,7;500;30,3;24,1;33;30,3;24,8;22,8;73;57;70;275;3,5;,6;
2024/04/28;2100 UTC;0;1000,8;1000,8;1000,4;13,2;27,3;24,8;30,3;27,3;25,4;24,2;86;70;86;268;2,2;,3;
2024/04/28;2200 UTC;0;1001,1;1001,1;1000,6;;26,5;24,4;27,3;26,5;24,9;24,1;89;85;88;242;1,6;,1;
2024/04/28;2300 UTC;0;1002,5;1002,5;1001,1;;26,3;24,8;26,7;26,3;25,1;24,4;91;88;91;244;1;,1;
2024/04/29;0000 UTC;0;1002,9;1003;1002,5;;25,5;21,7;26,5;25,5;24,9;21,2;92;76;79;190;5,3;1;
2024/04/29;0100 UTC;0;1002,8;1003,1;1002,7;;24,9;22,6;25,5;24,9;22,6;21,6;87;79;87;192;2,5;,5;
2024/04/29;0200 UTC;0;1003;1003,1;1002,7;;24,9;23,3;25;24,7;23,3;22,6;91;87;91;258;2,1;,2;
2024/04/29;0300 UTC;0;1002,7;1003,1;1002,7;,5;24,9;23,4;25,1;24,7;23,5;23,1;92;91;92;292;1,3;,1;
2024/04/29;0400 UTC;0;1002,1;1002,7;1002,1;;24,7;23,4;24,9;24,7;23,4;23,3;92;92;92;300;1,2;,2;
2024/04/29;0500 UTC;0;1002,1;1002,2;1002,1;,4;24,8;23,6;24,9;24,7;23,6;23,3;93;92;93;257;1,8;,1;
2024/04/29;0600 UTC;0;1001,7;1002,1;1001,6;;24,4;23,2;24,8;24,3;23,6;23,1;93;93;93;201;2,2;,2;
2024/04/29;0700 UTC;0;1001,5;1002;1001,5;0;24,4;22,9;24,6;24,4;23,4;22,9;93;91;91;79;3,6;,7;
2024/04/29;0800 UTC;0;1001,6;1001,6;1001,3;,1;23,9;22,7;24,4;23,9;22,9;22,7;93;91;93;269;2,3;,2;
2024/04/29;0900 UTC;0;1002;1002,1;1001,6;26,9;24,2;23;24,2;23,8;23;22,6;94;93;94;218;1,1;,1;
2024/04/29;1000 UTC;0;1002,2;1002,2;1001,8;531,7;26,2;22,6;26,2;24,2;24,3;22,1;94;79;81;182;2,3;,6;
2024/04/29;1100 UTC;0;1003;1003;1002,2;1094,8;28,1;23,2;28,1;26,1;23,2;21,7;81;72;75;145;3;1,3;
2024/04/29;1200 UTC;0;1003,3;1003,3;1003;1666,2;29,9;23,4;30;28,2;23,5;22,4;74;67;68;148;4;1,8;
2024/04/29;1300 UTC;0;1003,2;1003,4;1003,1;2115,9;30,7;23,2;30,9;29,8;23,7;22,4;69;62;64;124;6,4;2,3;
2024/04/29;1400 UTC;0;1002,9;1003,3;1002,9;1811,9;31,6;23,3;32;30,6;23,9;22,7;65;59;61;116;5,1;2,1;
2024/04/29;1500 UTC;0;1002;1002,9;1002;2708,4;32,7;22,5;33,2;31,5;23,6;22,2;63;53;55;122;5,8;2,4;
2024/04/29;1600 UTC;0;1001,1;1002;1001,1;2280,8;33,6;23;33,7;32,6;23,8;22,2;59;52;54;118;5,9;1,6;
2024/04/29;1700 UTC;0;1000,4;1001,1;1000,4;1662;33,2;23,5;34;32,6;24;22,1;59;51;57;137;4,7;1,5;
2024/04/29;1800 UTC;0;999,7;1000,4;999,7;1151,1;32,8;23,4;33,8;32,6;23,7;21,9;61;50;58;153;4,5;1,1;
2024/04/29;1900 UTC;0;999,7;999,7;999,5;1155,7;33,6;22,6;33,9;32,8;24,2;22,1;59;51;53;176;4,5;1,3;
2024/04/29;2000 UTC;0;1000,5;1000,5;999,7;501;31,3;23,2;33,7;31,3;23,5;21,8;63;51;62;101;4,2;1,5;
2024/04/29;2100 UTC;0;1001,3;1001,4;1000,5;35,8;27,3;22,9;31,3;27,2;23,6;21,9;77;61;77;204;9,6;,7;
2024/04/29;2200 UTC;0;1001,7;1001,7;1001,3;;26,6;24,2;27,8;26,6;24,6;22,4;87;73;87;245;3,6;,8;
2024/04/29;2300 UTC;0;1002,4;1002,6;1001,7;;26;23,4;26,6;25,9;24,3;23,1;88;85;85;264;2,6;,5;
2024/04/30;0000 UTC;3,4;1003,7;1004;1002,5;;25,2;23,7;26,2;25,2;23,8;22,7;92;82;92;318;6,4;1,3;
2024/04/30;0100 UTC;2;1004,2;1004,2;1003,3;1,8;25,2;24;25,3;25,1;24;23,8;93;92;93;8;3,7;2,1;
2024/04/30;0200 UTC;10;1003,7;1004,4;1003,3;3,5;24,8;23,8;25,2;24,4;24;23,2;94;92;94;9;5,1;1,3;
2024/04/30;0300 UTC;,2;1003;1003,9;1003;2,6;24,9;23,8;25,1;24,8;24;23,8;94;94;94;313;3,5;1,2;
2024/04/30;0400 UTC;0;1002;1003;1002;1,8;24,8;23,7;25;24,8;23,9;23,7;94;94;94;285;2,1;,1;
2024/04/30;0500 UTC;0;1001,9;1002;1001,9;2,3;24,8;23,8;24,9;24,8;23,8;23,7;94;94;94;41;1,2;,6;
2024/04/30;0600 UTC;0;1001,7;1001,9;1001,7;2,1;24,8;23,8;24,8;24,7;23,8;23,7;94;94;94;82;1,5;0;
2024/04/30;0700 UTC;0;1002,4;1002,4;1001,7;3,8;24,7;23,7;24,8;24,7;23,8;23,7;94;94;94;163;,6;0;
2024/04/30;0800 UTC;0;1002,8;1002,8;1002,3;3,4;24,7;23,7;24,8;24,7;23,8;23,7;94;94;94;38;1;,2;
2024/04/30;0900 UTC;0;1003,4;1003,4;1002,8;14,4;24,9;23,9;24,9;24,6;23,9;23,6;94;94;94;261;,9;0;
2024/04/30;1000 UTC;0;1004,3;1004,3;1003,4;223,7;25,2;24,1;25,5;24,9;24,4;23,9;94;94;94;96;1,9;1,1;
2024/04/30;1100 UTC;0;1005;1005,1;1004,3;388,6;26;23,9;26;25,2;24,3;23,9;94;89;89;77;1,9;,9;
2024/04/30;1200 UTC;0;1005;1005,2;1005;1263,1;27,5;23,4;27,6;25,8;23,9;22,4;89;76;78;170;2,7;1;
2024/04/30;1300 UTC;0;1004,9;1005,2;1004,9;1702;29,6;23,6;29,6;27,4;24,1;22,6;79;69;70;100;4;1,5;
2024/04/30;1400 UTC;3,6;1004,2;1004,9;1004,1;1139,8;28,9;25,7;30;27,8;26,2;22,7;87;67;83;72;3,8;,5;
2024/04/30;1500 UTC;0;1003,1;1004,2;1003,1;1740,1;30,4;24,5;30,7;28,9;25,5;23,6;83;68;71;71;4,9;1,8;
2024/04/30;1600 UTC;0;1001,8;1003,1;1001,8;1793,9;31,4;23,1;31,6;30,3;24,8;22,9;72;61;61;77;5,8;3;
2024/04/30;1700 UTC;0;1000,6;1001,8;1000,6;2245,8;32,3;23,9;32,8;31,4;24,5;23;65;58;61;77;5,8;2,4;
2024/04/30;1800 UTC;0;1000,3;1000,6;1000,2;977,6;31,3;25,9;32,4;31,1;25,9;23,6;73;60;73;173;4,1;,5;
2024/04/30;1900 UTC;1,2;1001,1;1001,1;1000,3;919,6;27,7;24,3;33,2;27,7;25,7;23,3;81;59;81;125;8,3;2,7;
2024/04/30;2000 UTC;,2;1001,4;1001,4;1000,7;175,5;27,2;25,6;27,7;27,2;25,8;24,4;91;82;91;350;8,3;0;
2024/04/30;2100 UTC;0;1001,9;1001,9;1001,5;17;26,2;24,9;27,2;26,2;25,7;24,9;92;91;92;340;1;,1;
2024/04/30;2200 UTC;0;1002,6;1002,6;1001,9;3,1;25,6;24,5;26,2;25,6;24,9;24,4;93;92;93;318;1,2;,1;
2024/04/30;2300 UTC;0;1003;1003;1002,6;3,5;25,4;24,3;25,7;25,3;24,5;24,2;94;93;94;256;,9;0;
2024/05/01;0000 UTC;0;1003,3;1003,3;1003;2,7;25;23,9;25,4;25;24,3;23,9;94;94;94;65;,9;0;
2024/05/01;0100 UTC;0;1003,3;1003,3;1003,2;2,7;24,8;23,8;25;24,7;24;23,7;94;94;94;121;,4;0;
2024/05/01;0200 UTC;0;1003,1;1003,3;1003,1;1,9;24,4;23,4;24,9;24,4;23,8;23,4;94;94;94;201;,5;0;
2024/05/01;0300 UTC;0;1002,5;1003,1;1002,5;2,2;24,4;23,4;24,6;24,2;23,6;23,2;94;94;94;139;,4;0;
2024/05/01;0400 UTC;0;1001,7;1002,5;1001,7;3,6;23,9;22,9;24,4;23,9;23,4;22,9;94;94;94;194;,7;0;
2024/05/01;0500 UTC;0;1001,5;1001,8;1001,5;1,8;23,6;22,7;23,9;23,6;22,9;22,6;95;94;95;15;,7;0;
2024/05/01;0600 UTC;0;1001,5;1001,5;1001,3;1,9;23,4;22,5;23,7;23,4;22,7;22,5;95;94;95;321;0;0;
2024/05/01;0700 UTC;0;1001,8;1001,8;1001,5;2,6;23,1;22,2;23,4;23,1;22,5;22,2;95;95;95;261;0;0;
2024/05/01;0800 UTC;,2;1001,9;1002;1001,8;4,1;23,3;22,4;23,3;22,9;22,4;22;95;95;95;321;0;0;
2024/05/01;0900 UTC;0;1002,7;1002,7;1001,9;18,6;23,6;22,7;23,6;23;22,7;22,1;95;95;95;187;,3;0;
2024/05/01;1000 UTC;0;1003,1;1003,1;1002,7;196,3;24,7;23,8;24,8;23,6;23,8;22,7;95;95;95;204;1,6;,4;
2024/05/01;1100 UTC;0;1003,8;1003,9;1003,1;750,1;25,5;23,7;25,7;24,6;24,5;23,7;95;90;90;180;2;,7;
2024/05/01;1200 UTC;0;1004,1;1004,3;1003,8;1176,7;26,9;21,8;26,9;25,4;24;21,1;90;72;74;98;3,4;,9;
2024/05/01;1300 UTC;0;1004;1004,1;1003,9;1598,4;29,1;22,1;29,3;26,9;22,8;21,3;74;65;66;85;3,4;1,9;
2024/05/01;1400 UTC;0;1003,3;1004;1003,3;2318,9;31,4;22,9;31,4;29,1;23,3;21,7;68;57;61;85;5,7;2,7;
2024/05/01;1500 UTC;0;1002,4;1003,3;1002,4;2415,9;31,8;22,8;32,4;31,1;23,5;21,4;62;55;59;117;6,1;2,2;
2024/05/01;1600 UTC;0;1001,5;1002,4;1001,5;2013,9;31,9;22,4;32,7;31,6;23,6;21,7;61;53;57;93;5,7;2,5;
2024/05/01;1700 UTC;0;1000,3;1001,5;1000,3;1830,2;33;22,6;33,1;31,9;23,2;21,4;59;52;54;104;5;2;
2024/05/01;1800 UTC;0;999,6;1000,3;999,6;1607,5;33,2;22,3;33,3;32,8;23,3;21,4;57;50;53;155;4,2;1;
2024/05/01;1900 UTC;0;999,7;999,7;999,5;980,1;32,6;23;33,4;32,6;23,8;21,7;58;51;57;66;3,8;,7;
2024/05/01;2000 UTC;0;1000,2;1000,2;999,7;460,6;31;24,3;33,2;31;25,6;22,8;68;56;68;91;2,9;1;
2024/05/01;2100 UTC;0;1000,9;1001;1000,2;40,2;27,7;23;31;27,7;24,4;22,6;79;65;75;143;6,4;1;
2024/05/01;2200 UTC;0;1001,5;1001,5;1000,9;,1;27,6;23,2;27,8;27,6;23,2;22,1;77;72;77;161;4,8;1,3;
2024/05/01;2300 UTC;0;1001,8;1001,9;1001,5;;26,5;22,3;27,6;26,5;23,7;22,1;81;75;78;205;4,3;1,5;
2024/05/02;0000 UTC;0;1002,6;1002,7;1001,8;;26,4;23,2;26,5;26,2;23,3;22,3;83;78;83;21;5,3;1,6;
2024/05/02;0100 UTC;2;1002,1;1002,7;1002,1;;25,3;23,7;26,4;25,3;23,8;23,3;91;83;91;14;4,9;1,4;
2024/05/02;0200 UTC;,4;1001,5;1002,1;1001,5;,2;24,9;23,6;25,3;24,9;23,7;23,5;92;91;92;189;2,2;,2;
2024/05/02;0300 UTC;0;1001,2;1001,5;1001,2;,5;25;23,8;25,1;24,9;23,9;23,7;93;92;93;39;1,3;,4;
2024/05/02;0400 UTC;0;1000,7;1001,2;1000,7;,3;24,7;23,6;25;24,7;23,8;23,6;94;93;94;21;1;,1;
2024/05/02;0500 UTC;0;1000,6;1000,8;1000,5;,7;24,7;23,6;24,7;24,5;23,6;23,5;94;94;94;104;,6;,2;
2024/05/02;0600 UTC;0;1000,5;1000,6;1000,4;,6;24,6;23,6;24,7;24,4;23,7;23,4;94;94;94;54;1;,3;
2024/05/02;0700 UTC;0;1000,4;1000,5;1000,2;,2;24;23;24,6;24;23,6;23;94;94;94;291;1;,1;
2024/05/02;0800 UTC;0;1000,8;1000,8;1000,4;,9;23,9;22,9;24,1;23,9;23,1;22,9;94;94;94;36;,6;,1;
2024/05/02;0900 UTC;0;1001,6;1001,6;1000,8;35,1;24,3;23,4;24,3;23,8;23,4;22,9;94;94;94;340;,8;,2;
2024/05/02;1000 UTC;0;1002,1;1002,1;1001,6;362,6;25,3;23,4;25,5;24,3;24,3;23,3;94;89;89;26;1,4;,5;
2024/05/02;1100 UTC;0;1002,7;1002,7;1002,1;1031,8;26,9;23,5;27;25,3;23,6;22,3;89;78;81;24;2;,9;
2024/05/02;1200 UTC;0;1002,7;1002,8;1002,6;1658,5;29,1;23,7;29,1;26,8;24;22,8;81;71;73;14;3,1;1,4;
2024/05/02;1300 UTC;0;1002,7;1002,8;1002,7;2184;30,4;23,7;30,7;28,8;24,7;22,9;75;66;68;47;4,9;2,2;
2024/05/02;1400 UTC;0;1001,9;1002,7;1001,9;1675;31,5;23,3;31,8;30,2;24,5;23;69;60;62;77;3,6;1,6;
2024/05/02;1500 UTC;0;1000,8;1001,9;1000,8;1741,8;31,6;22,7;32,2;31,2;24,4;22,6;65;59;59;102;4,7;1,4;
2024/05/02;1600 UTC;,4;999,7;1000,8;999,7;1865,5;30,4;23,7;32,9;30,2;25,8;22,6;76;56;68;100;6,8;1,2;
2024/05/02;1700 UTC;0;998,6;999,7;998,6;2161,6;33,1;23,5;33,3;30,4;25,3;23,1;69;56;57;81;4,3;2;
2024/05/02;1800 UTC;0;998,2;998,6;998;1241,3;32,3;23,6;33,6;31,5;25;23,2;69;55;60;118;4,4;2,1;
2024/05/02;1900 UTC;0;997,8;998,3;997,8;753,7;30,3;23,1;32,3;29,3;24,3;22,7;73;60;65;105;9,3;1,4;
2024/05/02;2000 UTC;0;998,5;998,5;997,7;626,1;29,2;23,7;31;29,2;24;22,8;73;63;72;76;3,1;,9;
2024/05/02;2100 UTC;0;998,9;998,9;998,5;20,6;27,1;24,6;29,2;27,1;25,2;23,7;87;72;86;100;1,5;,1;
2024/05/02;2200 UTC;0;999,4;999,4;998,8;;26,6;24,7;27,1;26,6;24,8;24,3;90;86;90;321;1,4;,3;
2024/05/02;2300 UTC;0;1000,2;1000,2;999,4;,9;26,8;25,3;26,8;26,4;25,3;24,6;92;90;92;359;1,1;,2;
2024/05/03;0000 UTC;0;1000,6;1000,6;1000,2;,8;26,6;25,2;27;26,6;25,5;25,1;92;91;92;63;1,1;,2;
2024/05/03;0100 UTC;0;1000,7;1000,8;1000,6;1,2;26,2;24,9;26,6;26,1;25,2;24,8;93;92;93;210;,8;,2;
2024/05/03;0200 UTC;0;1000,4;1000,7;1000,4;1,4;26,1;24,9;26,3;26;25;24,8;93;93;93;349;,9;0;
2024/05/03;0300 UTC;0;1000;1000,4;1000;,7;25,8;24,7;26,1;25,7;24,9;24,5;94;93;94;359;,8;,2;
2024/05/03;0400 UTC;0;999,6;1000;999,6;1,9;25,3;24,2;25,8;25,3;24,7;24,2;94;93;93;93;1,4;,8;
2024/05/03;0500 UTC;0;999,1;999,6;999,1;,7;25,1;23,9;25,3;25,1;24,2;23,9;94;93;94;65;1,3;0;
2024/05/03;0600 UTC;0;998,8;999,1;998,8;,5;24,6;23,5;25,1;24,6;23,9;23,5;94;94;94;67;,5;,1;
2024/05/03;0700 UTC;0;999,2;999,2;998,8;1,9;24,4;23,4;24,7;24,4;23,6;23,4;94;94;94;124;,7;,1;
2024/05/03;0800 UTC;0;999,9;999,9;999,2;1,4;24,5;23,5;24,6;24,4;23,6;23,3;94;94;94;333;1;0;
2024/05/03;0900 UTC;0;1000,5;1000,6;999,9;16,5;25,1;24,1;25,1;24,5;24,1;23,5;94;94;94;259;,6;0;
2024/05/03;1000 UTC;0;1001,4;1001,4;1000,5;191,6;26;24,9;26;25;25;24,1;94;94;94;161;1;,2;
2024/05/03;1100 UTC;0;1002,2;1002,2;1001,4;394,8;26,5;23,8;26,6;25,9;25;23,5;94;85;85;106;1,9;1;
2024/05/03;1200 UTC;0;1002,3;1002,4;1002,2;898,4;27,5;22,8;28,2;26,5;24,2;22,3;86;72;75;162;3,8;1,3;
2024/05/03;1300 UTC;0;1002,1;1002,4;1002;853;29,1;24,1;29,1;27,4;24,1;22,8;79;71;75;139;3,3;1,1;
2024/05/03;1400 UTC;0;1001,4;1002,1;1001,4;2160,3;31,1;23,1;31,2;28,9;24,1;22,6;75;62;63;113;5,9;2;
2024/05/03;1500 UTC;0;1000,7;1001,4;1000,7;1737,2;31,9;23,3;32,2;30,7;24,3;22,5;65;58;61;90;5,9;1,6;
2024/05/03;1600 UTC;0;999,8;1000,7;999,8;1258,6;31,7;23,6;31,9;31,2;24,2;22,7;65;59;62;90;4,6;1,3;
2024/05/03;1700 UTC;0;998,7;999,8;998,7;1938,3;33,1;23,4;33,1;31,5;24,3;21,8;65;54;57;86;4,7;1,9;
2024/05/03;1800 UTC;8,6;998,4;999;998,4;661,7;26,6;24,8;33,2;25,9;24,9;22,4;90;54;90;56;9,6;,4;
2024/05/03;1900 UTC;0;999;999;998,4;563,1;28,3;24,4;28,3;26,5;25,5;23,6;91;78;79;186;2,9;1,3;
2024/05/03;2000 UTC;,2;999,2;999,3;998,9;157,2;27,1;25,2;28,6;27,1;25,9;24,1;91;78;89;175;2,9;,8;
2024/05/03;2100 UTC;0;999,6;999,6;999,2;13,3;25,8;24,3;27,1;25,8;25,2;24,3;92;89;92;148;2,1;,4;
2024/05/03;2200 UTC;0;1000,5;1000,5;999,6;4,9;25,7;24,5;25,9;25,7;24,6;24,3;93;92;93;208;1,6;,6;
2024/05/03;2300 UTC;0;1001,3;1001,3;1000,5;2,7;25;23,1;25,7;24,9;24,5;22,7;93;87;89;200;3,5;,5;
2024/05/04;0000 UTC;0;1001,7;1001,7;1001,3;3,9;24,8;23,3;25;24,8;23,4;23,1;92;89;91;202;1,9;,4;
2024/05/04;0100 UTC;0;1001,7;1001,8;1001,7;3,5;24,8;23,4;24,8;24,7;23,4;23,2;92;91;92;175;1,7;,3;
2024/05/04;0200 UTC;0;1001,5;1001,7;1001,5;4,6;24,6;23,4;24,8;24,6;23,5;23,4;93;92;93;349;1,2;0;
2024/05/04;0300 UTC;0;1001,4;1001,7;1001,4;3,7;24,6;23,5;24,8;24,4;23,7;23,2;94;93;93;352;2,3;,7;
2024/05/04;0400 UTC;0;1000,9;1001,4;1000,9;4,2;24,4;23,3;24,6;24,3;23,5;23,2;94;93;94;147;1,8;,3;
2024/05/04;0500 UTC;0;1000,3;1000,9;1000,2;3,9;24,2;23,1;24,4;24,1;23,3;23;94;94;94;298;,9;0;
2024/05/04;0600 UTC;0;999,9;1000,4;999,8;3,2;23,9;22,9;24,2;23,9;23,2;22,9;94;94;94;155;,9;0;
2024/05/04;0700 UTC;0;999,9;1000;999,9;2,8;23,6;22,7;24;23,6;23;22,6;94;94;94;15;,9;0;
2024/05/04;0800 UTC;0;1000,6;1000,6;999,9;2,1;23,6;22,7;23,8;23,5;22,8;22,6;94;94;94;113;1,1;0;
2024/05/04;0900 UTC;0;1001,7;1001,7;1000,6;29,4;24,1;23,1;24,1;23,5;23,1;22,6;95;94;95;277;,7;0;
2024/05/04;1000 UTC;0;1002,6;1002,6;1001,7;320;26;25;26;24,1;25;23,1;95;94;94;309;,7;,1;
2024/05/04;1100 UTC;0;1003,1;1003,1;1002,6;691,8;26,9;23,6;27,2;25,6;25;23,5;94;82;82;177;2,9;1;
2024/05/04;1200 UTC;0;1003,1;1003,2;1003,1;1412,8;29,2;23,7;29,2;26,8;24,3;22,7;83;71;72;105;4,4;1,6;
2024/05/04;1300 UTC;0;1003;1003,1;1002,9;1942,6;29,9;23,3;30,7;29,1;24,3;22,9;73;65;68;112;5,1;1,7;
2024/05/04;1400 UTC;0;1002,8;1003;1002,8;832,5;30,3;23,7;30,3;29,7;24,4;23,2;72;66;68;106;4,7;1,7;
2024/05/04;1500 UTC;0;1001,9;1002,8;1001,9;1393,1;31,3;23,5;31,4;30,2;24,4;22,9;70;62;63;95;5,1;1,9;
2024/05/04;1600 UTC;0;1001,1;1001,9;1001,1;1276,5;31;23,6;31,7;30,8;24,6;23,1;67;61;65;127;4,3;1,7;
2024/05/04;1700 UTC;0;1000,4;1001,1;1000,4;487,9;29,6;24,4;31;29,6;25;23,4;75;64;74;75;4,3;1,7;
2024/05/04;1800 UTC;2,8;1000,6;1000,7;1000,3;436,6;27,3;24,9;29,6;27,1;25,8;24,1;87;74;87;185;6,1;1;
2024/05/04;1900 UTC;0;1000,8;1000,8;1000,4;611,6;28,6;24,3;28,9;27,3;25,4;24,3;89;78;78;35;2,3;,3;
2024/05/04;2000 UTC;0;1001,5;1001,5;1000,8;291,5;28,6;26,3;29,2;28,6;26,4;24,1;88;77;87;72;1;,1;
2024/05/04;2100 UTC;0;1001,9;1001,9;1001,5;16,4;26,9;25,4;28,6;26,9;26;25,4;92;87;92;111;,9;0;
2024/05/04;2200 UTC;0;1002,6;1002,6;1001,9;1,1;26,4;25,2;26,9;26,4;25,4;25,2;93;92;93;102;,8;0;
2024/05/04;2300 UTC;0;1003,3;1003,3;1002,6;1,9;25,8;24,7;26,4;25,8;25,2;24,7;93;93;93;6;1,4;0;
2024/05/05;0000 UTC;0;1003,6;1003,6;1003,2;1,1;25,6;24,5;25,9;25,6;24,8;24,4;94;93;94;152;1,9;,4;
2024/05/05;0100 UTC;0;1003,8;1003,9;1003,7;2;25;23,9;25,6;25;24,4;23,9;94;93;94;61;1,2;0;
2024/05/05;0200 UTC;0;1003,3;1003,8;1003,3;,6;24,8;23,8;25;24,8;23,9;23,7;94;93;94;115;,7;,2;
2024/05/05;0300 UTC;0;1002,6;1003,3;1002,6;,5;24,5;23,5;24,8;24,5;23,8;23,5;94;94;94;298;,7;0;
2024/05/05;0400 UTC;0;1001,7;1002,6;1001,7;,8;24,2;23,2;24,5;24,2;23,5;23,2;94;94;94;200;1,1;,1;
2024/05/05;0500 UTC;0;1001,5;1001,8;1001,5;;23,9;22,9;24,2;23,8;23,1;22,8;94;94;94;34;,6;0;
2024/05/05;0600 UTC;0;1000,9;1001,5;1000,9;1,9;23,8;22,8;24;23,8;23;22,8;94;94;94;245;,6;0;
2024/05/05;0700 UTC;0;1000,6;1000,9;1000,5;,5;23,5;22,5;24,1;23,5;23,1;22,5;94;94;94;280;,9;0;
2024/05/05;0800 UTC;0;1001,2;1001,2;1000,6;1,1;23,5;22,5;23,6;23,3;22,6;22,4;95;94;95;89;1;,2;
2024/05/05;0900 UTC;0;1002;1002;1001,2;34,8;24,2;23,3;24,2;23,4;23,3;22,5;95;95;95;60;1,3;,2;
2024/05/05;1000 UTC;0;1003;1003;1002;396,6;25,7;23,9;25,7;24,2;24;23,3;95;90;90;85;1,7;,4;
2024/05/05;1100 UTC;0;1003,3;1003,4;1003;819,2;26,9;21,3;27;25,3;23,8;21,3;90;72;72;124;4,4;1,4;
2024/05/05;1200 UTC;0;1003,2;1003,3;1003,2;1608;29,2;22,3;29,2;26,8;22,6;21,2;74;65;66;115;5,8;2,4;
2024/05/05;1300 UTC;0;1003;1003,3;1003;1927,9;30,6;22,5;30,7;29,1;23,4;21,8;67;60;62;110;6,4;2,4;
2024/05/05;1400 UTC;0;1002,7;1003,1;1002,7;2363,3;30,9;22,5;31,7;30,6;23,8;22;64;58;61;120;6,2;2,2;
2024/05/05;1500 UTC;0;1001,9;1002,7;1001,9;2375,7;31,7;22,3;32,4;30,9;23,3;21,2;62;54;58;85;6;1,8;
2024/05/05;1600 UTC;0;1001,1;1001,9;1001,1;1735,2;31,5;22,6;32,6;31,5;23,7;21,3;60;54;59;125;5;1,8;
2024/05/05;1700 UTC;0;1000,4;1001,1;1000,4;1638;32,7;23,5;32,9;31,3;23,7;22,1;61;54;58;100;5,2;1,7;
2024/05/05;1800 UTC;0;1000,2;1000,4;1000,2;1351;32,6;22,6;33,6;31,9;23,7;22,1;60;52;56;96;4,3;1,6;
2024/05/05;1900 UTC;0;1000,4;1000,4;1000,2;618,3;31,9;23,1;32,6;31,1;24,3;22,3;66;56;60;90;4;1,1;
2024/05/05;2000 UTC;0;1000,4;1000,6;1000,3;411,5;30,2;23,6;32,4;30,2;25;22,9;68;59;68;171;2,9;,8;
2024/05/05;2100 UTC;0;1001;1001;1000,4;11,5;27,8;24,5;30,2;27,8;24,7;22,9;83;67;82;143;2,9;,3;
2024/05/05;2200 UTC;0;1001,7;1001,7;1001;;26,8;24,4;27,9;26,8;24,9;23,8;86;82;86;205;1,3;,2;
2024/05/05;2300 UTC;0;1002;1002;1001,6;,8;26,6;24,8;27,1;26,5;25;24,2;90;86;90;342;1,1;,2;
2024/05/06;0000 UTC;0;1002,5;1002,5;1002;0;26,5;25;26,8;26,4;25;24,7;92;90;92;335;,7;0;
2024/05/06;0100 UTC;0;1002,5;1002,7;1002,5;,9;26,3;25;26,7;26,3;25,3;24,9;93;92;93;143;,5;0;
2024/05/06;0200 UTC;0;1002,2;1002,6;1002,2;,3;25,7;24,6;26,3;25,7;25;24,5;93;93;93;210;,6;0;
2024/05/06;0300 UTC;0;1001,6;1002,3;1001,6;1,6;25,7;24,6;25,7;25,6;24,6;24,4;94;93;94;129;,7;0;
2024/05/06;0400 UTC;0;1000,8;1001,6;1000,8;2,4;25,6;24,5;25,7;25,5;24,6;24,3;94;93;94;299;,7;,1;
2024/05/06;0500 UTC;0;1000,1;1000,8;1000,1;2,1;25,4;24,3;25,6;25,4;24,6;24,3;94;94;94;350;1;0;
2024/05/06;0600 UTC;0;999,2;1000,1;999,2;;24,8;23,7;25,4;24,6;24,3;23,6;94;94;94;353;1,3;0;
2024/05/06;0700 UTC;0;999,4;999,4;999,1;1,3;24,4;23,4;24,9;24,4;23,8;23,4;94;94;94;75;,8;0;
2024/05/06;0800 UTC;0;1000,1;1000,1;999,4;,4;24,4;23,5;24,5;24,2;23,5;23,2;94;94;94;355;,8;,1;
2024/05/06;0900 UTC;0;1001,1;1001,1;1000,1;38,6;25,2;24,3;25,3;24,1;24,3;23,1;94;94;94;37;,7;0;
2024/05/06;1000 UTC;0;1002,2;1002,2;1001,1;530,8;26,6;24,3;26,6;25,1;24,9;23,9;94;86;87;349;,8;,1;
2024/05/06;1100 UTC;0;1002,9;1002,9;1002,2;1083,8;28,5;22,5;28,5;26,5;24,3;21,9;87;69;70;77;3,1;1,2;
2024/05/06;1200 UTC;0;1003;1003;1002,9;1638,1;30,1;22,4;30,1;28,4;23;21,5;70;64;64;103;5,2;2,2;
2024/05/06;1300 UTC;0;1002,6;1003,1;1002,6;2189;31,2;21,4;31,4;30;23,1;21,4;64;56;56;112;6,5;2,8;
2024/05/06;1400 UTC;0;1001,5;1002,6;1001,5;2400,8;31,8;21,4;32,1;31,2;22,5;21,2;59;53;54;105;7,5;3,4;
2024/05/06;1500 UTC;0;1000,4;1001,5;1000,4;2525,8;32,9;21,6;33,2;31,8;23;21,2;58;51;52;111;7,3;2,3;
2024/05/06;1600 UTC;0;999,5;1000,4;999,5;2175,7;33,1;21,5;33,4;32,5;22,6;21;55;50;51;97;7,8;3,1;
2024/05/06;1700 UTC;0;998,6;999,5;998,6;2123;33,6;20,5;33,7;33;22,3;19,9;53;45;46;128;7,4;2,3;
2024/05/06;1800 UTC;0;998,4;998,6;998,3;1436;32,9;21,7;34;32,7;22,2;20,2;53;45;52;94;5,9;1,5;
2024/05/06;1900 UTC;0;998,6;998,6;998,3;596,8;32,4;21;32,9;31,2;21,9;20,2;55;48;51;142;5,9;1,2;
2024/05/06;2000 UTC;0;999,1;999,1;998,6;618,1;31,1;20,3;33,1;31,1;22,3;19;54;45;53;119;4,4;,9;
2024/05/06;2100 UTC;0;999,4;999,4;999,1;40,3;27,7;21,4;31,1;27,7;23;20,2;70;53;69;192;2,4;1;
2024/05/06;2200 UTC;0;999,6;999,6;999,3;;27,1;22,9;27,7;27,1;23;21,2;78;68;78;195;2,4;,8;
2024/05/06;2300 UTC;0;1000,3;1000,3;999,6;;25,5;22,6;27,1;25,5;23,6;22,5;85;78;84;343;1,3;0;
2024/05/07;0000 UTC;0;1001;1001;1000,3;;25,3;23,5;25,6;25,2;23,5;22,3;90;83;90;22;,5;0;
2024/05/07;0100 UTC;0;1001,1;1001,1;1000,9;;24,9;23,5;25,5;24,9;24;23,4;92;90;92;133;,8;,1;
2024/05/07;0200 UTC;0;1001,2;1001,3;1001,1;;24,7;23,4;24,9;24,7;23,6;23,4;93;92;93;167;1,1;,2;
2024/05/07;0300 UTC;0;1000,7;1001,2;1000,7;;24,5;23,4;24,7;24,4;23,4;23,2;93;93;93;58;,7;,1;
2024/05/07;0400 UTC;0;1000;1000,7;1000;;23,9;22,7;24,5;23,8;23,4;22,7;93;93;93;28;,5;0;
2024/05/07;0500 UTC;0;999,3;1000;999,3;;23,7;22,6;23,9;23,7;22,8;22,6;94;93;94;28;,5;0;
2024/05/07;0600 UTC;0;999,3;999,3;999,2;;23,5;22,5;23,7;23,4;22,7;22,4;94;94;94;34;,7;0;
2024/05/07;0700 UTC;0;999,7;999,8;999,3;;23,5;22,5;23,7;23,2;22,8;22,2;94;94;94;214;1,7;,4;
2024/05/07;0800 UTC;,2;999,9;999,9;999,6;;23;22;23,5;23;22,5;22;94;94;94;132;1,6;,1;
2024/05/07;0900 UTC;0;1000,8;1000,8;999,9;26,6;23,2;22,2;23,2;22,6;22,2;21,6;95;94;94;66;1,9;,4;
2024/05/07;1000 UTC;0;1001,6;1001,6;1000,8;485,6;24,9;20;25;23,2;22,5;19,8;94;73;74;114;3,5;1,5;
2024/05/07;1100 UTC;0;1002,5;1002,5;1001,6;1007,6;26,9;20,9;27;24,8;20,9;19,8;77;66;69;123;6,4;2,3;
2024/05/07;1200 UTC;0;1002,8;1002,9;1002,5;1614,1;29,5;21,7;29,6;26,9;22,4;20,5;70;61;63;126;7,6;2,8;
2024/05/07;1300 UTC;0;1003;1003;1002,8;2161,7;30,8;21,8;30,8;29,4;22,2;21;64;58;59;107;7;3;
2024/05/07;1400 UTC;0;1002,4;1003;1002,4;2375,4;31,6;21,4;31,9;30,6;22,7;21,1;60;55;55;91;6,6;3,2;
2024/05/07;1500 UTC;0;1001,4;1002,4;1001,3;2547,3;32,3;22,3;32,8;31,5;22,8;21,2;58;51;55;109;6,8;2,9;
2024/05/07;1600 UTC;0;1000,2;1001,4;1000,2;2041,5;32,6;21,8;33;32,2;23,3;21,2;57;51;53;89;6,7;3;
2024/05/07;1700 UTC;0;999,2;1000,2;999,2;1898,6;32,4;22,5;33,5;32,2;23,1;21,2;56;50;56;124;7;2,2;
2024/05/07;1800 UTC;0;998,4;999,2;998,4;1535,7;32,9;22,1;33,5;32,4;23,1;21,5;57;51;53;85;5,1;2,1;
2024/05/07;1900 UTC;0;998,4;998,4;998,2;954;32,2;22,3;33,3;32,2;23,1;21,6;57;51;56;84;4,4;1,7;
2024/05/07;2000 UTC;0;998,7;998,7;998,4;240,6;29,7;24,8;32,4;29,7;24,9;22,8;75;56;75;223;3,9;,4;
2024/05/07;2100 UTC;0;999,2;999,3;998,7;17,8;28,1;24,1;29,6;28,1;24,6;23,1;80;72;79;137;4,3;,8;
2024/05/07;2200 UTC;0;999,9;999,9;999,2;;27,7;24,4;29,2;27,6;24,4;22,5;83;67;83;189;4,3;0;
2024/05/07;2300 UTC;0;1000,6;1000,6;999,9;;26,9;24,3;27,8;26,9;25,3;24,2;87;83;86;197;1,7;,3;
2024/05/08;0000 UTC;0;1001,3;1001,3;1000,6;;26,3;24,6;26,9;26,2;24,7;24,2;90;86;90;181;1;,1;
2024/05/08;0100 UTC;0;1001,7;1001,7;1001,2;;26,9;23;26,9;26,2;24,5;23;90;79;79;106;3,2;,7;
2024/05/08;0200 UTC;0;1001,5;1001,7;1001,5;;27,4;23;27,5;26,9;23,1;22,6;79;76;77;114;3,5;,9;
2024/05/08;0300 UTC;0;1001,1;1001,5;1001,1;;26,9;23,4;27,4;26,9;24,2;22,8;85;76;81;86;2,5;,4;
2024/05/08;0400 UTC;0;1000,6;1001,1;1000,6;;26,3;24;27;26,3;24,5;23,1;88;80;87;165;2,1;,1;
2024/05/08;0500 UTC;0;1000,2;1000,6;1000,2;;25,7;23,6;26,4;25,7;24,2;23,5;88;86;88;86;1,6;,3;
2024/05/08;0600 UTC;0;999,8;1000,2;999,8;;25;23,4;25,8;25;23,8;23,4;91;88;91;147;1,4;0;
2024/05/08;0700 UTC;0;1000,2;1000,2;999,8;;25;23,8;25,1;24,9;23,8;23,4;93;91;93;73;,8;,1;
2024/05/08;0800 UTC;0;1000,9;1000,9;1000,1;;24,8;23,6;25,1;24,8;23,9;23,6;93;92;93;50;,7;,1;
2024/05/08;0900 UTC;0;1001,6;1001,6;1000,9;19,2;24,8;23,7;24,8;24,6;23,7;23,4;94;93;94;334;,7;0;
2024/05/08;1000 UTC;0;1002,2;1002,2;1001,6;396,1;26,2;22,5;26,7;24,7;25,1;22,5;94;80;80;107;2,4;,8;
2024/05/08;1100 UTC;0;1002,8;1002,8;1002,2;1215,1;28,2;22,2;28,2;26,2;23,1;21,7;81;69;70;120;5;2,3;
2024/05/08;1200 UTC;0;1003,5;1003,5;1002,7;1717,2;29;22,3;29,5;28,1;23,2;21,8;70;66;67;124;5,4;2,5;
2024/05/08;1300 UTC;0;1003,5;1003,6;1003,5;1664,8;30,2;22,1;30,4;28,8;23,7;22;69;62;62;110;5,2;2;
2024/05/08;1400 UTC;0;1003;1003,5;1003;1420,8;30,8;23;30,9;29,9;23,5;22,3;66;62;63;125;5,5;1,7;
2024/05/08;1500 UTC;0;1002,1;1003;1002,1;1165,4;31,3;23,6;31,3;30,3;23,9;22,2;67;60;64;114;4,6;1,3;
2024/05/08;1600 UTC;0;1001,5;1002,1;1001,5;1305,8;31,2;22,6;31,4;30,9;23,8;22,1;65;59;60;130;3,7;1,4;
2024/05/08;1700 UTC;0;1000,6;1001,5;1000,5;1044,8;30,9;23,7;31,6;30,9;24,1;22,7;67;60;66;96;3,1;1,1;
2024/05/08;1800 UTC;0;1000,1;1000,6;1000,1;909,7;31,1;23,5;31,3;30,7;24,5;23;68;62;64;4;2,5;,8;
2024/05/08;1900 UTC;0;1000,2;1000,2;1000,1;552,6;31,1;24,6;31,4;30,9;25,4;23,3;72;64;69;135;1,7;,4;
2024/05/08;2000 UTC;0;1000,4;1000,4;1000,1;180,2;28,6;25,3;31,1;28,6;25,8;23,1;83;64;82;224;2,4;,1;
2024/05/08;2100 UTC;0;1000,6;1000,6;1000,4;10,1;27,3;25;28,6;27,3;25,3;24;87;77;87;260;2;,5;
2024/05/08;2200 UTC;0;1001,3;1001,3;1000,6;;26,8;25,1;27,3;26,8;25,3;25;91;87;91;287;1,3;0;
2024/05/08;2300 UTC;0;1002;1002,1;1001,2;;26,4;25;26,8;26,4;25,4;25;92;91;92;44;1,1;,3;
2024/05/09;0000 UTC;0;1003;1003;1002;;26,6;25,3;26,9;26,3;25,7;25;93;92;93;147;,9;,1;
2024/05/09;0100 UTC;4;1003,6;1003,9;1003;,3;26;24,8;26,6;26;25,5;24,7;93;93;93;154;4,4;,5;
2024/05/09;0200 UTC;0;1003,3;1003,6;1003,3;1,4;25,9;24,8;26,2;25,8;25;24,6;94;93;94;50;2,2;,7;
2024/05/09;0300 UTC;,2;1002,7;1003,3;1002,7;0;25,7;24,7;25,9;25,7;24,8;24,6;94;94;94;296;1,4;0;
2024/05/09;0400 UTC;0;1002,1;1002,7;1002,1;,7;26,1;25,1;26,1;25,7;25,1;24,7;94;94;94;106;,6;,1;
2024/05/09;0500 UTC;0;1001,5;1002,1;1001,5;1,1;26;24,9;26,2;26;25,2;24,9;94;94;94;112;1,3;,4;
2024/05/09;0600 UTC;0;1001,3;1001,5;1001,3;1,8;25,6;24,4;26;25,6;24,9;24,4;94;93;93;338;2;0;
2024/05/09;0700 UTC;0;1001,1;1001,3;1001,1;,9;24,6;23,5;25,6;24,6;24,4;23,5;93;93;93;323;2,2;0;
2024/05/09;0800 UTC;0;1001,5;1001,5;1001,1;;24,3;23,2;24,6;24,3;23,5;23,2;94;93;94;121;,8;,2;
2024/05/09;0900 UTC;0;1001,8;1001,8;1001,5;23,6;24,8;23,8;25,1;24,1;24,1;23,1;94;94;94;34;,9;0;
2024/05/09;1000 UTC;0;1002,7;1002,7;1001,8;537,8;26,4;22,7;26,4;24,8;24,7;22,5;94;79;80;104;3,4;,9;
2024/05/09;1100 UTC;0;1003,2;1003,2;1002,6;1097,7;28,3;22,5;28,3;26,2;22,8;21,9;80;70;71;128;6;2,5;
2024/05/09;1200 UTC;0;1003,4;1003,4;1003,2;1649,6;30,3;22,8;30,3;28,3;23,5;22,1;71;64;64;124;6,2;2;
2024/05/09;1300 UTC;0;1003,2;1003,4;1003,2;2116,6;31;23,2;31;30;23,5;22;67;61;63;141;7,2;2,3;
2024/05/09;1400 UTC;0;1002,5;1003,2;1002,5;2265,5;32,1;22,7;32,2;30,6;23,8;22,2;64;57;58;135;7,2;2,1;
2024/05/09;1500 UTC;0;1001,8;1002,5;1001,8;2168;32;23,3;32,9;32;24;22,3;61;55;60;114;6,4;2,2;
2024/05/09;1600 UTC;0;1001,1;1001,8;1001,1;1475,2;32,1;22,9;32,8;31,3;24,5;22,7;64;57;58;146;5,3;1,3;
2024/05/09;1700 UTC;,4;1000,3;1001,1;1000,3;1381,9;32,1;23,3;32,5;30,2;26,6;22,9;79;58;60;103;4,6;1,9;
2024/05/09;1800 UTC;0;999,7;1000,3;999,7;1173,4;31,8;23,4;33;30,9;24,1;22,3;64;56;61;149;7,4;2,2;
2024/05/09;1900 UTC;0;999,9;999,9;999,6;946,1;32,2;24;33,2;31,4;24,1;22,6;64;57;62;111;6,1;1,3;
2024/05/09;2000 UTC;0;1000;1000;999,8;368,2;30,9;23,1;32,8;30,7;24,5;22,6;65;57;63;133;5,1;,8;
2024/05/09;2100 UTC;0;1000,6;1000,6;999,9;25,7;27,8;23,5;30,9;27,8;23,5;22,9;77;63;77;157;7,8;,7;
2024/05/09;2200 UTC;0;1001,4;1001,4;1000,6;;26,4;24,3;27,8;26,4;24,4;23,5;88;77;88;121;2;0;
2024/05/09;2300 UTC;0;1001,7;1001,8;1001,4;;26,3;23,7;26,4;26,1;24,4;23,7;90;85;85;206;1,8;,8;
2024/05/10;0000 UTC;0;1002,4;1002,4;1001,7;;25,9;24,3;26,6;25,9;24,5;23,5;91;85;91;25;1,6;,1;
2024/05/10;0100 UTC;0;1002,5;1002,5;1002,3;;25,6;24,2;26;25,6;24,4;24,1;92;91;92;310;,8;0;
2024/05/10;0200 UTC;0;1002,2;1002,5;1002,2;;25,1;23,9;25,6;25;24,2;23,8;93;92;93;257;1,5;,2;
2024/05/10;0300 UTC;0;1002,2;1002,3;1002,2;;24,8;23,7;25,2;24,8;24;23,6;93;93;93;348;,8;,1;
2024/05/10;0400 UTC;0;1001,8;1002,2;1001,7;;25,1;24;25,1;24,6;24;23,5;94;93;94;189;1,4;,1;
2024/05/10;0500 UTC;0;1001,2;1001,8;1001,1;,1;25;23,9;25,1;24,5;24;23,4;94;93;94;121;1,3;,3;
2024/05/10;0600 UTC;0;1000,9;1001,3;1000,9;;24,9;23,8;25,1;24,8;24,1;23,8;94;94;94;234;,9;0;
2024/05/10;0700 UTC;0;1001,1;1001,2;1000,8;;25;23,9;25;24,8;24;23,7;94;94;94;95;,8;,1;
2024/05/10;0800 UTC;0;1001,4;1001,4;1001,1;;24,5;23,5;25;24,5;24;23,5;94;94;94;281;,7;0;
2024/05/10;0900 UTC;0;1001,9;1001,9;1001,4;31,5;24,8;23,8;24,8;24,4;23,8;23,4;94;94;94;131;,8;,1;
2024/05/10;1000 UTC;0;1002,6;1002,6;1001,9;397,3;26,2;23,1;26,4;24,8;25,2;23;94;83;83;147;3,1;1,1;
2024/05/10;1100 UTC;0;1003,3;1003,3;1002,6;671,1;27,2;23;27,3;26,1;23,3;22,4;83;76;78;140;6,1;2,3;
2024/05/10;1200 UTC;0;1003,6;1003,6;1003,3;1341,9;28,9;23,1;29,1;27,2;23,4;22,7;78;70;71;135;7;2,6;
2024/05/10;1300 UTC;0;1003,3;1003,6;1003,3;2022;30,4;23,7;31;28,9;24,4;22,9;72;65;67;152;6,8;2;
2024/05/10;1400 UTC;0;1002,6;1003,3;1002,6;2122,4;31,2;23,2;31,6;30;24,1;22,8;70;61;62;122;5,3;2;
2024/05/10;1500 UTC;0;1001,5;1002,6;1001,5;2433,5;31,9;23,5;32,7;31,2;24,8;22,5;64;57;62;185;5;2;
2024/05/10;1600 UTC;0;1000,5;1001,5;1000,5;2212,9;32,3;23,5;33;31,9;24,1;22,3;63;55;60;165;5;1,8;
2024/05/10;1700 UTC;0;999,8;1000,5;999,8;1893,1;33,3;23,3;33,3;31,7;24,1;21,9;63;54;56;141;4,9;1,5;
2024/05/10;1800 UTC;0;999,5;999,8;999,5;928,1;32,4;23,2;34;30,8;23,9;22,6;65;52;58;148;4,3;1,3;
2024/05/10;1900 UTC;0;999,8;999,8;999,5;824,4;30,8;23,6;32,8;30,8;23,6;22,4;66;55;66;159;4,7;1,2;
2024/05/10;2000 UTC;0;1000,3;1000,3;999,8;185,9;29,9;23;30,8;29,9;23,4;22,6;67;63;67;139;5;1,4;
2024/05/10;2100 UTC;0;1000,7;1000,7;1000,3;10,8;28,7;23;29,9;28,5;23,6;22,7;74;66;72;187;3,5;1;
2024/05/10;2200 UTC;0;1001,3;1001,3;1000,7;;28,3;23,3;28,7;27,8;24,3;22,9;80;71;75;199;2,8;1;
2024/05/10;2300 UTC;0;1001,8;1001,8;1001,2;;27,6;23,7;28,2;27,6;23,7;23,4;79;75;79;178;3,9;,8;
2024/05/11;0000 UTC;0;1002,1;1002,2;1001,8;;26,3;24,3;27,6;26,3;24,5;23,7;89;79;89;199;2;,4;
2024/05/11;0100 UTC;0;1002,2;1002,2;1002,1;;25,8;24,1;26,3;25,8;24,3;23,9;90;88;90;168;2,3;,1;
2024/05/11;0200 UTC;0;1002,1;1002,2;1002;;25,5;24,1;25,8;25,4;24,2;23,8;92;90;92;71;1,1;,2;
2024/05/11;0300 UTC;0;1001,9;1002,2;1001,9;;25;23,7;25,5;24,9;24,1;23,6;93;92;93;21;,9;,1;
2024/05/11;0400 UTC;0;1001,5;1001,9;1001,5;;24,7;23,6;25,1;24,7;24;23,6;94;93;93;120;,7;,2;
2024/05/11;0500 UTC;0;1001,1;1001,5;1001,1;;24,6;23,5;24,8;24,5;23,7;23,4;94;93;94;74;,7;0;
2024/05/11;0600 UTC;0;1000,8;1001,2;1000,8;;24,8;23,8;24,9;24,6;23,8;23,6;94;94;94;78;,7;,1;
2024/05/11;0700 UTC;0;1000,9;1000,9;1000,7;;24,5;23,4;24,8;24,5;23,8;23,4;94;94;94;330;,8;0;
2024/05/11;0800 UTC;0;1001,5;1001,5;1000,9;1,3;24,7;23,7;24,8;24,4;23,8;23,4;94;94;94;70;1,2;,4;
2024/05/11;0900 UTC;0;1002,1;1002,1;1001,5;34;24,6;23,5;24,8;24,4;23,8;23,3;94;94;94;327;1,1;,1;
2024/05/11;1000 UTC;0;1002,7;1002,7;1002,1;375,7;26;23,6;26;24,6;24;23,3;94;87;87;326;1,5;,1;
2024/05/11;1100 UTC;0;1003,3;1003,3;1002,7;853,5;27,3;23,3;27,3;25,9;23,6;22,2;87;78;79;123;2,3;,7;
2024/05/11;1200 UTC;0;1003,8;1003,8;1003,3;922,8;28,8;22,5;28,8;27,3;23,5;21,3;79;66;69;122;3;,8;
2024/05/11;1300 UTC;0;1003,7;1003,9;1003,7;1504,6;30,5;21,9;30,7;28,6;23,5;21,6;69;60;60;139;4,6;1,7;
2024/05/11;1400 UTC;0;1003,3;1003,7;1003,3;1829,9;31,2;22,5;31,5;30,4;23,4;21,3;64;56;60;95;4,8;2;
2024/05/11;1500 UTC;0;1002,6;1003,4;1002,6;1772,8;31,4;22,4;32,1;31,2;23;21,6;61;55;59;102;5,1;1,7;
2024/05/11;1600 UTC;0;1001,9;1002,6;1001,9;1293,1;31,4;21,9;31,8;31,3;23,4;21,2;62;55;57;94;3,6;1,3;
2024/05/11;1700 UTC;0;1001,2;1001,9;1001,2;1202,8;32,3;23,9;32,3;31,4;24,1;21,8;64;56;62;97;2,6;1;
2024/05/11;1800 UTC;0;1000,6;1001,2;1000,6;1512;32,9;22,7;33;31,9;24,2;21,2;63;51;55;131;4,5;1,2;
2024/05/11;1900 UTC;0;1000,6;1000,7;1000,5;1182,7;32,8;21,9;33,2;32,6;23,3;21,6;56;51;53;126;4,5;1,2;
2024/05/11;2000 UTC;0;1000,9;1000,9;1000,6;422;30;23,4;32,8;30;23,4;21,2;68;52;68;137;4;,4;
2024/05/11;2100 UTC;0;1001;1001,1;1000,9;11,8;26,8;23;30;26,8;23,7;22,1;81;64;80;203;2,1;1,1;
2024/05/11;2200 UTC;0;1001,5;1001,5;1001;;26,7;22,9;26,9;26,7;23,8;22,5;83;77;80;199;2,1;,9;
2024/05/11;2300 UTC;0;1002,4;1002,4;1001,5;;26,1;24;26,8;26;24;22,9;88;79;88;22;1,8;,1;
2024/05/12;0000 UTC;0;1002,9;1002,9;1002,4;;25,8;24,3;26,1;25,7;24,3;23,8;92;88;92;18;,8;0;
2024/05/12;0100 UTC;0;1002,9;1003;1002,9;;25,4;24,2;25,8;25,2;24,3;23,9;93;91;93;111;,5;,1;
2024/05/12;0200 UTC;0;1002,9;1002,9;1002,8;;25;23,8;25,4;25;24,1;23,7;93;92;93;335;,9;,2;
2024/05/12;0300 UTC;0;1002,6;1002,9;1002,6;;24,8;23,6;25,2;24,8;24;23,6;93;93;93;101;1;0;
2024/05/12;0400 UTC;0;1002;1002,6;1002;;24,5;23,4;24,8;24,5;23,7;23,4;94;93;93;31;,9;0;
2024/05/12;0500 UTC;0;1001,6;1002;1001,6;;24,2;23,1;24,6;24,2;23,6;23,1;94;93;94;208;1;0;
2024/05/12;0600 UTC;0;1001,6;1001,8;1001,6;;23,6;22,6;24,3;23,6;23,2;22,6;94;94;94;265;1,4;,2;
2024/05/12;0700 UTC;0;1001,7;1001,7;1001,5;;23,4;22,4;23,9;23,4;22,9;22,4;94;94;94;133;1;,2;
2024/05/12;0800 UTC;0;1002,1;1002,1;1001,7;;23,3;22,3;23,6;23,1;22,6;22,2;94;94;94;51;1;0;
2024/05/12;0900 UTC;0;1002,6;1002,6;1002,1;26,7;23,9;22,9;23,9;22,9;22,9;22;95;94;95;142;,8;,3;
2024/05/12;1000 UTC;0;1003,2;1003,2;1002,6;483,9;26,2;23,3;26,3;23,8;24,3;22,9;95;83;84;153;1;,2;
2024/05/12;1100 UTC;0;1003,8;1003,8;1003,2;1064,3;27,8;22,8;27,9;26,2;23,3;22,2;84;73;74;51;2,3;,7;
2024/05/12;1200 UTC;0;1004;1004,1;1003,8;1485,1;29,2;23;29,3;27,8;24;22,4;77;68;69;39;3,8;1,2;
2024/05/12;1300 UTC;0;1003,7;1004;1003,6;1676,6;30,5;23,5;30,7;29;24,3;22,6;71;63;66;75;3;1,3;
2024/05/12;1400 UTC;0;1003,3;1003,7;1003,3;1812,1;32,1;23,4;32,1;30,5;24,2;22,7;67;59;60;54;3;1,2;
2024/05/12;1500 UTC;0;1002,4;1003,3;1002,4;1660,6;32,3;23,5;32,4;31;24,3;22,5;65;57;60;140;3,7;1,3;
2024/05/12;1600 UTC;0;1001,6;1002,4;1001,6;1813,9;33,4;23,2;33,4;31,5;24,2;22;63;53;55;73;3,8;1,5;
2024/05/12;1700 UTC;0;1000,9;1001,6;1000,9;1578,1;31,9;22,6;33,9;31,4;24,3;21,7;66;51;58;67;3,8;1;
2024/05/12;1800 UTC;0;1000,3;1000,8;1000,3;1590,3;33,3;22,7;33,7;32;23,4;21,6;59;52;54;67;4,2;1,8;
2024/05/12;1900 UTC;0;1000,1;1000,3;1000,1;1003,2;33,4;22,7;33,7;33,1;23,4;22;56;51;53;87;3,3;,9;
2024/05/12;2000 UTC;0;1000,3;1000,3;1000,1;411,5;29,8;25,8;33,6;29,8;26,1;22,5;79;53;79;107;1,7;0;
2024/05/12;2100 UTC;0;1001,2;1001,2;1000,3;8,5;27,3;24,4;29,7;27,3;26;23,6;85;79;85;114;,7;,3;
2024/05/12;2200 UTC;0;1001,9;1001,9;1001,2;;26,9;25,2;27,3;26,6;25,3;23,6;90;82;90;320;,9;,1;
2024/05/12;2300 UTC;0;1002,4;1002,4;1001,9;;26,6;25,1;26,9;26,6;25,4;25;91;90;91;3;,8;,1;
2024/05/13;0000 UTC;0;1003,2;1003,2;1002,4;;26,7;25,2;26,8;26,3;25,3;24,8;92;91;91;352;1,2;,3;
2024/05/13;0100 UTC;0;1003,5;1003,5;1003,2;;26,5;24,9;26,8;26,5;25,3;24,7;92;89;91;68;2,5;1,3;
2024/05/13;0200 UTC;0;1003,9;1003,9;1003,4;;26,4;24,1;26,5;26,3;24,9;23,8;91;86;87;121;4,8;1,1;
2024/05/13;0300 UTC;0;1003,2;1003,9;1003,2;;25,9;23,9;26,4;25,9;24,1;23,5;89;85;88;349;2,7;,2;
2024/05/13;0400 UTC;0;1002,2;1003,2;1002,2;;25,1;23,7;26;25,1;24;23,6;92;88;92;328;1,6;,7;
2024/05/13;0500 UTC;0;1001,9;1002,3;1001,9;;25;23,2;25,2;25;23,7;23,2;92;90;90;3;2,5;1,3;
2024/05/13;0600 UTC;0;1001,8;1001,9;1001,7;;24,6;23,2;25;24,6;23,4;23,2;92;90;92;161;1,9;0;
2024/05/13;0700 UTC;0;1002,2;1002,2;1001,7;;24,4;23,3;24,6;24,4;23,4;23,1;93;92;93;187;,6;0;
2024/05/13;0800 UTC;0;1002,5;1002,5;1002,2;,4;24,7;23,6;24,7;24,1;23,6;23;94;93;94;99;,6;,1;
2024/05/13;0900 UTC;0;1003,4;1003,4;1002,5;17,8;24,5;23,5;24,7;24,3;23,6;23,2;94;94;94;55;,7;,1;
2024/05/13;1000 UTC;0;1004;1004;1003,3;255,3;25,6;23,1;26;24,5;24,5;23,1;94;86;86;71;1,5;,6;
2024/05/13;1100 UTC;0;1004,6;1004,6;1004;555,7;27;22,8;27;25,6;23,5;22;87;77;78;146;1,9;,4;
2024/05/13;1200 UTC;0;1004,6;1004,7;1004,6;1289,4;28,9;23,4;28,9;26,9;23,7;21,9;78;70;72;46;3;1;
2024/05/13;1300 UTC;0;1004,3;1004,6;1004,3;1894,6;30,8;23,8;30,8;28,8;24,2;22,9;73;66;66;62;3;1,4;
2024/05/13;1400 UTC;0;1003,9;1004,4;1003,9;2106,9;31,7;23,2;32,2;30,8;24,8;22,8;69;60;61;39;3,6;1;
2024/05/13;1500 UTC;0;1003;1003,9;1003;2122,8;32,5;23,5;32,6;31,4;24,7;22,3;66;56;59;76;3,7;1,8;
2024/05/13;1600 UTC;0;1002;1003;1002;2154,2;33,7;23,3;33,9;32,4;23,8;21,6;60;51;55;61;4,8;2,7;
2024/05/13;1700 UTC;0;1000,9;1002;1000,9;1997,8;33,2;22,9;34,2;32,9;24,7;21,8;59;50;55;78;4,8;1,9;
2024/05/13;1800 UTC;0;1000,6;1000,9;1000,6;1004,9;32,5;23,4;33,9;32,3;24,2;21,8;61;51;59;64;3,7;1,3;
2024/05/13;1900 UTC;0;1000,8;1000,8;1000,5;759,8;33,3;23,5;33,6;32,4;25,3;22,8;65;54;57;86;2,9;1,2;
2024/05/13;2000 UTC;0;1001,2;1001,2;1000,7;321,3;29,2;24,5;33,3;29,2;26,1;22,5;78;54;76;150;4,3;,4;
2024/05/13;2100 UTC;0;1001,8;1001,8;1001,2;11,3;27,5;24,6;29,1;27,5;25;24,3;84;76;84;187;1,3;,2;
2024/05/13;2200 UTC;0;1002,3;1002,3;1001,8;;26,8;24;27,6;26,8;25;24;86;83;84;67;,8;0;
2024/05/13;2300 UTC;0;1003;1003;1002,3;;27;25,3;27,1;26,7;25,4;23,9;91;84;90;8;1,2;,1;
2024/05/14;0000 UTC;0;1003,7;1003,7;1003;;26,8;24,8;27;26,5;25,3;24,8;91;89;89;350;2,4;1;
2024/05/14;0100 UTC;0;1003,7;1004;1003,7;;26,2;24,7;26,8;26,2;24,8;24,6;92;89;92;71;2,3;,1;
2024/05/14;0200 UTC;0;1003,6;1004,1;1003,6;;26,1;24,5;26,3;26;24,8;24,5;92;91;91;342;1,9;1,1;
2024/05/14;0300 UTC;0;1003,7;1003,9;1003,6;;26,1;24,2;26,2;26;24,5;24,1;91;89;89;333;2,2;,5;
2024/05/14;0400 UTC;6,8;1003,5;1003,9;1003,4;;25,4;24;26,1;25,4;24,2;23,7;92;88;92;104;6,5;2,9;
2024/05/14;0500 UTC;16,8;1002,6;1003,5;1002,6;,8;24,6;23,6;25,4;24,6;24,1;23,6;94;92;94;240;6,5;,1;
2024/05/14;0600 UTC;0;1002,4;1002,6;1002,4;,1;24,4;23,5;24,6;24,4;23,7;23,5;95;94;95;271;1,5;,3;
2024/05/14;0700 UTC;0;1002,4;1002,5;1002,3;;24,3;23,4;24,5;24,3;23,6;23,4;95;95;95;316;1,6;,5;
2024/05/14;0800 UTC;0;1002,5;1002,6;1002,4;;25;24;25;24,3;24;23,4;95;95;95;356;2,1;1,3;
2024/05/14;0900 UTC;0;1002,8;1002,8;1002,5;25,7;24,6;23,7;25;24,3;24;23,4;95;95;95;225;2,1;,2;
2024/05/14;1000 UTC;0;1003,4;1003,4;1002,8;511,1;26,5;25,1;26,5;24,6;25,4;23,7;95;92;92;343;1,7;,6;
2024/05/14;1100 UTC;0;1004,1;1004,1;1003,4;1096,5;27,7;23,4;28,1;26,4;25;23,2;92;75;78;175;2,1;,5;
2024/05/14;1200 UTC;0;1004,2;1004,3;1004,1;1643,8;29,7;23,8;29,8;27,7;24,2;22,6;79;67;70;164;2;,6;
2024/05/14;1300 UTC;0;1003,9;1004,2;1003,9;2182,6;31,1;24,1;31,1;29,6;24,4;22,9;73;64;66;8;3,7;1,2;
2024/05/14;1400 UTC;0;1003,4;1003,9;1003,4;2389,8;32,4;22,5;33,1;31,1;24,9;22,3;67;55;56;71;3,1;1,7;
2024/05/14;1500 UTC;0;1002,7;1003,4;1002,7;2315,6;32,5;22,7;33,4;32,4;24,2;22,3;61;53;56;128;6,1;1,4;
2024/05/14;1600 UTC;0;1001,6;1002,7;1001,6;1995,5;33,6;21,6;34,1;32,4;24,2;21,4;61;48;50;114;4,3;1,7;
2024/05/14;1700 UTC;0;1000,8;1001,6;1000,7;2124,2;33,8;22,8;34,2;33,4;23,3;21,6;54;49;53;79;4,6;1,9;
2024/05/14;1800 UTC;0;1000,4;1000,8;1000,4;1586,5;33,5;22,9;34,5;33,5;24,3;21,8;58;48;54;80;4,8;1,6;
2024/05/14;1900 UTC;0;1000,2;1000,4;1000,1;790,6;33;24,4;33,6;32,2;24,9;22,3;65;52;61;95;3,3;1;
2024/05/14;2000 UTC;0;1000,5;1000,5;1000,2;359,8;29,2;25,2;33;29,2;25,8;22,7;80;56;79;175;1,9;,2;
2024/05/14;2100 UTC;0;1000,7;1000,7;1000,5;10,1;26,7;23,9;29,2;26,6;25,4;23,2;85;76;84;158;1,1;,3;
2024/05/14;2200 UTC;0;1001,1;1001,1;1000,6;;26;23,9;26,7;25,9;24;22,8;88;82;88;341;,8;,1;
2024/05/14;2300 UTC;0;1001,7;1001,7;1001;;26,6;25;26,7;26;25,1;24;91;88;91;329;1,7;0;
2024/05/15;0000 UTC;0;1002,3;1002,4;1001,7;;26,6;25,2;26,7;26,4;25,3;24,8;92;91;92;42;,6;0;
2024/05/15;0100 UTC;0;1002,5;1002,5;1002,2;;26,7;25,4;26,8;26,6;25,5;25,3;93;92;93;94;,5;,1;
2024/05/15;0200 UTC;0;1002,4;1002,6;1002,3;;26,4;25,2;26,7;26,4;25,4;25,2;93;93;93;347;,9;,1;
2024/05/15;0300 UTC;0;1002,3;1002,7;1002,3;;26,1;24,2;26,4;26,1;25,2;24,1;93;89;89;31;3,2;1,6;
2024/05/15;0400 UTC;0;1001,9;1002,3;1001,9;;25,6;23,1;26,1;25,6;24,1;23,1;89;86;86;17;3,4;1,5;
2024/05/15;0500 UTC;0;1001,2;1001,9;1001,2;;24,7;23;25,6;24,7;23,1;22,6;90;85;90;322;3,4;,1;
2024/05/15;0600 UTC;0;1001,2;1001,3;1001,2;;24,3;22,3;24,7;24,3;23,1;22,3;92;88;89;354;2,9;,9;
2024/05/15;0700 UTC;0;1001,3;1001,3;1001;;23,9;22,5;24,3;23,9;22,6;22,3;92;89;92;315;2,4;,2;
2024/05/15;0800 UTC;0;1002;1002;1001,3;;23,7;22,6;23,9;23,6;22,7;22,5;93;92;93;223;1;0;
2024/05/15;0900 UTC;0;1002,4;1002,4;1002;23,5;24;23;24;23,5;23;22,4;94;93;94;190;1,1;,6;
2024/05/15;1000 UTC;0;1003,2;1003,2;1002,4;434,7;25,7;22,2;25,7;24;23,4;21,5;94;79;81;159;1,8;,4;
2024/05/15;1100 UTC;0;1003,8;1003,8;1003,2;869,3;27,5;23;27,5;25,7;23,5;21,9;81;76;77;99;2,7;1,4;
2024/05/15;1200 UTC;0;1003,9;1003,9;1003,7;1480,7;29,1;23,7;29,7;27,2;24,2;22,8;80;70;73;74;3,6;1,4;
2024/05/15;1300 UTC;0;1004;1004,1;1003,9;1874;30,4;24,7;31,1;29,2;24,8;23,3;75;66;72;60;3,6;1,3;
2024/05/15;1400 UTC;0;1003;1003,9;1003;1597,1;31,8;23,9;32;30,4;25;23,7;71;62;63;151;4,7;1,6;
2024/05/15;1500 UTC;0;1001,9;1003;1001,9;2168,7;32,5;24,2;32,9;31,8;25,1;23,4;67;58;62;127;5;1,5;
2024/05/15;1600 UTC;0;1000,8;1001,9;1000,8;2071,5;33,1;22,9;33,6;32,2;24,6;22,7;63;54;55;136;5,4;1,8;
2024/05/15;1700 UTC;0;999,6;1000,8;999,6;1840,4;33,7;23,3;34;32,9;24,4;22,6;60;53;54;117;5;2;
2024/05/15;1800 UTC;0;999,9;999,9;999,6;554,5;31;23,4;33,7;31;24,3;22,8;67;54;64;100;5,2;1,1;
2024/05/15;1900 UTC;0;1000,3;1000,3;999,7;357,9;30,5;24,2;31,1;30,5;25,3;23,1;73;63;69;86;3,3;,6;
2024/05/15;2000 UTC;0;1001,1;1001,1;1000,3;166,4;28,6;25,7;30,6;28,6;26,5;24;85;69;84;315;1,4;0;
2024/05/15;2100 UTC;0;1001,4;1001,4;1001;4,7;27,2;25,1;28,6;27,2;25,9;25,1;89;84;89;59;,4;0;
2024/05/15;2200 UTC;0;1001,9;1001,9;1001,4;;26,8;25,2;27,2;26,5;25,2;24,5;91;88;91;7;,6;,2;
2024/05/15;2300 UTC;0;1002,6;1002,6;1001,9;;26,9;23,5;27,2;26,8;25,6;23,5;92;81;82;5;6;1,7;
2024/05/16;0000 UTC;0;1003;1003;1002,6;;26,4;22,4;26,9;26,3;23,6;22,4;82;79;79;358;3,4;1,8;
2024/05/16;0100 UTC;0;1003,4;1003,4;1003;;25,7;22,9;26,4;25,7;23;22,5;85;79;85;345;3,3;1,2;
2024/05/16;0200 UTC;0;1002,7;1003,4;1002,7;;25,2;23,2;25,7;25,2;23,3;22,9;89;85;89;324;2,2;,6;
2024/05/16;0300 UTC;0;1002,2;1002,7;1002,2;;24,7;23,3;25,2;24,7;23,4;23,1;92;89;92;314;1,9;,3;
2024/05/16;0400 UTC;0;1001,6;1002,2;1001,6;;24,4;23,1;24,7;24,4;23,4;23,1;93;92;93;44;1,2;0;
2024/05/16;0500 UTC;0;1001,1;1001,6;1001,1;;24;22,9;24,4;24;23,1;22,8;94;93;93;136;1,3;,1;
2024/05/16;0600 UTC;0;1001,1;1001,2;1001;;23,8;22,7;24;23,7;22,9;22,6;94;93;94;186;,8;,2;
2024/05/16;0700 UTC;0;1001,5;1001,5;1001,1;;23,4;22,4;23,9;23,4;22,9;22,4;94;94;94;255;,9;,1;
2024/05/16;0800 UTC;0;1002,2;1002,2;1001,5;;23,6;22,6;23,6;23,4;22,6;22,4;94;94;94;119;,7;,3;
2024/05/16;0900 UTC;0;1003;1003;1002,2;27,7;24;23;24;23,4;23;22,5;94;94;94;168;1,7;,2;
2024/05/16;1000 UTC;0;1003,7;1003,7;1003;399,8;25,4;22,8;25,5;24;23,8;22,8;94;85;85;179;2,7;1,1;
2024/05/16;1100 UTC;0;1004,4;1004,4;1003,7;1173;28,1;23,2;28,1;25,3;23,2;22;86;75;75;191;3,4;1,2;
2024/05/16;1200 UTC;0;1004,6;1004,7;1004,4;1286,9;28,8;22,1;29,3;27,4;23,7;22;75;66;67;117;3,9;1,5;
2024/05/16;1300 UTC;0;1004,4;1004,7;1004,4;1938,1;30,5;22,3;30,5;28,7;23,1;21,3;68;61;62;121;5,4;2,2;
2024/05/16;1400 UTC;0;1003,5;1004,4;1003,5;2389,3;31,6;23;31,8;30,1;23,8;22;65;58;61;95;6,8;2,7;
2024/05/16;1500 UTC;0;1002,5;1003,5;1002,5;2231;31,9;22,6;32,3;31,2;23,3;21,9;62;55;58;111;6,8;2,2;
2024/05/16;1600 UTC;0;1001,8;1002,5;1001,8;1642,8;31,6;22,9;33;31,2;23,8;21,9;64;53;60;102;5,4;1,6;
2024/05/16;1700 UTC;0;1001;1001,8;1001;1842,3;32,4;22,8;33,5;31,6;24;21,6;62;51;57;93;4,8;2,2;
2024/05/16;1800 UTC;0;1000,5;1001;1000,5;1589,8;32,9;21,9;33,7;32,4;23,7;21,8;59;50;53;87;4,4;1,9;
2024/05/16;1900 UTC;0;1000,5;1000,5;1000,4;703,9;31,9;23;33,2;31,4;24,1;22;64;52;59;106;4;1;
2024/05/16;2000 UTC;0;1000,8;1000,9;1000,5;168,2;28,9;24,1;32;28,9;24,7;22,5;77;58;76;179;3,6;,5;
2024/05/16;2100 UTC;0;1001,6;1001,6;1000,8;7,5;27,6;25;28,9;27,3;25;23,1;86;71;86;120;1,8;,1;
2024/05/16;2200 UTC;,2;1003,9;1003,9;1001,6;;26,2;23,4;27,6;26,2;25,1;22,7;86;77;85;98;11,5;4,9;
2024/05/16;2300 UTC;10,2;1003,6;1004,2;1003,5;2,4;24,9;23,7;26,2;24,8;23,8;23,4;93;85;93;192;11,5;1,5;
2024/05/17;0000 UTC;0;1003,9;1003,9;1003,6;1,2;25;23,7;25,1;24,7;23,8;23,1;93;90;93;323;4,1;,1;
2024/05/17;0100 UTC;0;1004,3;1004,3;1004;;24,8;23,5;25,2;24,8;24;23,5;93;93;93;14;3,7;1,9;
2024/05/17;0200 UTC;0;1004,4;1004,5;1004,3;;24,4;23,1;24,8;24,4;23,5;23,1;93;92;92;344;3,9;,8;
2024/05/17;0300 UTC;0;1003,9;1004,6;1003,9;;24,2;23;24,4;24,2;23,2;22,9;93;92;93;270;2,1;0;
2024/05/17;0400 UTC;0;1003,1;1003,9;1003,1;;24,4;23,4;24,4;24;23,4;22,9;94;93;94;88;,7;0;
2024/05/17;0500 UTC;0;1002,5;1003,1;1002,5;;24,4;23,4;24,6;24,4;23,5;23,3;94;94;94;45;,9;0;
2024/05/17;0600 UTC;0;1002,4;1002,6;1002,4;;24,2;23,2;24,4;24,2;23,4;23,2;94;94;94;270;1,1;0;
2024/05/17;0700 UTC;0;1002,7;1002,7;1002,4;;23,7;22,8;24,2;23,7;23,2;22,8;94;94;94;296;,6;0;
2024/05/17;0800 UTC;0;1003,3;1003,3;1002,7;;23,7;22,8;23,9;23,7;22,9;22,7;94;94;94;53;,3;0;
2024/05/17;0900 UTC;0;1003,8;1003,8;1003,2;13;23,9;22,9;23,9;23,6;22,9;22,7;95;94;95;94;1,1;,1;
2024/05/17;1000 UTC;0;1004,9;1004,9;1003,8;398,7;25,9;24,7;25,9;23,8;24,7;22,9;95;93;93;174;1,2;,3;
2024/05/17;1100 UTC;0;1005,7;1005,7;1004,9;1039,7;26,8;23,4;26,9;25,9;24,9;22,8;93;80;82;97;3,7;1,7;
2024/05/17;1200 UTC;0;1005,8;1005,9;1005,7;1573,7;28,7;22,9;28,9;26,8;23,9;22,3;82;70;71;137;4,3;1,8;
2024/05/17;1300 UTC;0;1005,3;1005,8;1005,3;2014,5;30;23;30,1;28,4;24,3;22,9;75;66;66;89;4,6;2,3;
2024/05/17;1400 UTC;0;1004,8;1005,3;1004,8;1535;30,7;23,1;30,8;29,9;24;22,8;69;63;64;109;4,6;2,3;
2024/05/17;1500 UTC;0;1003,8;1004,8;1003,8;2191,6;31,2;23,1;32,1;30,7;24,1;22,2;66;57;62;133;5,9;2,5;
2024/05/17;1600 UTC;0;1002,7;1003,8;1002,7;1968,9;32,2;23;32,9;31,1;24,2;22,2;65;55;58;133;6,2;2,1;
2024/05/17;1700 UTC;0;1001,5;1002,7;1001,5;2006,3;32,7;22,3;33,1;32,1;23,6;21,8;60;53;54;136;7,2;2;
2024/05/17;1800 UTC;0;1001,3;1001,5;1001,2;1499,1;32,6;22,3;33;32,4;23;21,5;57;52;55;136;7,2;1,7;
2024/05/17;1900 UTC;0;1001,7;1001,7;1001,3;692,9;31,9;23,3;32,8;31,5;23,9;21,9;63;53;60;119;4,9;1,1;
2024/05/17;2000 UTC;2,2;1003,1;1003,1;1001,7;241,6;27,2;24,3;32,1;27,2;24,3;22;85;58;85;58;9,7;4,4;
2024/05/17;2100 UTC;11,2;1003,2;1003,6;1002,9;4,2;25,2;24,2;27,1;25;24,6;23,8;94;85;94;327;10,7;,7;
2024/05/17;2200 UTC;0;1003,9;1003,9;1003,2;1,9;25,2;24;25,7;25,2;24,6;24;94;93;93;339;3;1,6;
2024/05/17;2300 UTC;0;1004,8;1004,8;1003,9;1,4;25;23,6;25,2;24,9;24;23,6;93;92;92;3;3;1,3;
2024/05/18;0000 UTC;0;1005,3;1005,3;1004,8;1,6;25,2;23,9;25,2;25;23,9;23,5;92;92;92;344;2,4;,2;
2024/05/18;0100 UTC;,2;1005,2;1005,5;1005,2;1,3;24,9;23,5;25,3;24,9;24;23,5;93;92;92;360;3,3;1,6;
2024/05/18;0200 UTC;,4;1004,9;1005,2;1004,8;,7;24,9;23,5;24,9;24,8;23,6;23,3;92;92;92;39;3;,3;
2024/05/18;0300 UTC;0;1004,2;1004,9;1004,2;;24,5;23,4;24,9;24,5;23,5;23,4;93;92;93;294;1,4;,2;
2024/05/18;0400 UTC;0;1003,7;1004,2;1003,7;;24,4;23,4;24,5;24,4;23,4;23,3;94;93;94;227;,9;,1;
2024/05/18;0500 UTC;0;1003,1;1003,7;1003,1;;24,3;23,3;24,4;24,2;23,4;23,2;94;94;94;54;,7;0;
2024/05/18;0600 UTC;0;1003;1003,2;1002,9;0;24,5;23,5;24,5;24,3;23,5;23,3;94;94;94;181;,7;0;
2024/05/18;0700 UTC;0;1003,3;1003,3;1002,8;,4;24,4;23,4;24,6;24,4;23,7;23,4;94;94;94;109;,5;0;
2024/05/18;0800 UTC;0;1003,8;1003,8;1003,2;;23,9;22,9;24,4;23,9;23,4;22,9;94;94;94;203;,8;0;
2024/05/18;0900 UTC;0;1004,2;1004,2;1003,8;23,8;24,2;23,3;24,2;23,8;23,3;22,8;95;94;95;155;1,5;,3;
2024/05/18;1000 UTC;0;1005,2;1005,2;1004,2;513,5;25,6;23,2;25,7;24,2;24,4;23,2;95;87;87;165;2,1;,8;
2024/05/18;1100 UTC;0;1005,9;1005,9;1005,2;1051,6;27;21,8;27;25,6;23,6;21,1;87;72;74;109;3,6;1,9;
2024/05/18;1200 UTC;0;1006;1006,1;1005,9;1556,4;28,8;22,4;29,2;26,8;23,2;21,3;75;68;68;117;5,2;1,4;
2024/05/18;1300 UTC;0;1005,9;1006,2;1005,9;1681,8;29,2;22,8;29,9;28,7;23,3;22,1;69;63;69;119;4,4;1,7;
2024/05/18;1400 UTC;0;1005,3;1005,9;1005,3;1946,1;30,5;22;30,8;29,2;23,3;21,9;70;60;60;97;4,6;1,9;
2024/05/18;1500 UTC;0;1004,5;1005,3;1004,5;1934,1;31,4;23,1;31,5;30,2;23,6;21,6;66;57;62;73;4,6;1,6;
2024/05/18;1600 UTC;0;1003,8;1004,5;1003,8;1968,1;32;22,3;32,5;31,4;24,4;21,3;64;53;57;102;4,5;1,7;
2024/05/18;1700 UTC;0;1002,6;1003,8;1002,6;1792,4;32,4;20,8;32,9;31,3;23,7;20,8;64;50;50;124;4,5;1,7;
2024/05/18;1800 UTC;0;1002,5;1002,6;1002,4;1512,8;32,6;22,4;33,2;32,4;24;21,4;59;51;55;70;4,5;1,1;
2024/05/18;1900 UTC;0;1002,4;1002,5;1002,3;876,9;32,1;22,8;32,6;31,9;23,8;22,3;61;55;58;74;3,5;1,3;
2024/05/18;2000 UTC;0;1002,4;1002,5;1002,3;352,5;30,3;25,5;32,5;30,3;25,9;22,5;76;57;75;89;2,9;,3;
2024/05/18;2100 UTC;0;1002,9;1002,9;1002,4;17,3;27,9;24,7;30,3;27,9;25,9;24;83;73;82;105;3,7;,2;
2024/05/18;2200 UTC;0;1003,4;1003,4;1002,8;;26,6;24,3;28,1;26,6;25,2;24;87;82;87;105;,9;,2;
2024/05/18;2300 UTC;0;1004,1;1004,1;1003,4;;26,5;24,6;26,7;26,2;24,6;23,8;89;85;89;39;,9;,1;
2024/05/19;0000 UTC;0;1004,6;1004,6;1004,1;;25,9;24,4;26,6;25,8;24,6;24,1;92;88;91;52;,9;,2;
2024/05/19;0100 UTC;0;1004,7;1004,9;1004,6;;26,5;25,2;26,5;25,9;25,3;24,5;93;92;93;16;,7;0;
2024/05/19;0200 UTC;0;1004,6;1004,8;1004,6;;26,1;24,6;26,6;26,1;25,4;24,6;93;92;92;15;1,8;,1;
2024/05/19;0300 UTC;0;1004,2;1004,6;1004,1;;25,5;24,2;26,1;25,5;24,7;24,1;93;91;92;24;1,3;,2;
2024/05/19;0400 UTC;0;1003,5;1004,2;1003,5;;25,2;24;25,5;25,2;24,2;24;93;92;93;340;1,3;,4;
2024/05/19;0500 UTC;0;1002,9;1003,5;1002,9;;25,2;24;25,4;25,1;24,2;23,9;93;93;93;12;1,3;0;
2024/05/19;0600 UTC;0;1002,7;1002,9;1002,7;;25;23,9;25,2;24,8;24;23,6;94;93;94;350;1,2;0;
2024/05/19;0700 UTC;0;1002,9;1002,9;1002,7;;24,6;23,6;25;24,5;23,8;23,4;94;94;94;127;,8;,2;
2024/05/19;0800 UTC;0;1003,3;1003,3;1002,9;;24,2;23,2;24,6;24,1;23,6;23,1;94;94;94;79;1;,2;
2024/05/19;0900 UTC;,2;1004;1004;1003,3;27,9;24,6;23,7;24,6;24,1;23,7;23,1;94;94;94;53;1,2;,4;
2024/05/19;1000 UTC;0;1004,5;1004,5;1004;487,7;26,3;23;26,4;24,6;24,2;22,8;94;82;82;56;1,7;,8;
2024/05/19;1100 UTC;0;1005,3;1005,3;1004,6;1054,3;28,1;23;28,2;26,1;23,4;22,4;83;73;74;4;1,7;,4;
2024/05/19;1200 UTC;0;1005,4;1005,6;1005,3;1584,6;30,4;23;30,4;28,1;23,8;22,5;74;65;65;63;5,5;1,9;
2024/05/19;1300 UTC;0;1005;1005,5;1005;2096,3;31,3;23,6;31,4;29,9;24,2;22,6;68;61;64;49;5,3;3;
2024/05/19;1400 UTC;0;1004,3;1005;1004,3;2442;32,4;23,4;32,4;31,2;24;22,7;65;57;59;66;6,3;2,4;
2024/05/19;1500 UTC;0;1003,3;1004,3;1003,3;2256,4;32,3;22,8;32,9;31,8;24,2;21,8;63;55;57;86;5,9;2,1;
2024/05/19;1600 UTC;0;1002,6;1003,3;1002,6;1669,8;33;22,7;33,6;32,3;24,1;21,9;59;52;55;115;4,9;1,5;
2024/05/19;1700 UTC;0;1002,1;1002,6;1002,1;1668;32,8;24,2;33,6;32,2;24,2;21,7;62;50;61;77;3,8;1,7;
2024/05/19;1800 UTC;0;1001,8;1002,1;1001,8;1545,3;33,8;22,9;33,9;32,8;23,8;21,8;61;50;53;92;3,8;1,5;
2024/05/19;1900 UTC;0;1001,9;1001,9;1001,8;903;33,3;23,3;33,9;33;24,6;22,1;61;51;56;77;3,7;,9;
2024/05/19;2000 UTC;0;1001,9;1001,9;1001,8;321,8;29,5;25,4;33,3;29,5;26,3;23,1;79;55;79;23;1,7;0;
2024/05/19;2100 UTC;0;1002,6;1002,6;1001,9;7,4;27,3;24,8;29,5;27,2;25,7;24,4;86;78;86;23;,6;0;
2024/05/19;2200 UTC;0;1002,9;1002,9;1002,6;;27,5;25,5;27,5;27;25,5;24,1;89;84;89;2;,6;0;
2024/05/19;2300 UTC;0;1003,4;1003,4;1002,9;;26,9;25,3;27,6;26,9;25,7;25,3;91;89;91;319;1;0;
2024/05/20;0000 UTC;0;1003,9;1004;1003,4;;26,6;25,3;26,9;26,6;25,5;25,3;93;91;93;285;1,5;,5;
2024/05/20;0100 UTC;0;1004,3;1004,4;1003,9;;26,3;25,1;26,7;26,3;25,4;25;93;92;93;285;1,5;,3;
2024/05/20;0200 UTC;0;1004,7;1004,8;1004,3;;26,4;25,1;26,5;26,1;25,3;24,9;93;93;93;118;3,4;1,4;
2024/05/20;0300 UTC;0;1004,3;1004,7;1004,2;;25,8;24,1;26,4;25,8;25,1;23,9;93;89;90;187;3,4;1;
2024/05/20;0400 UTC;0;1003,8;1004,5;1003,8;;26,1;24,1;26,1;25,8;24,3;23,3;91;85;89;21;2,8;0;
2024/05/20;0500 UTC;0;1003,3;1003,9;1003,3;;25,7;23,7;26,1;25,7;24,4;23,6;91;89;89;238;2,2;,7;
2024/05/20;0600 UTC;0;1003,4;1003,7;1003,3;;25,7;23,6;25,7;25,6;23,8;23,4;89;87;88;191;2,7;,6;
2024/05/20;0700 UTC;0;1003,5;1003,6;1003,2;;25,2;22,8;25,7;25,2;23,7;22,8;89;86;86;196;2,7;1;
2024/05/20;0800 UTC;0;1004;1004;1003,5;;25,2;23,4;25,3;25,2;23,4;22,7;89;86;89;151;2,7;,3;
2024/05/20;0900 UTC;0;1004,4;1004,4;1004;28,4;25,6;24,1;25,6;25,2;24,1;23,4;92;89;92;143;1,2;0;
2024/05/20;1000 UTC;0;1004,9;1004,9;1004,4;355,4;26,6;23,1;26,7;25,6;24,3;23,1;92;81;81;78;1,5;,4;
2024/05/20;1100 UTC;0;1005,9;1005,9;1004,9;834,5;28;23,6;28,1;26,6;23,9;22,5;81;73;77;59;1,7;,7;
2024/05/20;1200 UTC;0;1005,6;1005,9;1005,6;1468,2;29,8;23,2;30;28;23,9;22,9;77;66;68;104;3,9;1,8;
2024/05/20;1300 UTC;0;1005,3;1005,7;1005,3;1987,5;30,9;22,6;31,4;29,8;24,2;22,6;69;61;61;83;5,6;2,2;
2024/05/20;1400 UTC;0;1004,6;1005,3;1004,6;2267,6;31,4;22,6;32;30,9;23,9;22;65;57;60;46;5,8;2;
2024/05/20;1500 UTC;0;1003,7;1004,6;1003,7;2444,5;32,8;22,6;32,8;31,4;23,7;21,9;61;54;55;69;4,8;2,3;
2024/05/20;1600 UTC;0;1002,9;1003,7;1002,9;1563,4;33,1;22,7;33,1;32,2;23,5;21,4;58;51;55;80;4,3;2;
2024/05/20;1700 UTC;0;1002;1002,9;1002;2173,7;33,2;21,6;33,6;32,9;23,3;21,3;56;49;51;56;4,6;1,8;
2024/05/20;1800 UTC;0;1001,5;1002;1001,5;1344,1;32,1;22,8;33,6;32;23,4;21;60;49;58;77;4,1;1,6;
2024/05/20;1900 UTC;0;1001,6;1001,6;1001,4;750;33,4;22,2;34,2;30,2;25,7;21,4;75;50;52;352;2,8;,5;
2024/05/20;2000 UTC;0;1002;1002,1;1001,6;357,3;29,7;24,9;33,5;29,6;25,5;22,1;76;52;75;181;1,8;,4;
2024/05/20;2100 UTC;0;1002,9;1002,9;1002;9,2;27,9;22,8;29,7;27,9;24,9;22,8;77;72;74;153;8,1;1,4;
2024/05/20;2200 UTC;0;1003,2;1003,2;1002,9;;26,6;23,5;27,9;26,6;23,6;22,7;83;73;83;120;3,6;,4;
2024/05/20;2300 UTC;0;1003,9;1003,9;1003,2;;26;22,9;26,6;26;24;22,9;87;83;83;161;1,9;,2;
2024/05/21;0000 UTC;0;1004,7;1004,7;1003,9;;25,8;23,9;26,2;25,8;24;23,1;89;83;89;349;1,4;0;
2024/05/21;0100 UTC;0;1004,6;1004,7;1004,5;;25,5;23,9;25,9;25,5;24,1;23,8;91;89;91;335;,9;0;
2024/05/21;0200 UTC;0;1004,5;1004,6;1004,4;;25,2;23,9;25,5;25,1;24;23,8;92;91;92;330;,6;0;
2024/05/21;0300 UTC;0;1004,3;1004,6;1004,3;;25,3;23,9;25,3;24,9;23,9;23,6;93;92;92;91;1,6;,3;
2024/05/21;0400 UTC;0;1004,4;1004,4;1004,1;;25,4;23,6;25,4;25,3;24;23,6;92;90;90;102;2,2;1;
2024/05/21;0500 UTC;,8;1004,2;1004,5;1004,2;;25,1;23,7;25,4;25,1;23,7;23;92;87;92;76;4,6;1,1;
2024/05/21;0600 UTC;,2;1003,8;1004,2;1003,8;;25,2;24;25,3;25,1;24;23,7;93;92;93;80;1,8;,2;
2024/05/21;0700 UTC;0;1004,1;1004,1;1003,8;;25;23,8;25,2;25;24;23,8;93;93;93;122;1,6;,5;
2024/05/21;0800 UTC;0;1004,3;1004,3;1004,1;;24,8;23,6;25;24,7;23,8;23,5;93;93;93;86;1,2;,1;
2024/05/21;0900 UTC;0;1004,4;1004,4;1004,2;9;25;23,9;25;24,7;23,9;23,5;93;93;93;34;,9;,1;
2024/05/21;1000 UTC;0;1005;1005;1004,4;227,8;25,8;23,9;25,8;25;24,6;23,7;93;89;90;166;1,6;,5;
2024/05/21;1100 UTC;0;1005,4;1005,4;1005;931,6;27,8;22,4;27,8;25,7;24,2;21,7;90;72;72;124;4,6;1,4;
2024/05/21;1200 UTC;0;1005,3;1005,5;1005,3;1549,8;30,3;24,1;30,3;27,8;24,1;22,2;75;68;70;100;4,3;2;
2024/05/21;1300 UTC;0;1005,2;1005,4;1005,2;1671,8;31,1;24,3;31,1;29,5;24,3;22,9;71;63;67;98;4,9;2,5;
2024/05/21;1400 UTC;0;1004,8;1005,2;1004,8;1877,6;32,1;22,8;32,1;30,4;24,3;22,4;67;58;58;101;5,5;2,6;
2024/05/21;1500 UTC;0;1003,8;1004,9;1003,8;2048,7;32,1;22,4;32,3;30,5;23,7;21,9;64;55;57;117;5,9;2,9;
2024/05/21;1600 UTC;0;1002,9;1003,9;1002,9;1975;32,1;22,2;33;32,1;23,7;22;59;52;56;112;7,1;3,1;
2024/05/21;1700 UTC;0;1002;1002,9;1002;1716,7;33;22,4;33,5;31,1;23,5;21,6;62;52;54;98;7,1;2,3;
2024/05/21;1800 UTC;0;1001,7;1002;1001,7;1547,3;33;22,5;33,4;32,8;23,4;21,5;57;50;54;106;6,1;2,3;
2024/05/21;1900 UTC;0;1002;1002;1001,7;884,7;32,3;22,7;33,4;32,1;23,1;21,7;57;51;57;107;6,1;1,4;
2024/05/21;2000 UTC;0;1002,1;1002,2;1002;239,1;30,1;23;32,4;30,1;23,8;22,2;66;55;66;170;4,8;1;
2024/05/21;2100 UTC;0;1002,5;1002,5;1002,1;7,5;27,3;23,1;30,1;27,3;24;22,5;80;65;78;170;4,8;,3;
2024/05/21;2200 UTC;0;1003,1;1003,1;1002,5;;27;24,5;27,4;27;25;22,6;88;75;86;185;2,5;,3;
2024/05/21;2300 UTC;0;1003,8;1003,8;1003,1;;26,7;24,3;27,1;26,7;24,7;23,7;88;83;87;140;1,6;,5;
2024/05/22;0000 UTC;0;1004,4;1004,4;1003,8;;26,6;24,5;26,9;26,5;24,9;24;89;85;88;64;1,7;,2;
2024/05/22;0100 UTC;0;1004,7;1004,8;1004,4;;25,7;23,6;26,6;25,7;24,5;23,6;89;88;88;117;1,8;,5;
2024/05/22;0200 UTC;0;1004,9;1004,9;1004,6;;24,8;23,1;25,7;24,8;23,7;23,1;90;88;90;51;1,7;0;
2024/05/22;0300 UTC;0;1004,4;1005;1004,4;;24,5;22,7;24,9;24,5;23,2;22,6;90;89;90;78;2;,7;
2024/05/22;0400 UTC;0;1003,8;1004,4;1003,8;;24;22,3;24,5;23,9;22,7;22,3;91;90;91;114;1,6;,6;
2024/05/22;0500 UTC;0;1003,3;1003,8;1003,3;;23,6;22;23,9;23,5;22,3;22;91;91;91;44;2,1;,3;
2024/05/22;0600 UTC;0;1003;1003,3;1003;;23,5;22,3;23,6;23,4;22,3;22,1;93;91;93;116;1;,3;
2024/05/22;0700 UTC;0;1003,3;1003,3;1002,9;;23,1;21,9;23,5;23,1;22,3;21,9;93;93;93;327;1,1;,1;
2024/05/22;0800 UTC;0;1004;1004;1003,3;;23,4;22,3;23,6;23,1;22,5;21,9;94;93;94;140;,7;,2;
2024/05/22;0900 UTC;0;1004,4;1004,4;1004;25,6;23,5;22,4;23,5;23,1;22,4;21,9;94;93;94;57;1;,7;
2024/05/22;1000 UTC;0;1005,2;1005,2;1004,4;488,2;26,1;21,7;26,1;23,5;23,3;21;94;75;77;100;3,2;1,4;
2024/05/22;1100 UTC;0;1005,7;1005,7;1005,2;1034,5;28,6;21,9;28,8;26,1;22,6;21,3;78;67;67;107;6,3;2,4;
2024/05/22;1200 UTC;0;1005,8;1006;1005,6;1555,4;30,2;22,5;30,3;28,6;23,4;22;70;63;63;118;6,6;2;
2024/05/22;1300 UTC;0;1005,6;1005,8;1005,6;1877,3;30,1;22,3;31,2;29,6;23,9;22;67;60;63;109;6,3;3;
2024/05/22;1400 UTC;0;1005,3;1005,6;1005,3;2049,5;31,5;23,3;32,2;30;23,3;21,8;66;56;62;106;6,9;2,2;
2024/05/22;1500 UTC;0;1004,5;1005,3;1004,5;2392,7;32,3;22,1;32,5;31,2;23,4;21,8;62;54;55;110;6,7;2,3;
2024/05/22;1600 UTC;0;1003,8;1004,5;1003,8;2110,7;32,6;21,7;33,1;32,2;22,8;21,2;57;51;53;125;6,7;2,4;
2024/05/22;1700 UTC;0;1003;1003,8;1003;1732,2;33,1;21,6;33,2;32,4;22,8;21,2;56;50;51;88;5,9;2,3;
2024/05/22;1800 UTC;0;1002,6;1003;1002,6;1123,8;32,4;22,3;33,5;31,9;23,4;21;59;49;55;77;5;2;
2024/05/22;1900 UTC;0;1002,7;1002,7;1002,6;691,2;31,5;22,8;33,2;31,5;23,7;21,7;62;52;60;89;5;,9;
2024/05/22;2000 UTC;0;1002,7;1002,7;1002,6;244,8;30,3;25,4;31,5;30;25,7;22,7;77;60;75;85;2,2;,4;
2024/05/22;2100 UTC;0;1003,1;1003,1;1002,7;10,3;27;23,7;30,3;27;25,7;23,5;84;75;82;125;1,8;,2;
2024/05/22;2200 UTC;0;1003,4;1003,4;1003,1;;26,4;23,7;27;26,1;23,9;22,9;85;81;85;109;,8;0;
2024/05/22;2300 UTC;0;1004;1004;1003,4;;26,2;24,5;26,4;26;24,5;23;90;83;90;28;,7;0;
2024/05/23;0000 UTC;0;1004,6;1004,6;1004;;25,6;24,2;26,2;25,6;24,6;24,2;92;90;92;334;,5;0;
2024/05/23;0100 UTC;0;1004,6;1004,7;1004,6;;25,3;24,1;25,6;25,3;24,4;24,1;93;92;93;276;,6;0;
2024/05/23;0200 UTC;0;1004,8;1004,9;1004,5;;24,9;23,7;25,3;24,9;24,1;23,7;93;93;93;354;1,1;,3;
2024/05/23;0300 UTC;0;1004,7;1004,8;1004,7;;24,6;23,4;24,9;24,6;23,8;23,4;93;93;93;95;1,7;,1;
2024/05/23;0400 UTC;0;1004;1004,7;1004;;24,4;23,3;24,7;24,2;23,5;23,1;94;93;94;205;1,3;,1;
2024/05/23;0500 UTC;0;1003,2;1004;1003,2;;23,9;22,9;24,4;23,9;23,2;22,8;94;93;94;334;,6;0;
2024/05/23;0600 UTC;0;1003;1003,2;1003;;23,9;22,9;24;23,8;23;22,8;94;94;94;77;,5;,1;
2024/05/23;0700 UTC;0;1003,2;1003,2;1003;;23,6;22,6;24;23,3;23;22,3;94;94;94;81;,5;0;
2024/05/23;0800 UTC;0;1003,5;1003,5;1003,2;;23,4;22,4;23,6;23,3;22,6;22,3;94;94;94;128;,8;,3;
2024/05/23;0900 UTC;0;1004,3;1004,3;1003,5;32,7;23,4;22,5;23,5;23;22,6;22,1;95;94;95;67;,8;0;
2024/05/23;1000 UTC;0;1004,9;1004,9;1004,3;430,8;25,6;22,6;25,8;23,4;24,2;22,5;95;84;84;106;2,1;,8;
2024/05/23;1100 UTC;0;1005,2;1005,2;1004,9;925,5;27,3;21;27,3;25,6;22,6;20,1;84;68;68;120;5,1;1,7;
2024/05/23;1200 UTC;0;1005,2;1005,3;1005,1;1461,8;29,1;21,3;29,2;27,3;22;20,7;69;62;63;122;6,6;2,6;
2024/05/23;1300 UTC;0;1005,2;1005,3;1005,2;2038,6;30,6;21,8;30,6;29,1;22,3;20,6;64;59;59;99;7,1;2,7;
2024/05/23;1400 UTC;0;1004,8;1005,2;1004,8;2056,3;31;21,6;31,2;30,3;22,4;21;62;56;57;122;7,5;1,9;
2024/05/23;1500 UTC;0;1003,9;1004,8;1003,9;2345,4;31,8;22,2;31,9;31;23,2;21,4;61;54;57;98;5,2;2;
2024/05/23;1600 UTC;0;1002,7;1003,9;1002,7;2022,4;32,5;21,5;32,6;31,5;23,1;21;59;51;52;119;7,1;2,5;
2024/05/23;1700 UTC;0;1002,2;1002,7;1002,2;1903,2;32,8;21,5;33,1;31,7;23,1;21;58;50;51;107;7,1;2,5;
2024/05/23;1800 UTC;0;1001,9;1002,2;1001,9;1141,8;32,5;22,2;33,2;31,2;23;21;62;50;55;94;5;1,4;
2024/05/23;1900 UTC;0;1001,8;1001,9;1001,7;581,9;31,5;23,9;32,6;31,4;23,9;21,3;64;52;64;83;3,6;,4;
2024/05/23;2000 UTC;0;1002;1002;1001,8;135,7;27,6;24;31,5;27,6;25,6;23,8;83;64;81;164;1,5;,1;
2024/05/23;2100 UTC;0;1002,2;1002,2;1002;8;26,3;23,4;27,6;26,2;24,4;22,9;84;80;84;203;1,2;,3;
2024/05/23;2200 UTC;0;1002,8;1002,8;1002,2;;26,7;24,6;26,7;26,1;24,6;23;89;83;89;67;1,5;,1;
2024/05/23;2300 UTC;0;1003,3;1003,3;1002,8;;26,1;24,2;26,7;25,9;24,6;23,4;89;86;89;77;,8;,2;
2024/05/24;0000 UTC;0;1004;1004;1003,3;;26;24,5;26,4;26;24,8;24,2;91;89;91;234;1,4;,1;
2024/05/24;0100 UTC;0;1004,2;1004,2;1004;;25,6;24,2;26;25,5;24,4;24,1;92;91;92;26;,6;,1;
2024/05/24;0200 UTC;0;1004;1004,2;1004;;25,7;24,5;26;25,6;24,7;24,2;93;92;93;103;1;,4;
2024/05/24;0300 UTC;0;1003,7;1004,2;1003,7;;25,8;24,5;25,9;25,6;24,6;24,4;93;92;92;312;1;0;
2024/05/24;0400 UTC;0;1003,1;1003,7;1003,1;;25,5;24,2;25,9;25,5;24,6;24,2;93;92;93;27;,6;0;
2024/05/24;0500 UTC;0;1002,5;1003,2;1002,5;;25,5;24;25,6;25,3;24,3;23,9;93;91;91;137;2,3;,3;
2024/05/24;0600 UTC;0;1002,5;1002,6;1002,4;;25,2;20,7;25,6;24,9;24;20,4;91;75;76;87;3,3;,6;
2024/05/24;0700 UTC;0;1003;1003;1002,4;;24,9;22,2;25,4;24,8;22,8;20,7;87;76;85;84;2;,5;
2024/05/24;0800 UTC;0;1003,3;1003,3;1003;;24;22,2;25;24;22,8;22,2;90;85;90;183;1,5;,1;
2024/05/24;0900 UTC;0;1003,6;1003,6;1003,3;14,4;23,9;20,8;24;23,6;22,1;20,8;89;83;83;178;2,5;,8;
2024/05/24;1000 UTC;0;1004,3;1004,4;1003,6;250,5;25,8;20,3;25,8;23,9;21;20,3;83;72;72;130;3,9;1,4;
2024/05/24;1100 UTC;0;1004,8;1004,8;1004,3;1020,3;28;20,7;28;25,8;20,9;19,8;72;63;65;133;7,6;2,3;
2024/05/24;1200 UTC;0;1005;1005;1004,8;1535,6;29,4;20,7;29,6;28;21,2;20,2;65;59;60;116;7;2,6;
2024/05/24;1300 UTC;0;1004,5;1005;1004,4;2086,7;30,4;20,7;30,4;29,1;21,4;20;60;54;56;115;7;2,6;
2024/05/24;1400 UTC;0;1003,7;1004,6;1003,7;2419;31;20,6;31,2;30,2;21,7;19,8;59;51;54;124;6,7;3;
2024/05/24;1500 UTC;0;1002,8;1003,7;1002,8;2516,3;31,8;20,8;32,2;31;21,4;20;56;50;52;109;6,6;3,2;
2024/05/24;1600 UTC;0;1001,8;1002,9;1001,8;2135,7;32,4;20,8;32,9;31,8;21,9;20,4;55;49;51;127;5,9;2;
2024/05/24;1700 UTC;0;1001;1001,8;1001;1971,1;32,8;21,3;33,1;32,1;21,8;20,3;53;48;51;112;5;2,1;
2024/05/24;1800 UTC;0;1000,7;1001;1000,7;1466,1;33,1;21,7;33,2;32,5;21,7;19,9;52;47;51;141;5;1,4;
2024/05/24;1900 UTC;0;1000,9;1000,9;1000,7;949,4;32,4;21,5;33,3;32,4;22,2;20,5;53;47;53;113;4;1,3;
2024/05/24;2000 UTC;0;1001,5;1001,5;1000,9;387,6;30,1;23,5;32,7;30,1;23,8;20,8;69;51;68;97;3,6;,7;
2024/05/24;2100 UTC;0;1002,2;1002,2;1001,5;8;26,9;23,5;30,1;26,9;24,1;22,9;82;68;82;142;2;,2;
2024/05/24;2200 UTC;0;1002,6;1002,6;1002,3;;27;23,3;27,1;26,8;23,8;22,5;83;77;80;184;,9;,1;
2024/05/24;2300 UTC;0;1003;1003;1002,6;;27,1;23,7;27,1;26,8;24;22,8;83;78;82;351;1,1;,4;
2024/05/25;0000 UTC;0;1003,3;1003,3;1003;;26,6;24,3;27,1;26,6;24,3;23,5;87;81;87;334;1,1;,2;
2024/05/25;0100 UTC;0;1003,7;1003,7;1003,3;;26,6;24,4;26,7;26,4;24,7;24,2;89;87;88;266;1,2;,3;
2024/05/25;0200 UTC;0;1003,7;1003,8;1003,6;;26,6;24,8;26,8;26,5;24,8;24,5;90;88;90;69;,9;0;
2024/05/25;0300 UTC;0;1003,5;1003,7;1003,5;;26,5;24,8;26,6;26,4;24,9;24,6;91;90;91;149;,7;,3;
2024/05/25;0400 UTC;0;1003;1003,5;1002,9;;26;24,5;26,5;26;24,9;24,4;91;90;91;120;1;,3;
2024/05/25;0500 UTC;0;1002,7;1003;1002,7;;25,5;23;26,1;25,5;24,6;23;92;86;86;90;3,4;1,3;
2024/05/25;0600 UTC;0;1002,3;1002,7;1002,3;;24,9;23,6;25,5;24,8;23,6;23;92;86;92;242;2,3;,4;
2024/05/25;0700 UTC;0;1002,3;1002,4;1002,2;;25,3;23,9;25,4;24,9;24,1;23,6;93;92;92;326;1;0;
2024/05/25;0800 UTC;0;1002,7;1002,7;1002,3;;25,6;24,2;25,6;25,3;24,2;24;92;92;92;89;1,1;,5;
2024/05/25;0900 UTC;0;1003,4;1003,4;1002,7;8,5;25,7;24,4;25,8;25,5;24,4;24,2;92;92;92;4;1,1;0;
2024/05/25;1000 UTC;0;1004,2;1004,2;1003,4;158,7;26,7;24,2;26,8;25,7;24,7;24;92;86;86;224;1,1;,2;
2024/05/25;1100 UTC;0;1004,7;1004,8;1004,2;624,6;28,2;21,7;28,3;26,6;23,9;21,7;86;68;68;135;2,3;1;
2024/05/25;1200 UTC;0;1004,9;1005;1004,7;1496,1;30,8;22,2;30,9;28,2;22,7;21,3;69;60;60;110;3,5;1,6;
2024/05/25;1300 UTC;0;1004,2;1004,9;1004,2;2025,6;31,8;22,9;32,3;30,7;23,3;22,1;62;56;59;110;3,9;1,8;
2024/05/25;1400 UTC;0;1003,5;1004,2;1003,5;2413,3;32,8;22,1;33,1;31,8;23,4;21,8;59;52;53;91;4,9;2,5;
2024/05/25;1500 UTC;0;1002,5;1003,5;1002,5;2129,4;33,4;22,8;33,5;32,5;23,4;21,6;57;51;54;141;5,4;1;
2024/05/25;1600 UTC;0;1001,6;1002,6;1001,6;2017,9;33,8;21,9;34,1;33,2;23,6;21,7;56;49;50;119;4,8;2,1;
2024/05/25;1700 UTC;0;1001,2;1001,6;1001,2;1937,8;34,7;22;34,7;33,7;22,4;20,9;51;46;48;149;4,7;1,2;
2024/05/25;1800 UTC;0;1001;1001,2;1000,9;1478;34,1;21,7;34,7;33,8;22,3;20,6;50;45;48;138;4,2;1,7;
2024/05/25;1900 UTC;0;1001;1001,1;1000,9;858,4;32,8;21,9;34,5;32,3;22,3;20,1;55;44;53;91;4,1;1,4;
2024/05/25;2000 UTC;0;1001,3;1001,3;1001;335,9;30;24,8;32,9;30;25,1;21,2;75;50;74;121;3,6;,2;
2024/05/25;2100 UTC;0;1001,4;1001,4;1001,1;9;27,7;23,3;29,9;27,6;24,8;22,9;78;73;77;189;1,8;,8;
2024/05/25;2200 UTC;0;1001,9;1001,9;1001,3;;26,7;23,4;27,7;26,7;23,6;22,6;82;76;82;231;1,4;0;
2024/05/25;2300 UTC;0;1002,8;1002,8;1001,9;;26,6;24,4;26,9;26,6;24,5;23,4;88;82;88;11;,8;,1;
2024/05/26;0000 UTC;0;1003,4;1003,4;1002,8;;26,3;24,3;26,8;26,3;24,9;24,2;90;88;88;270;1,6;,8;
2024/05/26;0100 UTC;0;1003,7;1003,7;1003,3;;26,2;24,5;26,5;26,1;24,5;24,1;91;87;91;45;1,6;,4;
2024/05/26;0200 UTC;0;1004;1004;1003,5;;26,5;24,9;26,5;26,1;24,9;24,5;92;91;91;312;1,1;0;
2024/05/26;0300 UTC;0;1004,1;1004,4;1004;;26,4;23,4;26,5;26,1;24,9;23,2;91;83;84;64;6,5;2,2;
2024/05/26;0400 UTC;0;1003,3;1004,3;1003,3;;26;23,5;26,4;26;23,5;23,3;86;83;86;28;4,8;1,2;
2024/05/26;0500 UTC;0;1003,2;1003,3;1003,1;;25,5;23,5;26;25,5;23,6;23,2;89;86;89;8;3;,5;
2024/05/26;0600 UTC;0;1003,2;1003,2;1003;;25,6;23,4;25,6;25,4;23,8;23,4;91;87;87;347;3,1;1,8;
2024/05/26;0700 UTC;4;1003,5;1003,5;1003,1;;25,3;24;25,6;25,3;24;23,4;93;87;93;357;3,1;1,6;
2024/05/26;0800 UTC;,2;1003,6;1003,6;1003,3;;25;23,7;25,3;24,9;23,9;23,6;93;92;92;299;3,2;,6;
2024/05/26;0900 UTC;0;1003,8;1003,8;1003,6;5,9;24,9;23,7;25;24,7;23,7;23,3;93;92;93;226;2,1;0;
2024/05/26;1000 UTC;0;1004,6;1004,6;1003,8;205,4;25,4;23,8;25,5;24,9;24,1;23,6;93;90;90;175;1;,4;
2024/05/26;1100 UTC;0;1005,5;1005,5;1004,6;606,9;26,9;24;26,9;25,4;24,2;23;91;83;84;111;1,9;,7;
2024/05/26;1200 UTC;0;1005,7;1005,8;1005,5;1340,6;29,1;24,1;29,1;26,9;24,4;23;85;73;74;93;3,5;1,6;
2024/05/26;1300 UTC;0;1005,7;1005,7;1005,6;1402,1;30,2;23,6;30,6;28,9;24,3;22,2;74;62;68;100;5,2;1,7;
2024/05/26;1400 UTC;0;1005,2;1005,7;1005,2;1022,6;31,1;22,7;31,2;29,1;24,4;22,6;73;61;61;99;4,9;2,1;
2024/05/26;1500 UTC;0;1004,1;1005,2;1004,1;2025,4;32,3;23,2;32,7;31,1;24,2;22,3;64;56;59;135;5,8;2,4;
2024/05/26;1600 UTC;0;1003,4;1004,1;1003,4;1824,2;33;22,8;33,5;31,5;24,1;22,6;64;55;55;116;5,8;1,9;
2024/05/26;1700 UTC;0;1002,3;1003,3;1002,3;1277,3;32,7;23,1;33,3;31,7;23,4;22,2;60;52;57;130;5,7;2;
2024/05/26;1800 UTC;0;1002;1002,3;1001,9;605;30,2;23,6;32,8;30,2;23,8;22,4;68;56;68;61;5,1;2,7;
2024/05/26;1900 UTC;0;1002,6;1002,6;1002;131,9;28,5;24,8;30,2;28,5;24,8;23,4;81;68;81;58;4,7;1,4;
2024/05/26;2000 UTC;2,8;1003,4;1003,6;1002,6;29,6;24,9;23,2;28,5;24,9;24,8;22,5;91;76;90;78;13,1;2,9;
2024/05/26;2100 UTC;2,6;1003,9;1003,9;1003,4;1,3;23,9;22,3;24,9;23,9;23,2;22,2;91;90;90;57;7,6;4;
2024/05/26;2200 UTC;1,8;1003,9;1004,1;1003,8;;24;22,3;24;23,7;22,3;22,1;91;90;91;32;7,3;1,7;
2024/05/26;2300 UTC;0;1004,4;1004,4;1003,9;;24,4;23,1;24,4;23,9;23,2;22,3;93;91;93;211;3,5;,6;
2024/05/27;0000 UTC;0;1005,1;1005,1;1004,4;;24,3;23,1;24,4;24,3;23,2;23,1;93;93;93;295;1,4;,1;
2024/05/27;0100 UTC;0;1005;1005,2;1005;;24,4;23,2;24,4;24,3;23,2;23,1;93;93;93;23;1,2;,3;
2024/05/27;0200 UTC;0;1005,3;1005,3;1005;;24,4;23,3;24,5;24,4;23,4;23,2;94;93;94;136;1,3;,2;
2024/05/27;0300 UTC;0;1004,8;1005,3;1004,8;;24,1;23;24,4;24;23,3;23;94;94;94;240;,7;0;
2024/05/27;0400 UTC;0;1004,2;1004,8;1004,2;;23,9;22,9;24,2;23,9;23,2;22,9;94;94;94;262;,8;,1;
2024/05/27;0500 UTC;0;1003,6;1004,3;1003,6;;23,6;22,6;24;23,6;23;22,6;94;94;94;92;,9;0;
2024/05/27;0600 UTC;0;1003,5;1003,6;1003,5;;23,3;22,4;23,6;23,3;22,6;22,3;94;94;94;51;0;0;
2024/05/27;0700 UTC;,2;1003,6;1003,7;1003,3;;23,3;22,3;23,4;23,1;22,5;22,1;95;94;95;320;,4;0;
2024/05/27;0800 UTC;0;1004,3;1004,3;1003,6;;23,3;22,4;23,5;23,1;22,5;22,1;95;95;95;63;,8;,2;
2024/05/27;0900 UTC;0;1004,8;1004,8;1004,3;21,8;23,6;22,6;23,6;23,2;22,6;22,3;95;95;95;86;1;0;
2024/05/27;1000 UTC;0;1005,5;1005,5;1004,8;292,2;24,7;23,7;24,7;23,6;23,7;22,6;95;95;95;169;1,2;,2;
2024/05/27;1100 UTC;0;1006,1;1006,1;1005,5;965,6;25,2;21,1;25,5;24,5;24,3;20,9;95;77;78;174;3;1,1;
2024/05/27;1200 UTC;0;1006,2;1006,2;1006,1;1385,2;27,2;22;27,3;25,2;22,7;21,2;80;73;73;193;4;1,9;
2024/05/27;1300 UTC;0;1006;1006,3;1006;2011,2;29,8;20,9;29,8;27,1;22,7;20,3;74;57;59;147;5,3;1,9;
2024/05/27;1400 UTC;0;1005,4;1006;1005,4;2446,2;31;20,7;31,1;29,9;21,8;20,4;60;54;54;133;6;2,3;
2024/05/27;1500 UTC;0;1004,6;1005,4;1004,6;2500,5;31,7;20,5;32;30,9;21,9;20,1;58;50;52;143;5,6;2,2;
2024/05/27;1600 UTC;0;1003,8;1004,6;1003,8;2164,6;32,3;20,2;32,5;31,7;21,3;19;53;46;49;156;5,7;1,6;
2024/05/27;1700 UTC;0;1003,1;1003,8;1003,1;1924,7;32,8;20,2;32,8;32,2;20,6;19,1;50;44;47;181;6;1,3;
2024/05/27;1800 UTC;0;1002,8;1003,1;1002,8;1350,5;32,8;20,3;33,3;32,4;21,5;19,3;52;45;48;132;4,7;1,4;
2024/05/27;1900 UTC;0;1002,8;1002,8;1002,6;951,4;32,4;19,8;33,1;32,3;20,6;19,1;49;45;47;128;4,7;1,4;
2024/05/27;2000 UTC;0;1003,1;1003,1;1002,8;400;29,7;22,2;32,7;29,7;23;19,3;66;46;64;91;3,6;,9;
2024/05/27;2100 UTC;0;1003,4;1003,4;1003,1;6,2;25,5;22;29,7;25,5;23,9;21,8;82;64;81;128;2,3;,1;
2024/05/27;2200 UTC;0;1003,9;1003,9;1003,4;;25,4;23,1;25,6;25;23,3;21,5;88;80;87;113;,8;0;
2024/05/27;2300 UTC;0;1004,3;1004,3;1003,9;;25,4;23,8;25,5;25,2;23,9;23,1;91;87;91;328;,5;0;
2024/05/28;0000 UTC;0;1004,7;1004,8;1004,3;;25,5;24,1;25,6;25,3;24,2;23,8;93;91;92;285;,5;0;
2024/05/28;0100 UTC;0;1004,9;1004,9;1004,7;;25,2;23,9;25,4;25,1;24,1;23,8;93;92;93;51;,8;,4;
2024/05/28;0200 UTC;0;1004,8;1004,9;1004,8;;24,8;23,7;25,2;24,8;24;23,6;93;93;93;108;,8;,1;
2024/05/28;0300 UTC;0;1004,7;1004,9;1004,6;;24,3;23,2;24,8;24,2;23,7;23,2;94;93;94;138;,8;,3;
2024/05/28;0400 UTC;0;1004,5;1004,7;1004,5;;23,7;22,6;24,3;23,6;23,2;22,6;94;94;94;98;,9;,1;
2024/05/28;0500 UTC;0;1004,1;1004,5;1004,1;;23,4;22,4;23,7;23,4;22,7;22,4;94;94;94;133;,9;0;
2024/05/28;0600 UTC;0;1004,1;1004,2;1004,1;;23,3;22,3;23,5;23,2;22,5;22,2;94;94;94;69;,7;,1;
2024/05/28;0700 UTC;0;1004,1;1004,2;1004,1;;22,8;21,9;23,3;22,7;22,3;21,8;95;94;95;238;,5;0;
2024/05/28;0800 UTC;0;1004,4;1004,4;1004;;22,2;21,3;22,9;22,2;22;21,3;95;94;95;61;,8;,2;
2024/05/28;0900 UTC;0;1005;1005;1004,4;23,9;22,8;21,9;22,8;22,2;21,9;21,3;95;95;95;105;,8;0;
2024/05/28;1000 UTC;0;1005,8;1005,8;1005;468,9;25,1;22,3;25,1;22,8;23,2;21,5;95;83;84;112;1,3;,6;
2024/05/28;1100 UTC;0;1006,6;1006,7;1005,8;1009,2;27,2;19,9;27,2;24,7;22;18,9;84;63;64;85;3,9;1,5;
2024/05/28;1200 UTC;0;1006,8;1006,8;1006,6;1527,6;28,8;18;28,9;27,1;19,7;17,9;64;51;52;119;7,2;3;
2024/05/28;1300 UTC;0;1006,7;1006,8;1006,6;2076,1;29,9;19;30;28,7;19,2;17,8;56;50;52;104;7,8;3;
2024/05/28;1400 UTC;0;1006;1006,7;1006;2424,9;30,7;19,2;31;29,8;20,2;18,5;54;49;50;100;6,3;2,7;
2024/05/28;1500 UTC;0;1004,9;1006;1004,9;2496,8;31,9;20,4;31,9;30,7;20,8;19,1;54;48;51;81;6,1;2,3;
2024/05/28;1600 UTC;0;1004,2;1005;1004,2;2165,9;32,3;19,2;32,4;31,3;20,5;18,8;51;45;46;91;5,4;2,5;
2024/05/28;1700 UTC;0;1003,4;1004,2;1003,4;1970,1;32,3;19,7;33;32,1;20,8;19,2;51;45;47;89;5,3;2,6;
2024/05/28;1800 UTC;0;1003,2;1003,4;1003,1;1474,5;32,5;20,3;32,9;32,1;21,2;19;51;45;49;82;5,4;2,4;
2024/05/28;1900 UTC;0;1003,2;1003,3;1003,1;958,4;32,2;20,2;32,7;32,1;21,2;19,3;53;46;49;84;5,4;1,4;
2024/05/28;2000 UTC;0;1003,3;1003,3;1003,1;403,3;28,3;24,1;32,2;28,3;24,4;20;78;49;78;244;2,5;0;
2024/05/28;2100 UTC;0;1003,4;1003,5;1003,3;7,6;25,7;21,9;28,3;25,7;24,7;21,7;83;78;79;242;,6;,1;
2024/05/28;2200 UTC;0;1003,9;1003,9;1003,4;;25,2;22,3;25,7;25,2;23;21,4;85;77;84;266;1,3;,2;
2024/05/28;2300 UTC;0;1004,5;1004,5;1003,9;;25;22,9;25,3;24,9;22,9;22,4;88;84;88;11;,8;,1;
2024/05/29;0000 UTC;0;1005,1;1005,1;1004,5;;24,9;23,5;25,2;24,7;23,5;23;92;88;92;52;,6;,2;
2024/05/29;0100 UTC;0;1005,4;1005,4;1005,1;;24,5;23,2;25,2;24,5;23,9;23,2;93;92;93;40;,6;,1;
2024/05/29;0200 UTC;0;1005,3;1005,4;1005,3;;24,4;23,3;24,6;24,4;23,5;23,1;93;93;93;124;,5;0;
2024/05/29;0300 UTC;0;1004,9;1005,3;1004,9;;24;22,9;24,4;23,9;23,3;22,9;94;93;94;197;,6;0;
2024/05/29;0400 UTC;0;1004,7;1004,9;1004,7;;23,6;22,6;24,1;23,6;23;22,6;94;94;94;46;,8;,4;
2024/05/29;0500 UTC;0;1004,4;1004,7;1004,4;;24,4;23,3;24,5;23,6;23,5;22,6;94;94;94;63;,8;,3;
2024/05/29;0600 UTC;0;1004,2;1004,4;1004,1;;23,7;22,7;24,4;23,6;23,3;22,6;94;94;94;343;1,5;,7;
2024/05/29;0700 UTC;0;1004,5;1004,5;1004,2;;23;22;23,7;23;22,7;22;94;94;94;210;1,5;0;
2024/05/29;0800 UTC;0;1004,7;1004,7;1004,5;;23,1;22,2;23,3;23;22,3;22;94;94;94;129;,9;0;
2024/05/29;0900 UTC;0;1005,2;1005,2;1004,7;31;23,8;22,9;23,8;22,9;22,9;21,9;94;94;94;232;,8;0;
2024/05/29;1000 UTC;0;1005,7;1005,7;1005,2;489,5;25,7;21,5;26;23,8;23,9;21,5;94;77;78;40;1,3;,4;
2024/05/29;1100 UTC;0;1006,2;1006,2;1005,7;995,9;28;21,3;28;25,6;22,5;21,1;80;67;67;47;2;,7;
2024/05/29;1200 UTC;0;1006,4;1006,4;1006,2;1502,2;30,2;21,3;30,2;28;22,1;20,1;68;56;59;46;2,4;,9;
2024/05/29;1300 UTC;0;1006,3;1006,4;1006,3;1803;30,9;22,4;31,6;30,1;22,5;20,9;62;55;61;77;3,6;1,6;
2024/05/29;1400 UTC;0;1005,5;1006,3;1005,5;1680,5;31,4;21,7;31,8;30,7;23;21,3;63;55;56;90;4,1;1,3;
2024/05/29;1500 UTC;0;1004,9;1005,5;1004,9;1900,2;32,6;22,6;32,9;30,7;23,3;21,6;65;54;56;86;4,3;2,2;
2024/05/29;1600 UTC;0;1004,1;1004,9;1004;1607,4;32,3;22,8;33;31,4;23,9;22,1;63;54;58;97;5,1;1,5;
2024/05/29;1700 UTC;0;1003,4;1004,1;1003,4;1851,4;33;22,8;33,3;32,1;23,4;21,9;59;52;55;56;5,6;2,8;
2024/05/29;1800 UTC;0;1002,9;1003,4;1002,9;1490,4;33,5;21,8;33,6;32,9;23,3;21,3;56;49;51;109;4,8;1,8;
2024/05/29;1900 UTC;0;1003,1;1003,1;1002,8;957,1;32,8;21,8;33,7;32,8;23;21,6;56;50;52;97;3,6;1,8;
2024/05/29;2000 UTC;0;1003,2;1003,2;1003,1;397,3;30,5;24,4;32,8;30,5;24,7;21,7;70;52;70;109;3,5;,3;
2024/05/29;2100 UTC;0;1003,7;1003,7;1003,2;7,1;27,3;23,8;30,5;27,3;25,1;23,5;81;70;81;111;1,5;,2;
2024/05/29;2200 UTC;0;1004,1;1004,1;1003,7;;26,8;24,1;27,3;26,7;24,3;23,1;85;79;85;126;,8;,1;
2024/05/29;2300 UTC;0;1004,7;1004,7;1004,1;;26,4;24,5;26,9;26,4;24,6;23,9;89;85;89;26;1;,1;
2024/05/30;0000 UTC;0;1005,3;1005,3;1004,7;;26,2;24,5;26,5;26,2;24,7;24,5;91;89;91;21;1,3;0;
2024/05/30;0100 UTC;0;1005,6;1005,7;1005,3;;25,9;24,5;26,1;25,5;24,5;24;92;91;92;42;,9;,5;
2024/05/30;0200 UTC;0;1005,5;1005,7;1005,5;;25,5;24,1;26,1;25,5;24,5;24,1;92;91;92;314;1,2;,4;
2024/05/30;0300 UTC;0;1005,1;1005,5;1005,1;;25,1;23,9;25,5;24,9;24,1;23,7;93;92;93;317;1,6;0;
2024/05/30;0400 UTC;0;1004,9;1005,1;1004,8;;24,7;23,5;25,1;24,6;23,8;23,5;93;93;93;13;1,6;,4;
2024/05/30;0500 UTC;0;1004,5;1004,9;1004,5;;24,3;23,2;24,7;24,3;23,5;23,2;94;93;93;347;1,9;,8;
2024/05/30;0600 UTC;0;1004,3;1004,5;1004,3;;24,4;23,1;24,7;24,3;23,5;23,1;94;93;93;327;1,8;0;
2024/05/30;0700 UTC;0;1004,6;1004,6;1004,2;;24,2;23,1;24,4;24,2;23,3;23,1;94;93;94;208;,8;0;
2024/05/30;0800 UTC;0;1004,9;1004,9;1004,6;;24,6;23,5;24,7;24,2;23,6;23,2;94;94;94;175;1,1;,1;
2024/05/30;0900 UTC;0;1005;1005,1;1004,9;27,2;24,8;23,7;24,8;24,5;23,7;23,5;94;94;94;359;1,7;,8;
2024/05/30;1000 UTC;0;1005,8;1005,8;1005;406,1;26,2;23;26,2;24,8;24,4;22,8;94;82;83;179;1,8;,5;
2024/05/30;1100 UTC;0;1006,2;1006,3;1005,8;716,6;27,3;23,1;27,3;25,9;23,3;22,2;83;75;78;359;1,9;,5;
2024/05/30;1200 UTC;0;1006,3;1006,4;1006,2;1017,3;29,1;23;29,1;27,2;23,6;22,6;79;70;70;106;3,6;1,8;
2024/05/30;1300 UTC;0;1005,7;1006,3;1005,7;1918,6;31,3;23,7;31,5;29;24;22,9;71;62;64;113;4,6;1,8;
2024/05/30;1400 UTC;0;1005,3;1005,8;1005,3;2398,7;32,6;23,3;32,6;30,3;24,1;22,1;68;55;58;116;6,5;2,6;
2024/05/30;1500 UTC;0;1004,4;1005,3;1004,4;2281,8;33,1;22,6;33,4;31,4;24,1;21,7;64;53;54;94;5,7;2,1;
2024/05/30;1600 UTC;0;1003,3;1004,4;1003,3;2122,8;33,5;22,1;33,5;32,4;23;21,5;57;50;51;92;5,7;2,7;
2024/05/30;1700 UTC;0;1002,5;1003,3;1002,5;1998,7;34;21,8;34,2;33,2;22;20,2;51;44;49;125;5;1,8;
2024/05/30;1800 UTC;0;1001,8;1002,5;1001,8;1506,3;33,9;21,5;34,4;33,4;22,2;20,4;52;46;48;85;4,5;1,6;
2024/05/30;1900 UTC;0;1001,8;1001,9;1001,7;914,7;33,1;22,3;33,9;33;22,6;20,2;54;45;53;81;4,5;1,1;
2024/05/30;2000 UTC;0;1002,3;1002,3;1001,8;305,7;29,2;24,4;33,1;29,2;24,5;21,5;76;52;76;92;3;,5;
2024/05/30;2100 UTC;0;1003;1003;1002,3;5,9;26,7;23;29,2;26,7;24,9;22,8;82;75;80;92;1,3;,2;
2024/05/30;2200 UTC;0;1003,6;1003,6;1003;;26,6;24,3;26,7;26,4;24,3;22,9;87;80;87;266;1;,5;
2024/05/30;2300 UTC;0;1004,9;1004,9;1003,6;;26,8;24;26,8;26,5;24,8;24;89;85;85;22;3,8;1,6;
2024/05/31;0000 UTC;0;1005,8;1005,8;1004,9;;26,9;22,1;27,2;26,8;23,9;22;85;74;75;34;7,7;3,1;
2024/05/31;0100 UTC;0;1006,1;1006,1;1005,8;;26,1;22,1;26,9;26,1;22,3;22,1;79;75;79;12;6,9;2,2;
2024/05/31;0200 UTC;0;1006;1006,2;1005,9;;25,3;22,4;26,1;25,3;22,5;22,2;84;79;84;6;4,4;,7;
2024/05/31;0300 UTC;0;1005,5;1006;1005,5;;25,1;22,5;25,3;25,1;22,6;22,4;86;84;86;19;2,8;1,6;
2024/05/31;0400 UTC;0;1005;1005,5;1005;;24,8;22,7;25,1;24,8;22,8;22,5;88;86;88;342;3,1;1;
2024/05/31;0500 UTC;0;1004,5;1005;1004,5;;24,4;22,6;24,9;24,4;22,8;22,6;90;88;90;14;2;,4;
2024/05/31;0600 UTC;0;1004;1004,5;1004;;24,5;22,8;24,5;24,4;22,9;22,6;91;90;91;1;1,8;,9;
2024/05/31;0700 UTC;0;1004,2;1004,2;1003,8;;24,5;22,9;24,5;24,4;22,9;22,8;91;90;91;125;2,3;,3;
2024/05/31;0800 UTC;0;1004,8;1004,8;1004,2;;24,5;23,2;24,5;24,4;23,2;22,9;92;91;92;128;1,5;,3;
2024/05/31;0900 UTC;,4;1005,3;1005,3;1004,8;15,4;24,7;23,5;24,7;24,5;23,5;23,2;93;92;93;153;1,4;,3;
2024/05/31;1000 UTC;0;1005,9;1005,9;1005,3;189,1;25;23,1;25,2;24,7;23,7;23,1;93;89;89;187;1,9;,5;
2024/05/31;1100 UTC;0;1006,5;1006,6;1005,9;486,4;26,2;22,4;26,2;25;23,4;22,3;89;80;80;134;2,7;1,2;
2024/05/31;1200 UTC;0;1006,4;1006,7;1006,4;1035;28,7;22,4;28,7;26,2;23,1;21,8;80;68;69;112;5;2,5;
2024/05/31;1300 UTC;0;1006,2;1006,5;1006,2;1994,5;30,7;22,6;30,7;28,7;23,3;22,1;70;62;62;111;7,5;3,2;
2024/05/31;1400 UTC;0;1005,6;1006,2;1005,5;2378,7;31,7;22,4;32,1;30,5;23,3;22;62;57;58;106;7,9;3,1;
2024/05/31;1500 UTC;0;1004,8;1005,6;1004,8;1933,3;31,4;22,2;32,3;31,2;23,5;21,9;61;55;58;109;7,7;3,2;
2024/05/31;1600 UTC;0;1004;1004,8;1004;1283,4;31,7;22,2;32,4;31,1;23,3;21,9;62;55;57;119;6,4;2,3;
2024/05/31;1700 UTC;0;1003;1004;1003;1778,9;32,8;22,3;33;31,7;23;21,8;59;53;54;120;5,9;2,2;
2024/05/31;1800 UTC;0;1002,7;1003;1002,7;679,7;30,7;22,5;32,9;30,7;23,1;22,1;63;53;62;103;5,3;1,7;
2024/05/31;1900 UTC;0;1002,4;1002,8;1002,4;418,2;30,6;23,2;31,2;30,5;24,8;22,7;69;61;65;105;4,2;1,3;
2024/05/31;2000 UTC;0;1002,9;1002,9;1002,4;118,5;27,9;24,8;30,6;27,9;25,1;22,6;83;63;83;123;3,8;,1;
2024/05/31;2100 UTC;0;1003,2;1003,2;1002,9;5,3;26,6;24,3;27,9;26,6;24,9;23,9;88;83;87;344;,7;0;
2024/05/31;2200 UTC;0;1003,9;1003,9;1003,2;;26,8;25;26,9;26,5;25,2;24,1;90;86;90;35;1,2;,2;
2024/05/31;2300 UTC;0;1004,8;1004,8;1003,9;;26,1;24,7;26,8;26;25,1;24,6;92;90;92;321;1,3;,6;
2024/06/01;0000 UTC;0;1005,1;1005,2;1004,8;;25,8;24,5;26,1;25,8;24,8;24,5;93;92;93;280;1,1;,4;
2024/06/01;0100 UTC;0;1005,5;1005,5;1005,1;;25,6;24,4;25,9;25,5;24,7;24,2;93;93;93;352;2;1,1;
2024/06/01;0200 UTC;0;1005,3;1005,5;1005,3;;25,1;23,8;25,6;25,1;24,3;23,8;93;92;93;330;2;0;
2024/06/01;0300 UTC;0;1005,2;1005,5;1005,2;;25;23,9;25,1;24,8;24;23,6;94;93;94;107;,5;0;
2024/06/01;0400 UTC;0;1005;1005,3;1004,9;;24,6;23,6;25;24,5;23,8;23,4;94;94;94;334;,4;0;
2024/06/01;0500 UTC;0;1004,3;1005;1004,3;;24,1;23,1;24,6;24,1;23,6;23,1;94;94;94;14;,5;,1;
2024/06/01;0600 UTC;0;1004,2;1004,3;1004,1;;24,4;23,4;24,4;24;23,4;23;94;94;94;165;1,2;,1;
2024/06/01;0700 UTC;0;1005;1005;1004,2;;24,3;23,4;24,4;24;23,4;23;94;94;94;167;,9;,1;
2024/06/01;0800 UTC;0;1005,6;1005,6;1005;;24,6;23,6;24,7;24,2;23,7;23,3;94;94;94;115;1,2;,4;
2024/06/01;0900 UTC;,2;1005,9;1005,9;1005,6;16,1;24,4;23,3;24,6;24,3;23,6;23,3;94;94;94;195;1,8;1;
2024/06/01;1000 UTC;0;1006,8;1006,8;1005,9;140,2;25,1;23,9;25,2;24,3;24;23,3;94;93;93;116;1,8;,2;
2024/06/01;1100 UTC;0;1007,4;1007,4;1006,8;578,1;25,6;19,8;25,8;25,1;24,3;19,8;93;70;70;111;4,5;1,7;
2024/06/01;1200 UTC;0;1007,6;1007,6;1007,3;652,7;27,5;21,3;27,5;25,6;21,6;19,9;72;69;69;120;5,1;1,2;
2024/06/01;1300 UTC;0;1007,2;1007,6;1007,2;1198;28,4;20,9;28,5;27,4;21,3;20,2;69;62;64;95;8,3;3,1;
2024/06/01;1400 UTC;0;1006,4;1007,2;1006,4;2160;30,7;20,7;31,6;28,4;22;20,7;64;54;55;106;6,3;3;
2024/06/01;1500 UTC;0;1005,3;1006,4;1005,3;1894,8;30,5;21;31;29,9;21,7;20,2;59;53;57;95;7,2;3,2;
2024/06/01;1600 UTC;0;1004,5;1005,3;1004,5;1662,2;31,4;21,1;31,5;30,3;22,3;20,6;60;54;54;91;6,2;2;
2024/06/01;1700 UTC;0;1003,6;1004,5;1003,6;1645,1;32;21,2;32,4;31,3;22,5;20,5;59;52;53;105;4,9;1,9;
2024/06/01;1800 UTC;0;1003,3;1003,6;1003,3;1351,5;32,2;21;32,6;31,7;22,2;20,7;56;50;52;105;4,7;2,1;
2024/06/01;1900 UTC;0;1003,5;1003,5;1003,2;854,8;31,8;22,7;32,8;31,8;22,7;20,4;59;49;59;93;4,7;1,2;
2024/06/01;2000 UTC;0;1003,7;1003,7;1003,5;358,1;28,9;23,7;32,3;28,9;24,7;21,4;74;54;74;93;2,3;,2;
2024/06/01;2100 UTC;0;1004;1004;1003,7;8;26,3;23;28,9;26,3;24,3;22,9;83;73;82;255;,8;0;
2024/06/01;2200 UTC;0;1004,4;1004,4;1004;;25,9;23,5;26,3;25,8;23,5;22,2;87;80;87;324;,5;0;
2024/06/01;2300 UTC;0;1005,1;1005,1;1004,4;;25,7;23,9;26;25,7;23,9;23,5;90;87;90;300;1,8;0;
2024/06/02;0000 UTC;0;1005,6;1005,6;1005,1;;25,7;24,1;25,8;25,5;24,3;23,8;92;90;91;8;,9;0;
2024/06/02;0100 UTC;0;1005,7;1005,7;1005,6;;25,9;24,4;25,9;25,6;24,4;24,1;92;91;92;128;,8;,2;
2024/06/02;0200 UTC;0;1005,7;1005,8;1005,5;;25,5;23,9;25,9;25,4;24,4;23,9;92;91;91;246;,8;0;
2024/06/02;0300 UTC;0;1005,7;1005,9;1005,7;;25,2;23,8;25,5;25,2;24,1;23,7;92;91;92;100;,9;,2;
2024/06/02;0400 UTC;0;1005,1;1005,7;1005,1;;25,4;24;25,4;25,1;24;23,6;92;91;92;13;1,1;,1;
2024/06/02;0500 UTC;0;1004,3;1005,1;1004,3;;25;23,7;25,4;24,9;24;23,6;93;92;93;237;1;,1;
2024/06/02;0600 UTC;0;1004,4;1004,4;1004,3;;24,7;23,4;25,1;24,6;23,8;23,3;93;92;93;67;,5;0;
2024/06/02;0700 UTC;0;1004,7;1004,7;1004,3;;24,2;23,1;24,7;24,2;23,5;23,1;94;93;93;87;,6;,1;
2024/06/02;0800 UTC;0;1005,2;1005,2;1004,7;;23,7;22,7;24,2;23,7;23,1;22,7;94;93;94;85;,6;0;
2024/06/02;0900 UTC;0;1005,4;1005,4;1005,2;31,2;24,5;23,5;24,5;23,6;23,5;22,6;94;94;94;59;,3;0;
2024/06/02;1000 UTC;0;1005,8;1005,8;1005,4;451,5;26;20,3;26,2;24,5;24,2;20,2;94;71;71;93;2,2;1,1;
2024/06/02;1100 UTC;0;1006,4;1006,4;1005,8;977,5;28,2;20,2;28,2;25,9;20,7;19,8;71;62;62;136;4,3;1,9;
2024/06/02;1200 UTC;0;1006,5;1006,6;1006,4;1469,1;30,1;21,3;30,2;28,2;21,7;20;64;58;59;125;6,7;2,1;
2024/06/02;1300 UTC;0;1006,1;1006,5;1006;1972,9;30,9;21,5;31,1;29,9;21,7;20,6;60;55;57;121;7,1;2,5;
2024/06/02;1400 UTC;0;1005,5;1006,1;1005,4;2417,3;32,1;21,7;32,3;30,9;22,2;20,9;58;53;54;91;7,3;3,4;
2024/06/02;1500 UTC;0;1004,8;1005,5;1004,8;2391,1;32,1;20,9;33,1;32,1;22,4;20,8;55;50;52;113;7,5;3,1;
2024/06/02;1600 UTC;0;1004,1;1004,8;1004;1785,7;33,2;20,9;33,5;31,8;22,5;20,8;55;49;49;116;8,5;2,9;
2024/06/02;1700 UTC;0;1003,2;1004,1;1003,2;1889,2;33,3;21,9;34,3;32,9;22,8;20,6;53;47;52;105;6,9;1,9;
2024/06/02;1800 UTC;0;1003;1003,2;1003;1169,8;33,2;21;33,6;32,2;22,3;20,8;56;48;49;92;5,5;2,1;
2024/06/02;1900 UTC;0;1003;1003;1002,9;846,7;33;21,1;33,5;32,6;21,9;20,7;52;48;50;108;6,2;1,5;
2024/06/02;2000 UTC;0;1003,3;1003,3;1002,9;435,9;31;21,8;33,1;31;22,3;20,3;60;48;58;119;5,6;,7;
2024/06/02;2100 UTC;0;1003,7;1003,7;1003,3;8,7;27,2;23;31;27,2;23,3;21,8;78;58;78;164;2,4;,3;
2024/06/02;2200 UTC;0;1004,2;1004,3;1003,7;;26,3;23,4;27,3;26,3;24,1;23;84;77;84;110;1,2;,2;
2024/06/02;2300 UTC;0;1004,8;1004,8;1004,2;;25,8;23,5;26,3;25,7;23,5;23;87;83;87;34;,7;0;
2024/06/03;0000 UTC;0;1005,1;1005,1;1004,8;;25,8;23,9;25,8;25,7;23,9;23,5;89;87;89;41;,3;0;
2024/06/03;0100 UTC;0;1005,2;1005,4;1005,1;;25,4;23,8;25,8;25,4;24,2;23,8;91;89;91;122;,6;,2;
2024/06/03;0200 UTC;0;1005,2;1005,3;1005,1;;25,2;23,7;25,4;25,2;23,9;23,6;92;91;91;78;,7;0;
2024/06/03;0300 UTC;0;1005,1;1005,3;1005,1;;24,7;23,5;25,2;24,6;23,7;23,2;93;91;93;74;,9;,3;
2024/06/03;0400 UTC;0;1004,8;1005,1;1004,8;;24,4;23,2;24,8;24,4;23,6;23,2;93;93;93;320;,8;0;
2024/06/03;0500 UTC;0;1004,5;1004,8;1004,5;;24;22,9;24,4;24;23,2;22,8;93;93;93;68;,6;0;
2024/06/03;0600 UTC;0;1004,4;1004,5;1004,2;;23,9;22,8;24,1;23,8;23;22,6;94;93;93;125;1;,5;
2024/06/03;0700 UTC;0;1005;1005,1;1004,4;;24,5;22,9;24,5;23,7;23,4;22,6;94;91;91;155;3,3;,7;
2024/06/03;0800 UTC;0;1005,8;1005,8;1005;;24,2;22;24,5;24,2;22,9;22;91;88;88;108;2,7;,8;
2024/06/03;0900 UTC;0;1006,6;1006,6;1005,8;16,6;24,3;22,8;24,3;24,1;22,8;21,6;91;86;91;166;2,7;,1;
2024/06/03;1000 UTC;0;1007,4;1007,4;1006,6;223,2;25,4;21,4;25,4;24,3;23,5;21,3;92;79;79;154;3;1,2;
2024/06/03;1100 UTC;0;1007,8;1007,8;1007,3;526;26,9;21,3;26,9;25,2;21,6;20,8;79;71;71;153;6,5;2,4;
2024/06/03;1200 UTC;0;1007,9;1008;1007,8;1391,6;29;21,9;29;26,8;22,4;21,1;73;65;66;124;7,2;2,8;
2024/06/03;1300 UTC;0;1007,5;1007,9;1007,5;1590,6;30,3;22,6;30,6;29;23;21,7;67;60;64;93;8,1;3,1;
2024/06/03;1400 UTC;0;1007;1007,5;1006,9;2174,4;31,5;22,1;31,6;30,3;23;21,7;63;57;58;131;8,1;2,5;
2024/06/03;1500 UTC;0;1006,1;1007;1006,1;2314,7;32;22,6;32;30,9;22,9;21,8;61;55;58;118;7;2,2;
2024/06/03;1600 UTC;0;1005;1006,1;1005;1721,7;32;22;32,9;31,3;23;21,3;58;53;56;85;6,4;3;
2024/06/03;1700 UTC;0;1004,2;1005;1004,2;1531,9;32,5;22;32,9;31,2;22,7;21,5;60;52;54;89;6,6;2,7;
2024/06/03;1800 UTC;0;1003,9;1004,2;1003,9;1376,3;32,4;21,8;33;31,9;22,5;21;57;51;54;90;5,8;2,3;
2024/06/03;1900 UTC;,4;1003,8;1003,9;1003,7;810,5;29,7;24,5;32,9;29,7;24,5;21,2;74;51;74;137;5,8;2;
2024/06/03;2000 UTC;0;1003,9;1003,9;1003,7;99,9;26,9;24,9;29,7;26,9;25,7;24,6;89;74;89;35;5,8;0;
2024/06/03;2100 UTC;0;1004,1;1004,1;1003,8;9,8;25,7;23,9;26,9;25,7;25;23,9;91;89;90;210;1,6;,7;
2024/06/03;2200 UTC;0;1004,5;1004,5;1004,1;;25;23;25,7;25;23,9;22,8;90;87;89;227;1,5;,1;
2024/06/03;2300 UTC;0;1004,9;1004,9;1004,5;;25,6;24,3;25,6;24,9;24,3;22,9;92;89;92;360;,5;0;
2024/06/04;0000 UTC;0;1005,4;1005,4;1004,9;;25,2;23,9;25,6;25,1;24,3;23,8;93;92;93;31;,6;0;
2024/06/04;0100 UTC;0;1005,6;1005,6;1005,4;;25;23,9;25,3;24,9;24,1;23,8;94;93;94;68;1,1;0;
2024/06/04;0200 UTC;0;1005,9;1005,9;1005,5;;24,7;23,6;25,3;24,7;24,3;23,6;94;93;93;90;2,1;0;
2024/06/04;0300 UTC;0;1005,5;1005,9;1005,5;;24,4;23,3;24,8;24,4;23,8;23,3;94;93;94;311;,8;,2;
2024/06/04;0400 UTC;0;1004,9;1005,6;1004,9;;24,2;23,1;24,6;24,1;23,5;23,1;94;94;94;109;,8;,1;
2024/06/04;0500 UTC;0;1004,5;1004,9;1004,4;;23,9;22,9;24,4;23,9;23,4;22,9;94;94;94;76;1;,1;
2024/06/04;0600 UTC;0;1004,3;1004,5;1004,1;;23,6;22,1;24,2;23,6;23,2;22,1;94;91;91;50;2,8;,9;
2024/06/04;0700 UTC;0;1004,3;1004,5;1004,2;;22,9;21,7;23,7;22,9;22,2;21,7;93;91;93;311;2,8;,4;
2024/06/04;0800 UTC;0;1004,6;1004,6;1004,3;;22,9;21,8;23,1;22,7;21,9;21,7;94;93;94;139;,9;,1;
2024/06/04;0900 UTC;0;1005;1005;1004,6;22;22,9;22;23;22,6;22;21,6;94;94;94;203;1,5;,2;
2024/06/04;1000 UTC;0;1005,7;1005,7;1005;386,3;24,7;20,7;25;22,9;23,1;20,5;94;78;79;149;2,6;1;
2024/06/04;1100 UTC;0;1006;1006;1005,7;962,6;27,4;20,4;27,4;24,6;21,4;19,5;79;63;66;129;4,4;1,6;
2024/06/04;1200 UTC;0;1006,1;1006,2;1006;1373,8;29,2;20,6;29,5;27,4;21,5;19,6;66;60;60;127;5,3;2;
2024/06/04;1300 UTC;0;1005,7;1006,2;1005,7;1950,6;30,7;20,6;30,7;29;21,5;20;62;54;55;110;6,4;3,1;
2024/06/04;1400 UTC;0;1005,1;1005,7;1005;2324,9;31,3;20,9;31,7;30,6;21,4;20;57;51;54;83;6,6;2,9;
2024/06/04;1500 UTC;0;1004,1;1005,1;1004,1;2436,8;32,1;20,9;32,3;31,3;21,4;20;55;50;52;90;6,5;3,1;
2024/06/04;1600 UTC;0;1003,3;1004,1;1003,3;1932,5;33,2;20,6;33,2;32,1;21,4;20,1;52;47;48;103;6,5;2,3;
2024/06/04;1700 UTC;0;1002,4;1003,3;1002,4;1862,1;33;20,2;33,8;32,8;21,4;19,9;51;45;47;130;5,9;1,9;
2024/06/04;1800 UTC;0;1002,1;1002,4;1002,1;866,2;32;21,1;33;31,9;22;19,9;55;46;53;149;5,5;1,5;
2024/06/04;1900 UTC;0;1002,2;1002,2;1002;744,6;32,5;21,7;33,5;32;22,8;20;58;46;53;97;4,3;1,3;
2024/06/04;2000 UTC;0;1002,4;1002,5;1002,2;292,5;28,8;24,2;32,5;28,8;24,4;21,5;76;52;76;186;2,9;,1;
2024/06/04;2100 UTC;0;1003;1003;1002,4;9,2;27;22,7;28,8;27;24,4;21,7;78;68;77;188;2,2;,4;
2024/06/04;2200 UTC;0;1003,8;1003,8;1003;;26,1;23,4;27;26,1;23,5;22;85;76;85;339;1,5;,2;
2024/06/04;2300 UTC;0;1004,5;1004,5;1003,8;;25,6;23,2;26,2;25,6;23,6;23,1;87;84;87;316;1,1;0;
2024/06/05;0000 UTC;0;1005;1005;1004,4;;25,9;24,2;25,9;25,4;24,2;23,2;91;87;90;9;,8;0;
2024/06/05;0100 UTC;0;1005,4;1005,4;1005;;25,9;24,4;26,2;25,9;24,5;24,1;91;90;91;39;,8;0;
2024/06/05;0200 UTC;,2;1005,6;1006;1005,3;;25,5;22,9;26,1;25,5;24,6;22,6;92;83;86;5;4,3;1,9;
2024/06/05;0300 UTC;0;1005,8;1006,2;1005,6;;25,2;23,3;25,5;25,2;24,1;22,9;92;86;89;64;5,4;1,2;
2024/06/05;0400 UTC;,2;1005,1;1005,8;1005,1;;24,8;22,5;25,2;24,8;23,2;22,5;89;87;87;30;4;2,1;
2024/06/05;0500 UTC;0;1004,2;1005,1;1004,1;;24,5;22,7;24,9;24,5;22,9;22,1;90;86;90;212;3,4;,5;
2024/06/05;0600 UTC;0;1004;1004,2;1003,8;;24,3;23,1;24,5;24,2;23,1;22,8;93;90;93;199;1,9;1,1;
2024/06/05;0700 UTC;0;1004,4;1004,4;1004;;24,2;22,9;24,6;24,2;23,2;22,9;93;92;92;14;1,9;0;
2024/06/05;0800 UTC;0;1004,6;1004,6;1004,4;;23,9;22,8;24,3;23,9;23;22,8;93;92;93;141;1;0;
2024/06/05;0900 UTC;0;1005;1005;1004,6;24,6;23,9;22,8;23,9;23,6;22,8;22,5;94;93;94;136;,4;0;
2024/06/05;1000 UTC;0;1005,6;1005,6;1005;456,3;26,1;22,8;26,2;23,9;23,9;22,4;94;81;82;195;1,8;1;
2024/06/05;1100 UTC;0;1006,1;1006,1;1005,6;942,2;28,2;21,1;28,3;26;23,1;20,4;82;64;65;130;4,9;2,1;
2024/06/05;1200 UTC;0;1006,1;1006,2;1006,1;1436;29,9;21,4;30,1;28,2;22,1;20,6;67;60;60;115;6,9;2,6;
2024/06/05;1300 UTC;0;1005,7;1006,1;1005,7;1968,4;31,1;22;31,3;29,9;22,6;21;62;58;58;115;6;2;
2024/06/05;1400 UTC;0;1005;1005,7;1005;1810,5;30,5;22,2;32;30,3;22,9;20,9;62;55;62;87;6,8;2,5;
2024/06/05;1500 UTC;0;1004,1;1005;1004,1;2291,1;32,3;21,7;32,8;30,5;22,9;21,1;62;51;54;95;5,6;2,3;
2024/06/05;1600 UTC;0;1003,3;1004,1;1003,3;1904,4;32,1;21,4;33,3;32,1;22,4;21;56;50;53;149;6,7;1,8;
2024/06/05;1700 UTC;0;1002,3;1003,3;1002,3;1632;32,6;20,5;33,6;32,1;22,1;20,3;54;47;49;102;4,7;1,9;
2024/06/05;1800 UTC;0;1001,8;1002,3;1001,8;1276,8;32,5;22,2;33,8;32,5;22,2;20,5;55;46;55;144;5,4;1,2;
2024/06/05;1900 UTC;0;1001,8;1001,8;1001,7;637,3;32,9;21,1;33,1;31,2;23,7;20,8;64;49;50;131;3,9;1,4;
2024/06/05;2000 UTC;0;1002;1002;1001,7;215;29,2;23,6;32,9;29,2;23,6;21,1;72;50;72;203;3,2;,8;
2024/06/05;2100 UTC;0;1002,7;1002,7;1002;14,3;27,7;23;29,2;27,7;23,9;22;76;68;76;202;2,6;,7;
2024/06/05;2200 UTC;5;1003,6;1004;1002,7;;25,1;23,6;27,7;25,1;23,6;21,2;92;68;91;222;8,4;,5;
2024/06/05;2300 UTC;0;1004,3;1004,3;1003,6;;25,3;24,1;25,5;25;24,3;23,6;93;91;93;309;2,8;,6;
2024/06/06;0000 UTC;0;1004,8;1004,9;1004,3;;24,8;23;25,5;24,8;24,2;23;93;89;90;344;5,5;1,2;
2024/06/06;0100 UTC;,8;1005,7;1005,8;1004,8;;24,9;22,9;25;24,7;23,6;22,8;93;88;89;72;4,7;1;
2024/06/06;0200 UTC;3;1005,5;1005,7;1005,3;;24,8;23,5;24,9;24,7;23,6;23;93;89;93;322;3;,2;
2024/06/06;0300 UTC;0;1005,1;1005,7;1005,1;;24,8;23,7;24,9;24,7;23,7;23,6;93;93;93;318;1,8;,7;
2024/06/06;0400 UTC;0;1004,3;1005,1;1004,3;;25;23,9;25;24,8;23,9;23,7;94;93;94;343;1,2;,2;
2024/06/06;0500 UTC;0;1003,9;1004,3;1003,9;;25;23,9;25;24,9;24;23,9;94;94;94;90;1,1;,4;
2024/06/06;0600 UTC;0;1003,8;1003,9;1003,7;;24,8;23,8;25;24,8;24;23,8;94;94;94;61;1,1;,2;
2024/06/06;0700 UTC;0;1003,8;1003,9;1003,7;;24,2;23,1;24,8;24,2;23,8;23,1;94;94;94;27;2,2;,5;
2024/06/06;0800 UTC;,2;1004,5;1004,5;1003,8;;24;22,9;24,2;23,9;23,1;22,9;94;94;94;229;1,5;,1;
2024/06/06;0900 UTC;,2;1005,1;1005,1;1004,5;19,5;24,4;23,4;24,4;23,9;23,4;22,9;94;94;94;63;1,1;,1;
2024/06/06;1000 UTC;0;1005,9;1005,9;1005,1;154,1;25,1;23,9;25,1;24,3;24;23,3;94;93;93;96;1;,1;
2024/06/06;1100 UTC;0;1006,5;1006,5;1005,9;710,6;26,5;22,5;26,5;25,1;24,6;22,5;93;79;79;104;2,1;,6;
2024/06/06;1200 UTC;0;1006,5;1006,6;1006,5;1150;28,2;22,6;28,3;26,5;23,3;21,5;81;71;72;113;4,7;1,1;
2024/06/06;1300 UTC;0;1006,2;1006,6;1006,2;1693,5;30,6;23,3;30,6;28;23,5;22;74;64;65;123;6;2,1;
2024/06/06;1400 UTC;0;1005,3;1006,3;1005,3;2366,9;30,5;22,1;31,6;30,3;23,5;22;65;58;61;108;6,3;2,8;
2024/06/06;1500 UTC;0;1004,5;1005,3;1004,5;2081,5;32;23,2;32;30,5;23,4;22,2;65;58;60;123;7,1;2,7;
2024/06/06;1600 UTC;0;1003,5;1004,6;1003,5;1750,1;31,6;22,4;32,5;31,2;23,9;21,9;64;55;58;102;6,7;3,1;
2024/06/06;1700 UTC;0;1002,8;1003,6;1002,8;1355,5;32;21,9;32,4;30,9;23,7;21,9;65;55;55;93;5,9;2,2;
2024/06/06;1800 UTC;0;1002,3;1002,8;1002,3;1301,6;31,9;23,2;32,8;31,7;23,2;22;60;54;60;99;5,2;1,9;
2024/06/06;1900 UTC;0;1002,5;1002,5;1002,2;944,5;31,8;22,2;32,5;31,8;23,2;22;60;55;57;84;4,5;2,2;
2024/06/06;2000 UTC;0;1002,5;1002,7;1002,5;223;28,4;24,5;31,8;28,4;24,5;22,3;80;57;80;97;4,5;,1;
2024/06/06;2100 UTC;0;1002,9;1002,9;1002,5;7,7;26,6;24,2;28,4;26,6;25,2;24;86;80;86;30;1,2;0;
2024/06/06;2200 UTC;0;1003,7;1003,7;1002,9;;26,3;23,4;26,7;26,2;24,4;23,4;88;84;84;202;2,5;1;
2024/06/06;2300 UTC;0;1004,5;1004,5;1003,7;;25,7;24;26,4;25,7;24,3;22,9;90;83;90;318;2,1;,2;
2024/06/07;0000 UTC;0;1005;1005;1004,5;;25,8;24,4;25,9;25,7;24,5;24,1;92;90;92;6;,8;0;
2024/06/07;0100 UTC;0;1005,3;1005,3;1005;;25,8;24,5;26;25,7;24,6;24,4;93;92;93;144;,7;0;
2024/06/07;0200 UTC;0;1005,2;1005,3;1005,1;;25,5;24,2;25,9;25,5;24,6;24,2;93;93;93;78;1;,4;
2024/06/07;0300 UTC;0;1005;1005,2;1005;;25,6;24,5;25,6;25,2;24,5;24;93;93;93;31;1,3;0;
2024/06/07;0400 UTC;0;1004,8;1005,1;1004,7;;25,1;23,9;25,6;25,1;24,5;23,9;93;93;93;94;2,1;,7;
2024/06/07;0500 UTC;0;1004,7;1004,9;1004,6;;24,8;22,2;25,3;24,8;23,9;21,9;93;84;85;99;3,1;,6;
2024/06/07;0600 UTC;0;1004,9;1004,9;1004,7;;24,2;22,4;24,8;24,2;22,7;22,1;90;85;90;92;1,9;,6;
2024/06/07;0700 UTC;0;1005;1005;1004,9;;23,5;21,5;24,3;23,5;22,5;21,5;91;88;88;98;1,8;,6;
2024/06/07;0800 UTC;0;1005,7;1005,7;1005;;22,9;21,6;23,5;22,9;21,7;21,4;92;88;92;24;1,8;,3;
2024/06/07;0900 UTC;0;1006,2;1006,2;1005,7;22,1;22,9;21,8;23;22,8;21,8;21,6;93;92;93;34;1,2;,4;
2024/06/07;1000 UTC;0;1006,9;1006,9;1006,1;417,3;25,6;20,5;25,8;22,9;22,6;20,2;94;72;73;106;3,1;1,3;
2024/06/07;1100 UTC;0;1007,7;1007,7;1006,8;958,7;27,4;20,2;27,5;25,7;21,1;19,9;74;65;65;129;5,9;2,2;
2024/06/07;1200 UTC;0;1008,1;1008,1;1007,7;1388,7;29,2;20,7;29,5;27,4;21,5;20,2;66;59;60;123;6,1;1,9;
2024/06/07;1300 UTC;0;1007,6;1008,1;1007,5;1923,8;29,9;20,8;30,1;29;21,4;20;62;57;58;139;7,6;2,8;
2024/06/07;1400 UTC;0;1007,1;1007,6;1007,1;2227,6;30,8;20,9;31;29,9;22;20,4;60;55;56;124;7,6;2,7;
2024/06/07;1500 UTC;0;1006,3;1007,1;1006,3;2379,7;31,8;21,1;32,1;30,4;21,9;20,5;59;52;53;94;7,7;2,9;
2024/06/07;1600 UTC;0;1005,6;1006,3;1005,6;1829,1;31,5;21;32,4;31,3;22,1;20,6;57;52;54;106;6,1;2,2;
2024/06/07;1700 UTC;0;1004,7;1005,6;1004,7;1469,5;32,2;21,8;32,3;31,3;22;20,6;57;51;55;82;5,3;2,4;
2024/06/07;1800 UTC;0;1004;1004,7;1004;1402,5;32,5;21,3;32,9;32,1;22,2;20,3;55;49;52;105;5,6;1,4;
2024/06/07;1900 UTC;0;1004;1004;1003,9;848,2;32,2;21,1;32,5;31,9;22,2;20,5;56;50;52;98;3,9;1,6;
2024/06/07;2000 UTC;0;1004,3;1004,3;1004;388,1;29,5;24,1;32,3;29,5;24,3;21;73;52;73;93;2,9;,5;
2024/06/07;2100 UTC;0;1004,7;1004,7;1004,3;15,3;26,7;23,4;29,5;26,7;24,5;23;83;73;82;94;1,7;,1;
2024/06/07;2200 UTC;0;1004,9;1004,9;1004,7;;26,4;23,5;26,8;26,2;23,9;22,3;85;79;84;62;,8;0;
2024/06/07;2300 UTC;0;1005,5;1005,5;1004,9;;26,2;24,1;26,4;26,1;24,4;23,4;89;84;88;45;1,1;,1;
2024/06/08;0000 UTC;0;1006;1006,1;1005,5;;26,5;24,4;26,6;26,2;25;24,1;91;88;88;117;3,3;1,3;
2024/06/08;0100 UTC;0;1006;1006;1005,8;;25,7;24,1;26,5;25,6;24,4;24;91;86;91;19;3,3;,9;
2024/06/08;0200 UTC;0;1006,2;1006,4;1006;;25,9;23,8;25,9;25,6;24,1;22,9;91;85;88;344;2,5;0;
2024/06/08;0300 UTC;0;1006,2;1006,3;1006,2;;25,5;23,8;26;25,3;23,9;23,2;90;87;90;159;1,4;,6;
2024/06/08;0400 UTC;0;1005,7;1006,2;1005,7;;24,7;23,2;25,6;24,7;23,8;23,2;91;90;91;102;1,3;,1;
2024/06/08;0500 UTC;0;1005,4;1005,7;1005,4;;24;22,3;24,7;24;23,2;22,2;92;90;90;46;1,8;,5;
2024/06/08;0600 UTC;0;1005,4;1005,4;1005,3;;23,6;22,1;24;23,6;22,5;22,1;92;90;92;97;1,8;,4;
2024/06/08;0700 UTC;0;1005,6;1005,6;1005,3;;24,3;21,4;24,3;23,6;22,2;21,3;92;84;84;93;3,4;1,1;
2024/06/08;0800 UTC;0;1005,7;1005,8;1005,5;;24,8;21,1;24,9;24,3;21,5;20,8;84;79;80;113;4,1;,8;
2024/06/08;0900 UTC;0;1006;1006;1005,7;16,1;24,8;21,3;24,8;24,7;21,3;20,9;81;79;81;171;3,8;1;
2024/06/08;1000 UTC;0;1006,9;1006,9;1006;196,4;25,8;21,7;25,8;24,8;21,8;21,1;81;77;78;101;6;1,2;
2024/06/08;1100 UTC;0;1007,4;1007,4;1006,9;657,8;27,5;21,7;27,5;25,8;22,2;21,4;79;70;70;120;7,9;2,1;
2024/06/08;1200 UTC;0;1007,6;1007,6;1007,4;1375,4;29,5;22,2;29,6;27,5;22,4;21,2;70;63;65;106;8;3,1;
2024/06/08;1300 UTC;0;1007,4;1007,6;1007,4;1970,5;31;22;31;29,5;22,9;21,8;65;59;59;116;7,6;2,6;
2024/06/08;1400 UTC;0;1007,2;1007,4;1007,2;1603,6;31,1;22,1;31,5;30;23,7;21,7;65;57;59;94;7,1;2,7;
2024/06/08;1500 UTC;0;1006,5;1007,2;1006,5;2369,1;32,4;21,8;32,5;30,6;23;21,2;61;53;54;108;7,3;2,6;
2024/06/08;1600 UTC;0;1005,7;1006,5;1005,7;1625,5;32,5;21,9;32,6;31,2;22,4;21,2;59;52;54;98;7,6;2,7;
2024/06/08;1700 UTC;0;1005;1005,7;1004,9;1748,5;33,3;21,7;33,5;31,9;22,5;20,5;56;48;51;117;5,9;2,2;
2024/06/08;1800 UTC;0;1004,4;1005;1004,4;1307,8;33,2;21,4;33,6;32,3;22,3;20,8;54;48;50;117;5,5;1,4;
2024/06/08;1900 UTC;0;1004,3;1004,5;1004,3;922,8;32,9;22,3;33,5;32,3;22,7;21,1;57;49;54;106;4,5;1,7;
2024/06/08;2000 UTC;0;1004,7;1004,7;1004,3;144,9;29;22,5;32,9;29;23,7;21,6;70;52;68;110;4,3;,6;
2024/06/08;2100 UTC;0;1004,8;1004,8;1004,7;7;26,5;23,3;29;26,5;23,6;22,6;83;68;83;147;2,3;,2;
2024/06/08;2200 UTC;0;1005,2;1005,2;1004,8;;25,9;22,8;26,5;25,9;23,6;22,5;85;80;83;139;1,2;,1;
2024/06/08;2300 UTC;0;1005,6;1005,6;1005,2;;26,5;22,8;26,6;25,8;23,3;22,4;85;79;80;201;2,8;,6;
2024/06/09;0000 UTC;0;1006,1;1006,1;1005,6;;26;23,2;26,5;25,9;23,2;22,5;85;79;85;208;2;,2;
2024/06/09;0100 UTC;0;1006,2;1006,2;1006;;25,4;23,7;26;25,2;23,7;23,3;91;85;91;20;,9;,1;
2024/06/09;0200 UTC;0;1006,3;1006,6;1006,2;;26,2;21,8;26,3;25,4;24,1;21,6;91;76;77;182;3,5;,6;
2024/06/09;0300 UTC;0;1005,8;1006,4;1005,8;;25,4;22,6;26,2;25,3;22,7;21,8;85;77;84;194;2,3;1;
2024/06/09;0400 UTC;0;1005,2;1005,8;1005,2;;24,8;22,7;25,5;24,8;22,7;22,5;88;84;88;193;2,5;,2;
2024/06/09;0500 UTC;0;1004,8;1005,2;1004,8;;24,3;22,9;24,8;24,1;22,9;22,6;92;88;92;5;1,3;,2;
2024/06/09;0600 UTC;0;1004,8;1004,8;1004,5;;23,5;22,2;24,3;23,5;22,9;22,1;92;91;92;301;2,2;,3;
2024/06/09;0700 UTC;0;1004,9;1004,9;1004,6;;23,7;22,5;23,7;23,4;22,5;22,1;93;92;93;161;,9;,1;
2024/06/09;0800 UTC;0;1005;1005;1004,8;;23,7;22,5;23,9;23,6;22,8;22,5;94;93;93;112;,9;,2;
2024/06/09;0900 UTC;0;1005,5;1005,5;1005;18,9;24,2;21;24,2;23,7;22,6;20,8;93;82;82;108;4,3;1,7;
2024/06/09;1000 UTC;0;1006;1006;1005,4;368,3;26,1;21,2;26,1;24,2;21,2;20,6;82;73;74;104;5,1;2;
2024/06/09;1100 UTC;0;1006,5;1006,5;1006;960,5;27,8;21,4;28;26,1;21,9;20,8;75;67;68;113;6,3;2,3;
2024/06/09;1200 UTC;0;1006,4;1006,6;1006,4;1306,9;28,3;21,6;29;27,8;22;21,3;69;64;67;112;7,3;3,4;
2024/06/09;1300 UTC;0;1006,2;1006,4;1006,2;1674,3;29,3;21,7;30;28,2;22,2;21,3;67;61;64;116;8,4;3,3;
2024/06/09;1400 UTC;0;1005,6;1006,2;1005,6;1990,7;30,3;21,4;31,3;29,3;22,3;21,4;64;58;59;134;8,2;2,6;
2024/06/09;1500 UTC;0;1004,8;1005,6;1004,8;1859,2;31,4;22,1;31,9;30;22,5;21,3;62;56;58;140;7,4;2,1;
2024/06/09;1600 UTC;0;1003,7;1004,8;1003,6;1928,8;32,5;21,5;32,5;31,4;22,7;20,9;59;52;52;133;7,9;2,2;
2024/06/09;1700 UTC;0;1002,5;1003,7;1002,5;1633,8;32,2;21,4;33,1;32;22,2;20,9;56;50;53;162;7,1;1,8;
2024/06/09;1800 UTC;0;1002;1002,5;1002;1187,7;33;21,5;33,4;32,1;22,5;20,7;55;49;51;128;5,6;1,9;
2024/06/09;1900 UTC;0;1001,9;1002,1;1001,9;672,2;32,3;21,3;33;31,8;22,2;20,5;56;49;52;107;6,6;2,7;
2024/06/09;2000 UTC;0;1002,5;1002,5;1001,9;175,5;30,4;21,5;32,5;30,4;22;20,9;61;51;59;110;5,6;,9;
2024/06/09;2100 UTC;0;1002,9;1002,9;1002,5;6,7;26,9;22,6;30,4;26,9;23,2;21,7;78;59;77;127;3,4;,1;
2024/06/09;2200 UTC;0;1003,5;1003,5;1002,9;;25,9;23;26,9;25,9;23,1;22,4;84;77;84;349;1,1;,3;
2024/06/09;2300 UTC;0;1004,2;1004,2;1003,5;;26;23,7;26,1;25,8;23,8;23,1;88;84;87;255;1,4;,3;
2024/06/10;0000 UTC;0;1004,9;1004,9;1004,2;;25,4;23,8;26;25,3;23,8;23,3;91;87;91;23;1,1;0;
2024/06/10;0100 UTC;0;1005,1;1005,2;1005;;24,9;23,6;25,5;24,9;24,2;23,5;93;90;92;65;1,1;,3;
2024/06/10;0200 UTC;0;1005,3;1005,3;1005,1;;24,5;23,2;25;24,5;23,8;23,2;93;92;93;325;1;0;
2024/06/10;0300 UTC;0;1005;1005,4;1005;;24;22,8;24,5;24;23,3;22,8;93;93;93;333;,6;,1;
2024/06/10;0400 UTC;0;1004,5;1005;1004,5;;23,3;22,1;24;23,3;22,8;22,1;94;93;93;11;1,4;,3;
2024/06/10;0500 UTC;0;1004,2;1004,4;1004,1;;23,5;22,3;23,6;23,2;22,3;22;93;93;93;318;2,1;,2;
2024/06/10;0600 UTC;0;1004;1004,2;1004;;23,3;21,7;23,6;23,2;22,3;21,1;93;88;91;124;1,3;,2;
2024/06/10;0700 UTC;0;1004;1004,1;1004;;22,6;21,3;23,3;22,5;21,7;21,2;93;91;93;304;,9;,1;
2024/06/10;0800 UTC;0;1004,3;1004,3;1004;;22,6;21,4;22,9;22,6;21,8;21,3;93;93;93;83;1;,1;
2024/06/10;0900 UTC;0;1004,5;1004,5;1004,2;32,3;23;21,9;23;22,5;21,9;21,3;94;93;94;121;,7;,1;
2024/06/10;1000 UTC;0;1005,2;1005,2;1004,5;392,8;24,9;20,2;24,9;23;22,5;19,9;94;75;75;110;3;1,3;
2024/06/10;1100 UTC;0;1005,9;1005,9;1005,2;953,8;27,8;19,5;27,8;24,9;20,4;19,1;76;61;61;125;5;2,1;
2024/06/10;1200 UTC;0;1006,3;1006,3;1005,9;1236,7;29;19,9;29,1;27,3;20,5;19,4;65;58;58;111;7,2;3;
2024/06/10;1300 UTC;0;1006;1006,3;1006;1800,2;30,1;19,9;30,1;29;20,9;19,4;60;54;54;108;8,3;3,5;
2024/06/10;1400 UTC;0;1005,6;1006;1005,6;2119,6;30,5;20,4;31;30;21,1;19,9;57;53;55;120;8,2;2,7;
2024/06/10;1500 UTC;0;1005;1005,6;1005;2009,8;31,2;20,4;31,6;30,4;21,2;19,7;57;49;53;102;6,6;3,2;
2024/06/10;1600 UTC;0;1004,1;1005;1004,1;1990,1;32;20,5;32,3;30,9;21,2;19,7;56;49;51;81;6,2;2,3;
2024/06/10;1700 UTC;0;1003,1;1004,1;1003,1;1875,4;33;19,5;33,1;31,8;21,3;19,4;54;45;45;116;6,2;1,9;
2024/06/10;1800 UTC;0;1002,7;1003,1;1002,7;1255,7;33,4;19,9;33,4;32,3;20,8;19,1;49;44;45;136;4,7;1,3;
2024/06/10;1900 UTC;0;1002,5;1002,7;1002,5;947,3;32,9;19,5;33,5;32,9;20,9;18,1;49;41;45;120;4,2;1;
2024/06/10;2000 UTC;0;1002,5;1002,6;1002,4;365,4;28,8;22,9;32,9;28,8;23;19,4;71;45;70;142;2,8;,2;
2024/06/10;2100 UTC;0;1002,8;1002,8;1002,5;13,5;25,6;20,3;28,8;25,6;23,3;19,9;77;70;72;189;1,4;0;
2024/06/10;2200 UTC;0;1003,4;1003,4;1002,8;;25,1;22;25,7;25;22;20,1;83;73;83;314;,8;,1;
2024/06/10;2300 UTC;0;1004;1004;1003,4;;24,7;22,5;25,1;24,7;22,6;21,8;88;83;88;65;1,5;,2;
2024/06/11;0000 UTC;0;1004,7;1004,7;1004;;24,3;22,6;24,9;24,3;23;22,5;90;88;90;62;,7;,2;
2024/06/11;0100 UTC;0;1005;1005;1004,6;;24;22,7;24,5;23,9;23;22,5;92;90;92;126;1,3;,3;
2024/06/11;0200 UTC;0;1005,3;1005,4;1005;;23,5;22,1;24,1;23,5;22,7;22,1;93;91;92;86;1,8;,3;
2024/06/11;0300 UTC;0;1004,7;1005,4;1004,7;;23,2;22,1;23,6;23,2;22,4;21,9;93;92;93;150;,9;,2;
2024/06/11;0400 UTC;0;1004;1004,7;1004;;22,7;21,6;23,3;22,7;22,1;21,5;94;93;94;104;1,1;,1;
2024/06/11;0500 UTC;0;1003,7;1004;1003,7;;21,9;20,9;22,7;21,9;21,6;20,9;94;93;94;4;,4;0;
2024/06/11;0600 UTC;0;1003,4;1003,7;1003,4;;21,6;20,6;22,3;21,6;21,3;20,6;94;94;94;73;,5;0;
2024/06/11;0700 UTC;0;1003,7;1003,7;1003,5;;21,5;20,6;21,7;21,5;20,7;20,5;94;94;94;102;,9;0;
2024/06/11;0800 UTC;0;1004;1004;1003,7;;21,3;20,4;21,5;21,2;20,6;20,2;95;94;95;132;,6;,1;
2024/06/11;0900 UTC;0;1004,8;1004,8;1004;17,5;21,2;20,1;21,4;21,1;20,5;20;95;93;93;195;2;,4;
2024/06/11;1000 UTC;0;1005,6;1005,6;1004,8;376,4;23,2;18,6;23,2;21,2;20,8;18,2;93;75;76;157;3,6;1;
2024/06/11;1100 UTC;0;1006,4;1006,4;1005,6;936,8;26,1;19,1;26,1;23,2;19,3;18,1;75;65;66;118;5,8;2,5;
2024/06/11;1200 UTC;0;1006,8;1006,8;1006,4;1418,4;28,7;19,8;28,7;26,1;20,3;18,8;67;58;59;117;7,1;3,1;
2024/06/11;1300 UTC;0;1006,6;1006,9;1006,6;1931,5;29,9;19,4;30,1;28,4;20,1;19;59;52;53;115;8,7;3,5;
2024/06/11;1400 UTC;0;1006,2;1006,7;1006,2;2262,1;31,2;20;31,2;29,9;20;18,8;54;50;51;106;9,2;3,4;
2024/06/11;1500 UTC;0;1005,6;1006,2;1005,6;2361,6;31,7;19,8;32,1;31,2;20,7;19,2;52;48;49;124;7,4;2,6;
2024/06/11;1600 UTC;0;1004,9;1005,6;1004,9;1893,8;32,2;20,1;32,6;31,7;20,6;19,1;51;46;49;136;7,3;2,1;
2024/06/11;1700 UTC;0;1004,2;1004,9;1004,1;1575,4;31,9;20,1;32,8;31,7;20,7;19;51;45;50;129;6,8;1,8;
2024/06/11;1800 UTC;0;1003,9;1004,2;1003,8;1179,6;32,4;19,5;32,9;31,2;20,4;18,3;52;42;47;114;5,5;1,9;
2024/06/11;1900 UTC;0;1003,8;1003,9;1003,7;953,1;32,4;19,3;33;32,3;20,2;18,7;47;43;46;142;5,3;1,1;
2024/06/11;2000 UTC;0;1004;1004;1003,7;380,7;29,8;19,5;32,4;29,8;20,4;18,8;55;44;54;172;3,7;,6;
2024/06/11;2100 UTC;0;1004,1;1004,1;1004;11,9;26,2;21,2;29,8;26,2;21,3;19,3;75;54;74;174;2,2;,3;
2024/06/11;2200 UTC;0;1004,4;1004,4;1004,1;;25;20,8;26,2;24,9;21,4;20,3;78;72;77;323;1,7;,1;
2024/06/11;2300 UTC;0;1004,7;1004,7;1004,4;;24,6;22,1;25;24,5;22,1;20,7;86;77;86;21;,5;0;
2024/06/12;0000 UTC;0;1005,1;1005,1;1004,7;;24,8;23;24,8;24,5;23,1;22;90;86;90;72;,7;,3;
2024/06/12;0100 UTC;0;1005;1005,1;1005;;24,1;22,6;24,8;24,1;23,1;22,6;91;90;91;66;,7;,2;
2024/06/12;0200 UTC;0;1004,8;1005;1004,8;;23,4;22,1;24,1;23,4;22,7;22,1;93;91;93;77;,7;,2;
2024/06/12;0300 UTC;0;1004,6;1004,9;1004,6;;23;21,9;23,4;23;22,3;21,9;93;93;93;91;,7;,2;
2024/06/12;0400 UTC;0;1004,4;1004,7;1004,4;;22,4;21,3;23;22,4;21,9;21,3;94;93;93;171;2,7;,2;
2024/06/12;0500 UTC;0;1003,6;1004,4;1003,6;;22,1;21;22,5;22;21,4;20,9;94;93;94;292;1,1;0;
2024/06/12;0600 UTC;0;1003,5;1003,6;1003,4;;21,9;20,9;22,1;21,6;21;20,5;94;94;94;96;,5;,1;
2024/06/12;0700 UTC;0;1004;1004;1003,5;;21,5;20,6;21,9;21,4;20,9;20,5;94;94;94;60;,8;0;
2024/06/12;0800 UTC;,2;1004,2;1004,2;1004;;21;20,1;21,8;21;20,9;20,1;95;94;94;121;,6;0;
2024/06/12;0900 UTC;0;1004,7;1004,7;1004,2;20;21,5;20,6;21,5;21;20,7;20,1;95;94;95;199;1,8;,2;
2024/06/12;1000 UTC;0;1005,5;1005,5;1004,7;415,1;23;18,3;23,3;21,5;22,2;18,3;95;74;75;170;2,6;1,1;
2024/06/12;1100 UTC;0;1006;1006;1005,5;948,5;26,8;18,6;26,8;23;18,8;17,6;75;60;61;120;4,1;1,5;
2024/06/12;1200 UTC;0;1006,1;1006,2;1006;1439,8;28,5;19,3;28,5;26,6;19,8;18;61;58;58;94;6,3;2,6;
2024/06/12;1300 UTC;0;1005,9;1006,1;1005,9;1940,8;29,8;19,4;29,9;28,3;19,9;18,6;59;53;54;112;7,7;2,5;
2024/06/12;1400 UTC;0;1005,4;1005,9;1005,4;2255,8;31;20,2;31;29,5;20,3;18,9;56;49;53;105;7,1;3,2;
2024/06/12;1500 UTC;0;1004,7;1005,5;1004,7;2412,4;31,9;19,7;31,9;31;20,6;19,2;53;48;49;102;6,5;3,5;
2024/06/12;1600 UTC;0;1003,8;1004,7;1003,8;1968;32,4;20,1;32,8;31,8;20,8;19,2;51;45;49;90;6,7;2,9;
2024/06/12;1700 UTC;0;1003,1;1003,8;1003,1;1820,8;32,9;19,1;33,3;32,4;21,2;19,1;50;44;44;115;6,9;3;
2024/06/12;1800 UTC;0;1002,5;1003,1;1002,5;1448,6;33,3;19,8;33,8;32,9;20,5;19,1;47;42;45;134;6,7;2,1;
2024/06/12;1900 UTC;0;1002,4;1002,5;1002,3;903,9;32,6;19,6;33,7;32,5;20,3;19,1;47;43;46;101;5,7;2,1;
2024/06/12;2000 UTC;0;1003;1003;1002,4;296;29,3;22,8;32,7;29,3;23,3;19,8;69;46;68;119;4,4;,4;
2024/06/12;2100 UTC;0;1003,4;1003,4;1003;14,4;26,9;22,5;29,3;26,9;23,4;21,6;77;68;77;186;1,9;,2;
2024/06/12;2200 UTC;0;1004;1004;1003,4;;26,5;21,8;26,9;26,3;22,8;21,5;80;74;76;5;1;0;
2024/06/12;2300 UTC;0;1004,7;1004,7;1004;;26,5;23,3;26,9;26,4;23,6;21,6;83;75;83;32;,7;,1;
2024/06/13;0000 UTC;0;1005,2;1005,2;1004,7;;25,6;23,3;26,5;25,6;23,6;23,2;87;83;87;182;1,4;,3;
2024/06/13;0100 UTC;0;1005,4;1005,4;1005,2;;25,4;20,3;25,7;25;23,6;20,3;89;73;73;93;3,9;,9;
2024/06/13;0200 UTC;0;1005,2;1005,4;1005,1;;25,7;20,6;26,6;25,4;20,7;19,8;74;67;74;96;3,9;1;
2024/06/13;0300 UTC;0;1004,6;1005,2;1004,5;;25,6;20;26,1;25,6;20,6;19,6;74;68;71;87;4,2;1,2;
2024/06/13;0400 UTC;0;1004,2;1004,6;1004,2;;23,2;21;25,6;23,2;21,2;20,1;88;71;88;313;2,9;0;
2024/06/13;0500 UTC;0;1003,6;1004,2;1003,6;;22,6;20,7;23,2;22,6;21;20,7;90;88;89;24;,8;,1;
2024/06/13;0600 UTC;0;1003,7;1003,7;1003,6;;22,3;20,9;22,6;22,3;21;20,7;92;89;92;314;,6;0;
2024/06/13;0700 UTC;0;1003,9;1003,9;1003,7;;21,9;20,5;22,3;21,9;21;20,5;93;92;92;265;1;0;
2024/06/13;0800 UTC;0;1004,3;1004,3;1003,9;;21,6;20,3;21,9;21,6;20,6;20,3;93;92;92;6;,8;0;
2024/06/13;0900 UTC;0;1004,6;1004,6;1004,3;19,6;22,8;19,1;22,8;21,5;20,4;19,1;93;79;79;113;4,9;2,1;
2024/06/13;1000 UTC;0;1005,3;1005,3;1004,6;407,8;25,7;19,7;25,7;22,8;19,8;19,1;80;69;70;132;5,7;2,1;
2024/06/13;1100 UTC;0;1005,7;1005,7;1005,3;951;27,3;20,4;27,5;25,7;20,7;19,7;70;65;66;133;7,9;2,5;
2024/06/13;1200 UTC;0;1005,6;1006;1005,6;1435,4;28,9;20;29,3;27,3;20,8;19,9;67;58;59;122;8,1;2,9;
2024/06/13;1300 UTC;0;1005,4;1005,7;1005,4;1933,9;30,6;19,8;30,6;28,9;20,3;19,1;60;51;53;122;8,1;3,4;
2024/06/13;1400 UTC;0;1004,8;1005,4;1004,8;2243,7;31,2;19,4;31,6;30,4;20,4;19,2;54;49;49;128;8,2;3;
2024/06/13;1500 UTC;0;1004,2;1004,9;1004,2;2418,6;31,7;19,9;32;31,1;20,4;19,2;52;48;50;101;9,2;2,9;
2024/06/13;1600 UTC;0;1003,3;1004,2;1003,3;1972,9;32,6;19,8;32,9;31,7;20,1;19;50;44;47;95;5,6;2,4;
2024/06/13;1700 UTC;0;1002,6;1003,3;1002,6;1592,6;32,9;19,2;33,6;32;20,4;18,7;50;43;44;113;5,2;2,1;
2024/06/13;1800 UTC;0;1002,2;1002,6;1002,1;1430,1;33,5;19,5;33,6;32,7;20,1;18,1;47;41;44;150;5,1;1,4;
2024/06/13;1900 UTC;0;1002,2;1002,2;1002,1;881;32,8;18,4;33,5;32,8;19,9;17,9;47;40;43;196;4,3;,9;
2024/06/13;2000 UTC;0;1002,3;1002,3;1002,2;367;29,7;19,6;33;29,7;22;18,2;61;42;55;185;3,5;,9;
2024/06/13;2100 UTC;0;1002,9;1002,9;1002,3;6,2;25,9;20;29,7;25,9;21,1;19,3;73;54;70;215;2,6;0;
2024/06/13;2200 UTC;0;1003,6;1003,6;1002,9;;25,2;21,5;25,9;25,2;21,5;20;80;70;80;301;1,2;0;
2024/06/13;2300 UTC;0;1004,2;1004,2;1003,6;;24,9;22,5;25,1;24,8;22,5;21,3;87;80;87;26;,7;,1;
2024/06/14;0000 UTC;0;1004,7;1004,7;1004,2;;24,2;22,1;24,9;24,2;22,6;22,1;89;87;88;138;1;,4;
2024/06/14;0100 UTC;0;1005,2;1005,2;1004,7;;24;22;24,5;23,9;22,3;22;90;86;89;53;1,8;,3;
2024/06/14;0200 UTC;0;1005,5;1005,5;1005,2;;23,7;22;24;23,6;22,4;21,9;91;89;91;67;2,1;,7;
2024/06/14;0300 UTC;0;1005,4;1005,5;1005,3;;23,1;21,6;23,7;23,1;22;21,5;91;90;91;92;2,1;,5;
2024/06/14;0400 UTC;0;1004,9;1005,4;1004,9;;22,5;20,9;23,1;22,5;21,6;20,9;91;91;91;56;1,1;0;
2024/06/14;0500 UTC;0;1004,7;1004,9;1004,7;;22,2;20,6;22,5;22,2;20,9;20,5;91;90;91;100;1;,3;
2024/06/14;0600 UTC;0;1004,5;1004,7;1004,3;;21,7;20,2;22,2;21,7;20,7;20,1;91;90;91;180;,8;0;
2024/06/14;0700 UTC;0;1005;1005;1004,5;;21,6;20,4;22,1;21,6;20,9;20,2;93;91;93;75;,5;,1;
2024/06/14;0800 UTC;0;1005,4;1005,4;1005;;21,5;20,4;21,9;21,5;20,8;20,3;94;93;93;109;,8;,1;
2024/06/14;0900 UTC;0;1006;1006;1005,4;28,7;21,5;20,4;21,5;21,2;20,4;20,1;94;93;94;311;,7;0;
2024/06/14;1000 UTC;0;1006,7;1006,7;1006;416,8;24,5;19;24,5;21,5;21,8;18,6;94;70;72;137;4,3;1,2;
2024/06/14;1100 UTC;0;1007,4;1007,4;1006,7;947,3;27,3;20,2;27,3;24,5;20,3;18,6;72;65;66;127;6,8;2,7;
2024/06/14;1200 UTC;0;1007,6;1007,7;1007,4;1432,6;28,6;20,5;28,9;27,2;20,9;20;67;60;61;128;8,5;3,5;
2024/06/14;1300 UTC;0;1007,5;1007,7;1007,5;1944;30,3;20,9;30,6;28,6;21,6;20,4;62;57;57;115;9,1;3,2;
2024/06/14;1400 UTC;0;1006,9;1007,6;1006,9;2273,5;31,3;21,1;31,5;30;21,5;20,6;59;53;55;102;9,1;3,3;
2024/06/14;1500 UTC;0;1006,1;1006,9;1006,1;2150,7;31,3;20,5;32,4;30,9;21,5;19,7;56;48;53;106;7,8;3,3;
2024/06/14;1600 UTC;0;1005;1006,1;1005;1284,1;31,3;21,6;32,2;30,8;21,6;20,2;57;50;56;124;7,4;1,9;
2024/06/14;1700 UTC;0;1004,2;1005,1;1004,2;1270,5;31;20,4;32;30,9;22,6;20;59;51;53;88;8,3;3,2;
2024/06/14;1800 UTC;0;1003,8;1004,2;1003,7;1219,1;31,7;20,4;32,2;30,7;21,6;20,2;57;51;51;105;7,6;3,3;
2024/06/14;1900 UTC;0;1004;1004,1;1003,8;982,8;31;21,6;31,9;30,2;21,6;20,4;59;51;58;91;7,8;2,8;
2024/06/14;2000 UTC;0;1004,2;1004,3;1004;287,4;28,7;21,3;31;28,7;21,5;20,9;65;56;64;102;6,3;1,7;
2024/06/14;2100 UTC;0;1004,6;1004,6;1004,2;9,5;28;21,4;28,7;27,9;21,8;21,3;70;64;67;116;4,1;1,5;
2024/06/14;2200 UTC;0;1005;1005;1004,5;;27,7;21,5;28;27,7;21,6;21,4;69;67;69;145;4,7;1,7;
2024/06/14;2300 UTC;0;1005,5;1005,5;1005;;27,2;21,7;27,8;27,2;21,8;21,5;72;69;72;143;5;1,2;
2024/06/15;0000 UTC;0;1006;1006;1005,5;;25,8;21,8;27,2;25,7;21,8;21,4;79;71;79;89;5;,8;
2024/06/15;0100 UTC;0;1006;1006,1;1006;;24,4;21,9;25,8;24,3;22,2;21,7;87;79;86;154;2,1;,4;
2024/06/15;0200 UTC;0;1005,9;1006;1005,8;;24,2;21,4;25,2;24,2;21,8;20,8;86;77;84;16;3,4;,5;
2024/06/15;0300 UTC;0;1005,5;1005,9;1005,5;;23,6;21,9;24,2;23,6;21,9;21,4;90;84;90;43;1,1;0;
2024/06/15;0400 UTC;0;1005,5;1005,5;1005,4;;23,2;21,6;23,6;23,2;22;21,6;91;90;91;115;1,9;,4;
2024/06/15;0500 UTC;0;1004,6;1005,5;1004,6;;22,8;21,2;23,3;22,8;21,6;21;91;89;91;332;2,1;,3;
2024/06/15;0600 UTC;0;1004,6;1004,6;1004,5;;22,5;21,2;22,9;22,4;21,4;21;93;90;93;334;1,1;0;
2024/06/15;0700 UTC;0;1004,8;1004,8;1004,6;;22,2;21,1;22,5;22,2;21,4;21,1;94;93;93;151;1;,1;
2024/06/15;0800 UTC;0;1005,1;1005,1;1004,7;;22;21;22,2;21,6;21;20,5;94;93;94;199;1,1;,3;
2024/06/15;0900 UTC;0;1005,4;1005,4;1005,1;21,4;21,9;21;22;21,3;21;20,3;94;94;94;100;,9;0;
2024/06/15;1000 UTC;0;1006;1006;1005,4;385,5;24,2;19,8;24,3;21,9;22,3;19,8;94;77;77;109;2,9;1,2;
2024/06/15;1100 UTC;0;1006,7;1006,7;1006;934,8;26,6;19,2;26,7;24,2;20;18,9;77;62;64;119;7,5;2,6;
2024/06/15;1200 UTC;0;1006,8;1006,8;1006,6;1430,2;28,4;19,3;28,4;26,5;19,9;18,8;65;56;58;121;7,5;3,3;
2024/06/15;1300 UTC;0;1006,7;1006,9;1006,7;1898,4;29,7;19,6;29,9;28,4;20,1;18,8;58;53;55;124;8,9;3,1;
2024/06/15;1400 UTC;0;1006,2;1006,7;1006,2;2231,1;30,9;19,9;31;29,5;20,3;19,1;56;51;52;108;7,4;2,9;
2024/06/15;1500 UTC;0;1005,8;1006,2;1005,8;2075,9;31,3;20,2;31,6;30,1;20,5;19,5;55;50;52;106;7,6;3,1;
2024/06/15;1600 UTC;0;1005,1;1005,8;1005,1;1337,8;30,4;20,3;32,1;30,2;21;19,6;56;49;55;101;7,6;2,2;
2024/06/15;1700 UTC;0;1004,4;1005,1;1004,4;1172,8;31;20,3;31,3;30,4;21,2;19,9;57;53;53;87;5,4;2,7;
2024/06/15;1800 UTC;0;1004,1;1004,3;1004,1;710,2;30,7;21,8;31,1;30,1;21,8;20,3;60;53;59;87;4,5;1,3;
2024/06/15;1900 UTC;0;1004,3;1004,3;1004;767,4;30,6;21,2;32,1;30,5;21,4;20;59;49;57;114;4;1;
2024/06/15;2000 UTC;0;1004,4;1004,4;1004,2;190,3;29,1;20,6;30,6;29,1;22,8;20,6;67;56;60;176;4,1;,7;
2024/06/15;2100 UTC;0;1004,9;1005;1004,4;10;28,2;20,5;29,1;28,2;21;20,3;65;59;63;159;5,1;1,7;
2024/06/15;2200 UTC;0;1005,3;1005,3;1004,9;;26,2;21,6;28,2;26,2;21,7;20,5;76;63;76;153;5,1;,1;
2024/06/15;2300 UTC;0;1005,6;1005,7;1005,3;;25;22,1;26,2;25;22,3;21,4;84;76;84;326;2,1;0;
2024/06/16;0000 UTC;0;1005,8;1005,8;1005,6;;25,3;22,7;25,3;24,8;22,8;21,9;86;84;86;60;,9;0;
2024/06/16;0100 UTC;0;1006,1;1006,1;1005,8;;25,2;22,9;25,3;25;23;22,1;87;83;87;83;1,1;,5;
2024/06/16;0200 UTC;0;1006,1;1006,2;1006,1;;25,2;22,4;25,4;25;23;21,3;87;79;84;66;1,7;,8;
2024/06/16;0300 UTC;0;1005,9;1006,2;1005,9;;25,2;22,1;25,2;25;22,4;21,2;85;79;83;87;2;,5;
2024/06/16;0400 UTC;0;1005,3;1006;1005,3;;24,7;22,5;25,2;24,7;22,6;21,9;88;83;87;112;1,5;,4;
2024/06/16;0500 UTC;0;1004,7;1005,3;1004,7;;24,5;22,4;24,8;24,5;22,8;21,8;89;84;88;110;1,7;0;
2024/06/16;0600 UTC;0;1004,4;1004,7;1004,4;;24,4;22,4;24,5;24,4;22,7;22,4;90;88;89;354;,7;0;
2024/06/16;0700 UTC;0;1004,3;1004,4;1004,3;;24,4;22,7;24,5;24,3;22,8;22,4;90;89;90;93;,9;,3;
2024/06/16;0800 UTC;0;1004,2;1004,4;1004,2;;24,3;22,5;24,4;24,2;22,7;22,4;91;90;90;90;1,2;,3;
2024/06/16;0900 UTC;0;1004,3;1004,3;1004,1;11,7;23,4;21,6;24,3;23,3;22,5;21,5;91;90;90;164;1,6;,2;
2024/06/16;1000 UTC;0;1004,8;1004,8;1004,3;209,8;25;19,7;25;23,4;21,7;19,4;90;72;72;138;5,3;1,4;
2024/06/16;1100 UTC;0;1005,1;1005,2;1004,8;561,5;26,9;19,7;26,9;25;20,1;19,1;72;64;65;126;6,5;2,4;
2024/06/16;1200 UTC;0;1005,5;1005,5;1005,1;958,5;28,1;19,9;28,1;26,8;20,2;19,2;65;61;61;136;6,8;2,3;
2024/06/16;1300 UTC;0;1005,5;1005,6;1005,4;1424,3;29,3;19,3;29,4;28,1;20,2;19;62;55;55;125;9,6;3,1;
2024/06/16;1400 UTC;0;1005;1005,5;1005;1913,8;29,6;19,8;30,4;29,2;20,1;18,7;56;51;56;98;6,8;2,6;
2024/06/16;1500 UTC;0;1004,3;1005;1004,3;1618,9;30,4;19,9;30,8;29,2;20,5;19,2;57;51;53;108;5,6;2,4;
2024/06/16;1600 UTC;0;1003,6;1004,3;1003,6;1518,5;31,2;19,1;32;30,1;20,2;18,6;55;45;49;124;6,5;2,9;
2024/06/16;1700 UTC;0;1003;1003,6;1003;851;30,6;20,9;31,5;30,3;20,9;19;57;48;56;113;5,9;1,6;
2024/06/16;1800 UTC;0;1002,7;1003;1002,6;860;30,7;19,3;31,4;30,6;21;19,1;56;49;51;164;4,1;1,3;
2024/06/16;1900 UTC;0;1002,9;1002,9;1002,7;461,9;30,3;21,5;30,8;30;21,5;19,1;60;50;60;75;3,3;,8;
2024/06/16;2000 UTC;0;1003,1;1003,1;1002,8;234,7;28,5;22;30,5;28,5;23,2;19,1;70;53;68;159;2,5;,3;
2024/06/16;2100 UTC;0;1003,6;1003,6;1003,1;13,6;27;20,1;28,5;26,4;22,3;19,8;76;65;66;181;2,3;,9;
2024/06/16;2200 UTC;0;1003,9;1003,9;1003,6;;25,5;21,5;27;25,5;22,3;20,1;79;66;79;339;1,8;,3;
2024/06/16;2300 UTC;0;1004,1;1004,1;1003,8;;24,4;22,1;25,5;24,4;22,1;21,3;87;78;87;313;,8;0;
2024/06/17;0000 UTC;0;1004,4;1004,4;1004,1;;24;22,3;24,6;24;22,5;22;90;87;90;334;,9;,1;
2024/06/17;0100 UTC;0;1004,7;1004,7;1004,4;;23,7;22,1;24,1;23,7;22,4;22,1;91;90;91;92;,9;,2;
2024/06/17;0200 UTC;0;1004,5;1004,7;1004,5;;23,6;22,2;24;23,4;22,6;21,9;92;91;92;41;1,7;0;
2024/06/17;0300 UTC;0;1004,2;1004,5;1004,2;;23,1;21,9;23,6;23;22,2;21,8;93;92;93;260;1,3;,7;
2024/06/17;0400 UTC;0;1003,6;1004,2;1003,6;;22,9;21,8;23,3;22,8;22,1;21,5;93;92;93;304;1,3;0;
2024/06/17;0500 UTC;0;1003,1;1003,6;1003,1;;22,6;21,6;23;22,5;21,9;21,4;94;93;94;319;,8;0;
2024/06/17;0600 UTC;0;1002,9;1003,1;1002,9;;22,5;21,4;22,6;22,3;21,6;21,3;94;94;94;56;,8;,3;
2024/06/17;0700 UTC;0;1002,8;1002,9;1002,8;;23,1;22,1;23,2;22,5;22,2;21,5;94;94;94;148;1;,1;
2024/06/17;0800 UTC;0;1003;1003;1002,8;;22,7;21,7;23,1;22,6;22,1;21,6;94;94;94;135;,8;,3;
2024/06/17;0900 UTC;0;1003,5;1003,5;1002,9;18,6;22,9;22;22,9;21,9;22;20,8;94;94;94;197;2,7;1;
2024/06/17;1000 UTC;0;1004,1;1004,1;1003,5;354,3;24;18,4;24;22,9;22,4;18;94;71;71;155;5,2;1,8;
2024/06/17;1100 UTC;0;1004,6;1004,7;1004,1;919,7;26,6;18,3;26,8;24;19,1;18;71;60;60;140;6,2;2,2;
2024/06/17;1200 UTC;0;1004,8;1004,9;1004,6;1416,5;28,2;18,6;28,2;26,6;18,9;18,2;61;56;56;130;8,3;2,9;
2024/06/17;1300 UTC;0;1004,6;1004,9;1004,5;1913,3;29,6;19;29,6;28,1;19,1;18,3;57;51;53;133;6,8;2,4;
2024/06/17;1400 UTC;0;1004;1004,6;1004;2222,7;30,9;18,6;30,9;29,5;19,5;18,5;53;48;48;130;6,1;2,2;
2024/06/17;1500 UTC;0;1003,2;1004;1003,1;2351,8;31,3;18,7;31,7;30,7;19,7;18,5;51;47;47;151;7;2,8;
2024/06/17;1600 UTC;0;1002,2;1003,2;1002,2;1955,8;31,9;18,9;32,3;31,3;19,5;18,2;48;44;46;137;7,2;2,7;
2024/06/17;1700 UTC;0;1001,6;1002,3;1001,6;1625,2;32,5;18,3;32,8;31,6;19,6;18,2;47;42;43;115;7,1;2,1;
2024/06/17;1800 UTC;0;1001,3;1001,6;1001,3;1085,4;32,1;19;32,8;31,6;19,9;17,7;49;41;46;183;6,8;1,2;
2024/06/17;1900 UTC;0;1001,3;1001,3;1001,2;893,4;31,5;19,2;33,2;31,3;19,5;18,1;49;41;48;158;4,2;1;
2024/06/17;2000 UTC;0;1001,7;1001,7;1001,3;431,1;30,5;20,2;32,3;30,5;20,4;17,7;55;43;54;129;4,7;,7;
2024/06/17;2100 UTC;0;1002,2;1002,2;1001,7;13,4;26,4;20,4;30,5;26,4;21,6;19,5;70;54;69;163;2,4;,2;
2024/06/17;2200 UTC;0;1002,9;1002,9;1002,2;;25,6;20,6;26,4;25,6;21,7;19,9;78;70;74;54;1,3;,1;
2024/06/17;2300 UTC;0;1003,4;1003,4;1002,9;;24,9;21,1;25,6;24,9;21,3;20,3;80;73;79;358;,6;0;
2024/06/18;0000 UTC;0;1003,8;1003,8;1003,4;;24,7;22,3;25,1;24,7;22,3;21;87;79;87;351;,6;0;
2024/06/18;0100 UTC;0;1003,7;1003,8;1003,7;;24,3;22,6;24,7;24,2;22,6;22,3;91;87;91;50;,6;,1;
2024/06/18;0200 UTC;0;1003,6;1003,7;1003,6;;23,5;22,2;24,3;23,4;22,7;22,1;92;91;92;16;,6;,2;
2024/06/18;0300 UTC;0;1003,2;1003,6;1003,2;;23,8;22,3;24;23,4;22,8;22,1;93;92;92;129;1,1;,3;
2024/06/18;0400 UTC;0;1002,9;1003,2;1002,9;;23;21,5;23,8;23;22,3;21,5;92;91;91;360;1,4;0;
2024/06/18;0500 UTC;0;1002,5;1003;1002,5;;22,5;21,3;23;22,4;21,7;21,1;93;91;93;324;1,7;,3;
2024/06/18;0600 UTC;0;1002,3;1002,5;1002,3;;21,9;20,9;22,5;21,9;21,3;20,7;94;93;94;2;1,7;,2;
2024/06/18;0700 UTC;0;1002,4;1002,4;1002,2;;22,3;21,3;22,3;21,9;21,4;20,8;94;94;94;152;,6;0;
2024/06/18;0800 UTC;0;1002,8;1002,8;1002,4;;22;21;22,4;21,7;21,4;20,6;94;94;94;338;,7;0;
2024/06/18;0900 UTC;0;1003,1;1003,1;1002,8;15,4;22;21,1;22,3;21,8;21,3;20,8;94;94;94;300;,9;,1;
2024/06/18;1000 UTC;0;1003,9;1003,9;1003,1;369,1;24,8;21,3;24,8;22;22,5;21,1;94;81;81;73;1,6;,3;
2024/06/18;1100 UTC;0;1004,6;1004,6;1004;920,3;26,8;19,4;26,8;24,5;21;18,9;81;64;64;162;5,4;2;
2024/06/18;1200 UTC;0;1004,5;1004,7;1004,4;1406,3;28,9;19,6;29,2;26,8;20,3;19;64;55;57;140;5,9;2,3;
2024/06/18;1300 UTC;0;1004,1;1004,5;1004,1;1898,1;30;19,5;30,4;28,9;20,2;19,3;57;52;53;106;6,6;3,1;
2024/06/18;1400 UTC;0;1003,6;1004,1;1003,6;2213,1;31,7;19,7;31,9;29,9;20,6;19,3;56;48;49;103;7,9;2,7;
2024/06/18;1500 UTC;0;1002,7;1003,6;1002,7;2386,5;32,3;19,5;32,6;31,2;20,5;18,8;50;46;47;93;7;2,3;
2024/06/18;1600 UTC;0;1001,9;1002,7;1001,9;1958,9;33,4;19,9;33,4;32,1;20,3;18,5;49;43;45;114;6;1,8;
2024/06/18;1700 UTC;0;1001,2;1001,9;1001,1;1910,7;33,2;19;33,9;32,9;20;18,1;45;41;43;119;6,9;2,4;
2024/06/18;1800 UTC;0;1000,8;1001,2;1000,8;1308,4;32,5;19,9;33,9;32,2;19,9;18,2;47;40;47;84;6,4;2;
2024/06/18;1900 UTC;0;1000,8;1000,8;1000,7;898,4;33,3;19,3;33,3;32,3;20,2;18,5;48;42;44;102;3,9;1,2;
2024/06/18;2000 UTC;0;1000,9;1000,9;1000,8;416,8;30,4;22,1;33,3;30,3;22,2;18,4;62;42;61;180;5,7;,4;
2024/06/18;2100 UTC;0;1001,5;1001,5;1000,9;18,4;28,1;19,8;30,4;27,7;21,9;19,8;66;57;61;191;2,4;,8;
2024/06/18;2200 UTC;0;1002;1002;1001,5;;27,9;20,9;28,2;27,9;21,3;20,1;67;61;66;202;2,4;1;
2024/06/18;2300 UTC;0;1002,7;1002,7;1002;;26,9;22,3;28;26,9;23,1;20,7;78;66;76;324;1,8;,1;
2024/06/19;0000 UTC;0;1003,2;1003,2;1002,7;;27;23,3;27;26,6;23,3;21,1;80;72;80;207;1,7;,1;
2024/06/19;0100 UTC;0;1003,5;1003,5;1003,2;;26,5;22,9;27;26,5;24,2;22,8;85;80;80;116;,9;,1;
2024/06/19;0200 UTC;0;1003,6;1003,6;1003,5;;26,2;23,5;26,6;26,2;24;22,8;87;80;85;105;1,1;,1;
2024/06/19;0300 UTC;0;1003,4;1003,6;1003,3;;24,4;21,8;26,2;24,4;23,4;21,8;87;83;85;357;1,4;,1;
2024/06/19;0400 UTC;0;1003,2;1003,4;1003,2;;23,8;21,9;24,4;23,8;21,9;21,7;89;85;89;78;1,5;,6;
2024/06/19;0500 UTC;0;1002,9;1003,2;1002,9;;23,6;21,4;23,8;23,3;21,9;21,4;90;88;88;76;2;1,2;
2024/06/19;0600 UTC;0;1002,7;1002,9;1002,6;;23,5;22;23,9;23,3;22;21,3;91;87;91;145;2;,4;
2024/06/19;0700 UTC;0;1002,7;1002,8;1002,6;;22,7;21,5;23,5;22,7;21,9;21,5;93;91;93;230;1;0;
2024/06/19;0800 UTC;0;1003,4;1003,4;1002,7;;22,6;20,4;22,9;22,6;21,8;20,4;94;88;88;168;4,2;1,2;
2024/06/19;0900 UTC;0;1003,8;1003,8;1003,4;18,8;21,8;20,2;22,6;21,7;20,3;19,9;91;86;91;63;4,2;0;
2024/06/19;1000 UTC;0;1004,9;1004,9;1003,8;382,3;24,5;18,9;24,5;21,8;20,8;18,6;91;71;71;157;2,7;,9;
2024/06/19;1100 UTC;0;1005,7;1005,8;1004,8;925,5;27;18,4;27,1;24,5;19,5;17,9;72;59;59;119;5,7;2;
2024/06/19;1200 UTC;0;1006;1006;1005,7;1422,5;28,9;19,7;28,9;27;19,7;18,6;61;57;58;138;7,2;2,7;
2024/06/19;1300 UTC;0;1005,6;1006;1005,6;1926,6;29,8;19,3;30;28,7;20,6;19,2;58;53;54;118;8,1;3,5;
2024/06/19;1400 UTC;0;1005;1005,6;1004,9;2238,1;31;19,5;31,2;29,7;20,4;18,9;55;49;51;104;8,4;3,2;
2024/06/19;1500 UTC;0;1003,9;1005;1003,9;2403,5;32,1;19,6;32,2;31;20,2;19;51;47;48;116;7,8;2,9;
2024/06/19;1600 UTC;0;1002,9;1004;1002,9;2017,8;32,5;19,9;33,1;31,8;20,2;18,9;49;44;48;88;7;3,1;
2024/06/19;1700 UTC;0;1002,1;1002,9;1002,1;1790,1;32,6;20;33,2;31,6;20,2;18,8;49;44;47;88;6,7;2,4;
2024/06/19;1800 UTC;0;1001,8;1002,1;1001,7;1438,2;32,8;19,5;33,5;32,5;20,3;18,4;47;41;45;127;5;1,9;
2024/06/19;1900 UTC;0;1001,7;1001,8;1001,6;959,8;33;18,9;33,4;32,8;20,4;18,2;48;42;44;97;4,7;1,1;
2024/06/19;2000 UTC;0;1001,9;1002;1001,7;329,4;29;23,1;33;29;23,4;18,7;72;43;71;261;2,9;0;
2024/06/19;2100 UTC;0;1002,2;1002,2;1001,9;12,9;26,4;21,6;29;26,4;23,6;21,1;75;70;75;304;,9;,2;
2024/06/19;2200 UTC;0;1002,6;1002,6;1002,2;;25,8;22;26,5;25,8;22;21,2;80;73;79;270;1,5;0;
2024/06/19;2300 UTC;0;1003,4;1003,4;1002,6;;24,9;22;25,8;24,9;22,2;21,8;84;79;84;258;,9;0;
2024/06/20;0000 UTC;0;1003,8;1003,8;1003,4;;24,8;22,7;25;24,7;22,8;22,1;88;84;88;118;1,1;,2;
2024/06/20;0100 UTC;0;1004,1;1004,1;1003,8;;24,9;23,1;24,9;24,6;23,1;22,5;90;88;90;75;1;,3;
2024/06/20;0200 UTC;0;1004,1;1004,1;1003,9;;24,2;22,7;24,9;24,2;23,1;22,7;92;89;91;142;1,2;,2;
2024/06/20;0300 UTC;0;1003,5;1004,1;1003,5;;24,1;22,4;24,2;24;22,6;22,4;91;90;90;110;,8;0;
2024/06/20;0400 UTC;0;1003,3;1003,5;1003,2;;23,5;22,1;24,1;23,5;22,6;22,1;93;90;92;106;,8;0;
2024/06/20;0500 UTC;0;1002,5;1003,3;1002,5;;23;21,9;23,5;23;22,2;21,9;93;92;93;225;,7;,1;
2024/06/20;0600 UTC;0;1002,2;1002,6;1002,2;;22,7;21,6;23;22,5;21,8;21,4;94;93;94;258;1,6;,7;
2024/06/20;0700 UTC;0;1002,5;1002,5;1002,1;;22,3;21,3;22,8;22,1;21,8;21;94;93;94;256;1,6;,1;
2024/06/20;0800 UTC;0;1003,3;1003,3;1002,5;;22,7;21,7;22,9;22,2;21,9;21,1;94;94;94;360;1,3;,1;
2024/06/20;0900 UTC;0;1003,6;1003,6;1003,3;11,5;22,8;21,8;23;22,5;22;21,5;94;94;94;92;,8;,1;
2024/06/20;1000 UTC;0;1004,7;1004,7;1003,6;362,4;25;20,3;25,2;22,8;23,4;20,3;94;75;75;114;2,9;1,3;
2024/06/20;1100 UTC;0;1005,2;1005,2;1004,7;920,9;27,9;19,3;28;25;20,6;19;76;60;60;136;5,8;2,2;
2024/06/20;1200 UTC;0;1005,2;1005,3;1005,1;1411,9;29,2;20;29,3;27,9;20,1;19,3;61;56;58;151;7,4;2,2;
2024/06/20;1300 UTC;0;1005,2;1005,3;1005,2;1910,1;30,2;19,7;30,6;29,3;20,6;19,5;58;52;53;119;9,1;3,3;
2024/06/20;1400 UTC;0;1004,5;1005,2;1004,5;2223,1;31,5;19,7;31,5;30,1;20,2;19,4;55;49;50;115;7,6;3;
2024/06/20;1500 UTC;0;1003,7;1004,5;1003,7;2302;32,1;20;32,5;31,3;20,5;19,4;51;47;49;91;7,4;3,5;
2024/06/20;1600 UTC;0;1002,6;1003,7;1002,6;1755,9;32,6;20,1;33;32;20,9;19,3;51;45;48;118;7,3;2,4;
2024/06/20;1700 UTC;0;1001,8;1002,6;1001,8;1822,2;33,1;19,1;33,8;32,6;20,5;19;49;43;44;100;7,4;2,4;
2024/06/20;1800 UTC;0;1001,2;1001,8;1001,2;1346;33,8;19,4;33,8;32,9;20,2;18,8;47;42;43;134;7,1;1,8;
2024/06/20;1900 UTC;0;1001,2;1001,3;1001,1;854;33;19,3;34;31,9;20;18,7;48;41;45;95;5,3;1,1;
2024/06/20;2000 UTC;0;1001,3;1001,3;1001,2;374;30,5;21,8;33,3;30,5;22;19,1;60;43;60;173;4;,2;
2024/06/20;2100 UTC;0;1001,6;1001,6;1001,3;10,5;27,6;22;30,5;27,4;22,2;20,9;72;59;72;169;1,9;,4;
2024/06/20;2200 UTC;0;1002,5;1002,5;1001,6;;26,9;22,2;27,8;26,9;23;21,9;77;71;76;112;3,2;,6;
2024/06/20;2300 UTC;0;1003,1;1003,1;1002,5;;27,3;20,5;27,3;26,7;22,1;20,3;76;66;66;99;3,5;,8;
2024/06/21;0000 UTC;0;1003,7;1003,7;1003,1;;27,2;21,2;27,3;26,5;22;20,5;76;67;70;97;3,5;,6;
2024/06/21;0100 UTC;0;1003,6;1003,7;1003,5;;25,3;21,7;27,2;25,3;22;20,9;81;68;80;87;2,7;,5;
2024/06/21;0200 UTC;0;1003,7;1003,7;1003,5;;24,2;21,2;25,3;24,2;21,8;21,2;85;80;83;51;1,8;,2;
2024/06/21;0300 UTC;0;1003,6;1003,8;1003,6;;23,9;21;24,3;23,9;21,4;20,8;85;83;84;273;,8;0;
2024/06/21;0400 UTC;0;1003,3;1003,6;1003,3;;23,3;20,9;23,9;23,3;21,3;20,9;87;84;87;67;1,6;,2;
2024/06/21;0500 UTC;0;1003,2;1003,3;1003,1;;23;21,2;23,3;22,9;21,2;20,7;90;87;90;137;,9;,1;
2024/06/21;0600 UTC;0;1002,9;1003,2;1002,9;;23,4;21,8;23,4;23;21,8;21,2;91;89;91;11;1,2;,2;
2024/06/21;0700 UTC;0;1002,9;1002,9;1002,8;;22,5;21,1;23,4;22,5;21,8;21;92;89;92;66;,8;0;
2024/06/21;0800 UTC;0;1003,1;1003,1;1002,8;;22,1;20,8;22,5;22,1;21,2;20,8;93;92;92;172;1,7;,2;
2024/06/21;0900 UTC;0;1003,8;1003,8;1003,1;17,3;23;19,7;23;21,9;20,8;19,6;93;81;82;154;2,7;,5;
2024/06/21;1000 UTC;0;1004,6;1004,6;1003,8;408,1;25,9;19,4;25,9;23;19,7;19;82;67;67;130;4,5;1,7;
2024/06/21;1100 UTC;0;1005,2;1005,2;1004,6;925,3;27,4;19,7;27,5;25,9;20,1;18,9;68;62;63;137;5,1;1,9;
2024/06/21;1200 UTC;0;1005,3;1005,4;1005,2;1419,5;29;19,9;29,2;27,4;20,4;19,3;63;57;58;98;7,8;3,5;
2024/06/21;1300 UTC;0;1005;1005,3;1005;1834;29,6;19,9;30,3;29;20,3;19,5;58;53;56;109;8,2;3,1;
2024/06/21;1400 UTC;0;1004,5;1005,1;1004,5;1804,6;29,7;20,2;31;29,6;20,6;19,6;57;51;57;125;7,4;2,9;
2024/06/21;1500 UTC;0;1003,6;1004,6;1003,6;1576,4;31;20,1;31,2;29,7;21,3;19,6;58;50;52;107;7,4;2,8;
2024/06/21;1600 UTC;0;1002,7;1003,6;1002,7;1465,5;31,6;20;32,6;30,2;20,8;19,7;56;47;50;106;7,6;2,2;
2024/06/21;1700 UTC;0;1001,8;1002,7;1001,8;1555,7;32,6;19,8;33,3;31;21,1;19,5;55;45;47;124;5,7;2,3;
2024/06/21;1800 UTC;0;1001,3;1001,8;1001,3;551,4;30,8;20,7;32,5;30,7;21,2;20,1;56;47;55;94;5,2;2;
2024/06/21;1900 UTC;0;1001,4;1001,4;1001,3;535,5;30,8;20,6;31,1;30,8;21,1;20,2;56;52;55;104;4,1;1,7;
2024/06/21;2000 UTC;0;1001,7;1001,7;1001,3;268,9;29,2;21,9;30,9;29,2;22,1;20,1;66;53;65;183;4;,2;
2024/06/21;2100 UTC;0;1002;1002;1001,7;8,9;26,6;21,2;29,2;26,6;22,2;20,8;72;62;72;167;2,1;,3;
2024/06/21;2200 UTC;0;1002,6;1002,6;1002;;25,1;20,9;26,6;25;21,6;20,8;78;72;78;203;1,9;,2;
2024/06/21;2300 UTC;0;1003,4;1003,4;1002,6;;24,5;21,8;25,2;24,5;21,8;20,8;85;77;85;212;1,7;,5;
2024/06/22;0000 UTC;0;1003,9;1003,9;1003,4;;24;22;24,5;24;22,1;21,6;89;85;89;327;1,6;0;
2024/06/22;0100 UTC;0;1004,1;1004,2;1003,9;;23,4;21,7;24;23,4;22,1;21,7;90;89;90;350;,7;0;
2024/06/22;0200 UTC;0;1004,2;1004,2;1004,1;;23,3;21,9;23,4;22,9;22,1;21,4;92;90;92;2;1,1;0;
2024/06/22;0300 UTC;0;1004,5;1004,5;1004,1;;22,7;21,5;23,5;22,7;22,2;21,5;93;92;93;72;,9;,1;
2024/06/22;0400 UTC;0;1004,1;1004,5;1004,1;;22,2;21;22,8;22,1;21,7;21;94;93;93;243;,9;,1;
2024/06/22;0500 UTC;0;1003,6;1004,1;1003,6;;21,6;20,4;22,6;21,6;21,5;20,3;94;92;93;203;2;,1;
2024/06/22;0600 UTC;0;1003,8;1003,8;1003,5;;21,7;20,6;21,9;21,5;20,8;20,3;94;93;94;69;1,2;0;
2024/06/22;0700 UTC;0;1004;1004;1003,8;;21,5;20,5;21,7;21,4;20,7;20,4;94;94;94;30;,6;0;
2024/06/22;0800 UTC;0;1004,4;1004,4;1004;;21,1;20,1;21,8;21,1;20,9;20,1;94;94;94;89;,7;,1;
2024/06/22;0900 UTC;0;1004,7;1004,7;1004,3;24,2;21;20,1;21,2;20,8;20,3;19,9;95;94;95;245;,7;0;
2024/06/22;1000 UTC;0;1005,2;1005,2;1004,7;362,9;23,7;19,5;23,7;21;22,1;19,5;95;77;77;91;1,8;,9;
2024/06/22;1100 UTC;0;1005,8;1005,8;1005,2;929,6;26,7;19,7;26,7;23,6;19,9;18,5;78;65;65;110;6,3;2,1;
2024/06/22;1200 UTC;0;1006;1006,1;1005,8;1425,4;28,9;19,8;29,1;26,6;20,6;19,1;65;57;58;101;6,8;3,1;
2024/06/22;1300 UTC;0;1005,8;1006;1005,8;1927,1;30,3;20,3;30,5;28,9;20,6;19,8;59;54;55;104;6,8;3,1;
2024/06/22;1400 UTC;0;1005,2;1005,8;1005,2;2260,1;31,2;20,3;31,5;30,3;20,7;19,8;55;51;52;89;7,7;3,1;
2024/06/22;1500 UTC;0;1004,4;1005,3;1004,3;2398,6;32,7;20;32,7;31;20,9;19,3;54;46;47;98;6,5;3;
2024/06/22;1600 UTC;0;1003,5;1004,4;1003,5;1804,4;32,5;19,3;33,2;31,3;20,1;18,4;50;43;46;92;6,6;3,2;
2024/06/22;1700 UTC;0;1002,8;1003,5;1002,8;1664,4;33,3;19;33,4;31,7;20,2;18,3;48;43;43;83;6,6;2,5;
2024/06/22;1800 UTC;0;1002,3;1002,8;1002,3;1181,7;32,7;19,4;33,5;31,7;20;18;48;41;46;68;5,7;1,7;
2024/06/22;1900 UTC;0;1002;1002,3;1001,9;945,2;32,3;19,6;33,1;32,2;20,1;18,5;48;42;47;79;4,1;,9;
2024/06/22;2000 UTC;0;1001,9;1002,1;1001,9;392,5;28,8;22,9;32,7;28,8;22,9;19;70;44;70;267;2,7;0;
2024/06/22;2100 UTC;0;1002,1;1002,2;1001,9;11;25,9;20,6;28,8;25,9;22,6;20,4;74;67;73;247;1,5;0;
2024/06/22;2200 UTC;0;1002,6;1002,6;1002,1;;25,5;21,2;25,9;25,2;21,8;20,5;81;73;77;250;1,6;,8;
2024/06/22;2300 UTC;0;1003,1;1003,1;1002,6;;24,9;22;25,5;24,9;22,1;21,1;84;77;84;300;1,6;,1;
2024/06/23;0000 UTC;0;1003,5;1003,5;1003,1;;24,3;22;24,9;24,2;22,1;21,7;88;84;87;23;,6;0;
2024/06/23;0100 UTC;0;1003,7;1003,8;1003,5;;23,9;22,3;24,3;23,9;22,4;21,9;91;87;90;97;,5;,1;
2024/06/23;0200 UTC;0;1004,1;1004,1;1003,7;;24,3;22,8;24,3;23,9;22,8;22,3;91;90;91;32;1,2;,4;
2024/06/23;0300 UTC;0;1004,1;1004,2;1004;;23,8;22,2;24,4;23,8;22,8;22;91;87;91;323;1,7;,2;
2024/06/23;0400 UTC;0;1003,6;1004,1;1003,6;;23,6;22,1;23,8;23,5;22,2;22;92;91;92;358;1,3;0;
2024/06/23;0500 UTC;0;1003,1;1003,6;1003,1;;23,2;21,8;23,6;23,2;22,1;21,8;92;91;92;224;2;,5;
2024/06/23;0600 UTC;0;1003,2;1003,3;1003;;23;20,9;23,3;22,9;21,9;20,7;92;86;88;192;2;,2;
2024/06/23;0700 UTC;0;1003,5;1003,5;1003,1;;22,6;20,7;23;22,6;20,9;20,6;89;87;89;183;1,6;,3;
2024/06/23;0800 UTC;0;1004;1004;1003,5;;21,9;20,3;22,5;21,9;20,8;20,1;91;88;90;322;1,3;,1;
2024/06/23;0900 UTC;0;1004,4;1004,5;1004;10;21,7;20,5;22;21,6;20,7;20,1;93;91;93;159;1,1;,1;
2024/06/23;1000 UTC;0;1005;1005;1004,4;381,5;24,6;19,2;24,7;21,7;22;18,9;93;71;72;143;3,8;,7;
2024/06/23;1100 UTC;0;1005,6;1005,6;1005;876,5;27,6;19,4;27,6;24,6;19,9;18,5;72;61;61;129;5,8;2;
2024/06/23;1200 UTC;0;1005,9;1006;1005,6;1416;29;19,9;29;27,6;20,2;19,3;62;57;58;131;7,1;3;
2024/06/23;1300 UTC;0;1005,6;1005,9;1005,6;1826,7;30,9;19,5;30,9;29;20,4;19,5;59;51;51;111;7,1;2,7;
2024/06/23;1400 UTC;0;1005,4;1005,6;1005,4;2024,9;30,4;19,5;31,9;30,4;20,3;19,5;53;48;52;94;7,2;3,4;
2024/06/23;1500 UTC;0;1004,6;1005,4;1004,6;1792;31;19,6;32,2;30,3;20,9;19,5;54;48;51;97;8,1;3,6;
2024/06/23;1600 UTC;0;1003,6;1004,7;1003,5;1964,7;32,9;19,9;33,2;31;20,6;19,2;51;45;46;99;8,1;2,4;
2024/06/23;1700 UTC;0;1002,7;1003,6;1002,7;1785,6;32,5;19,9;33,9;32,5;20,6;18,9;48;42;47;86;6;2,4;
2024/06/23;1800 UTC;0;1002,1;1002,6;1002,1;1123,6;33,3;19,6;33,6;32;20,9;19,2;52;44;45;100;4,2;1,3;
2024/06/23;1900 UTC;0;1002;1002,1;1002;1016,6;33;19,9;33,7;33;20,4;19,1;47;43;46;98;4,2;1,6;
2024/06/23;2000 UTC;0;1002,1;1002,1;1001,9;394,3;29,5;23;33;29,5;23,4;19,2;70;45;68;35;3;,1;
2024/06/23;2100 UTC;0;1002,4;1002,4;1002,1;12,6;26,5;21,9;29,4;26,5;23,5;21,9;77;68;76;23;,9;,1;
2024/06/23;2200 UTC;0;1002,9;1002,9;1002,4;;25,9;22,5;26,5;25,8;22,8;21,8;83;76;82;292;1,7;,7;
2024/06/23;2300 UTC;0;1003,9;1003,9;1002,9;;25,2;22,8;25,9;25,2;22,8;22,1;86;81;86;71;1,7;,4;
2024/06/24;0000 UTC;0;1004,5;1004,5;1003,9;;26;22,2;26;25,2;22,9;22,2;87;80;80;47;3,1;1,8;
2024/06/24;0100 UTC;0;1004,9;1004,9;1004,5;;26,1;22,3;26,1;26;22,3;22,2;80;79;80;35;3,3;1,1;
2024/06/24;0200 UTC;0;1004,8;1004,9;1004,8;;25,8;22,4;26,1;25,7;22,6;22,3;83;80;82;50;2,3;1,1;
2024/06/24;0300 UTC;0;1004,7;1004,8;1004,6;;25,4;23,1;25,8;25,3;23,1;22,3;87;81;87;332;2,5;,1;
2024/06/24;0400 UTC;0;1004,3;1004,7;1004,3;;25;22,7;25,4;25;23,1;22,7;88;87;87;191;1,1;,1;
2024/06/24;0500 UTC;0;1003,9;1004,3;1003,9;;24,7;22,8;25,1;24,7;22,9;22,7;89;87;89;129;,8;0;
2024/06/24;0600 UTC;0;1003,9;1003,9;1003,8;;24,4;22,7;24,8;24,4;23;22,7;91;89;90;360;,7;0;
2024/06/24;0700 UTC;0;1003,9;1003,9;1003,8;;23,6;22,2;24,4;23,6;22,7;22,2;92;90;92;22;0;0;
2024/06/24;0800 UTC;0;1004,2;1004,2;1003,9;;24,2;23;24,2;23,6;23;22,2;93;92;93;136;,7;,1;
2024/06/24;0900 UTC;0;1004,5;1004,5;1004,1;7,4;23,5;22,2;24,3;23,5;23;22,2;93;92;93;113;1,3;,3;
2024/06/24;1000 UTC;0;1005,5;1005,5;1004,5;167,3;24,7;20,7;24,7;23,5;22,3;20,6;93;78;78;109;3,2;1,6;
2024/06/24;1100 UTC;0;1006,2;1006,3;1005,5;525,7;26,5;20,8;26,6;24,7;21;20,4;78;71;71;104;7,4;2,7;
2024/06/24;1200 UTC;0;1006,8;1006,8;1006,2;872,8;27,9;21;27,9;26,5;21,3;20,7;72;66;66;106;7;3,1;
2024/06/24;1300 UTC;0;1007;1007;1006,8;937,6;27,6;20,9;28,9;27,6;21,6;20,6;68;63;67;116;8,8;4,1;
2024/06/24;1400 UTC;0;1006,5;1007;1006,5;1006,6;28,3;21;28,4;27,6;21,2;20,6;67;64;64;107;9,7;4,1;
2024/06/24;1500 UTC;0;1006,1;1006,6;1006,1;1045,5;27,5;20,5;28,7;27,4;21,7;20,5;67;64;66;119;9,7;3,7;
2024/06/24;1600 UTC;0;1004,7;1006,1;1004,7;865,4;28,4;20;28,4;27,3;21;19,9;67;60;61;132;9,3;2,2;
2024/06/24;1700 UTC;0;1003,8;1004,7;1003,8;1461,9;29,9;21,2;30,3;28,3;21,5;19,9;62;56;60;96;6,6;2,2;
2024/06/24;1800 UTC;0;1003,2;1003,8;1003,2;1162,9;30,3;21,1;31;29,7;21,5;20,4;61;55;58;98;6,8;2,1;
2024/06/24;1900 UTC;0;1003,3;1003,4;1003,2;617;30;20,8;30,6;29,6;21,8;20,6;63;56;58;103;5,9;1,9;
2024/06/24;2000 UTC;0;1003,4;1003,5;1003,3;298,2;28,4;21,4;30,5;28,4;21,5;20,8;66;56;66;100;4,1;1,4;
2024/06/24;2100 UTC;0;1003,5;1003,5;1003,4;12,9;25,5;22;28,4;25,5;22,5;21,3;82;65;81;115;2,9;,1;
2024/06/24;2200 UTC;0;1004;1004;1003,5;;24,8;21,7;25,5;24,8;22;21,6;84;81;83;24;,9;0;
2024/06/24;2300 UTC;0;1004,5;1004,5;1004;;24,8;21,9;24,9;24,8;22,1;21,7;85;83;84;281;,4;0;
2024/06/25;0000 UTC;0;1005,1;1005,1;1004,5;;23,8;21,5;24,8;23,7;21,9;21,4;87;83;87;51;,3;0;
2024/06/25;0100 UTC;0;1005,4;1005,4;1005,1;;23,9;22,3;23,9;23,4;22,3;21,3;91;87;91;50;,7;,3;
2024/06/25;0200 UTC;0;1005,3;1005,4;1005,3;;23,6;22,3;24,2;23,6;22,9;22,2;93;91;93;98;,7;0;
2024/06/25;0300 UTC;0;1005,1;1005,3;1005,1;;23;21,5;23,6;23;22,3;21,5;93;91;91;218;2,7;0;
2024/06/25;0400 UTC;0;1004,8;1005,1;1004,8;;22,2;20,9;23;22,1;21,4;20,7;92;91;92;245;,6;,1;
2024/06/25;0500 UTC;0;1004,2;1004,8;1004,2;;22;20,9;22,5;21,6;21,3;20,4;93;92;93;258;1,4;,1;
2024/06/25;0600 UTC;0;1004,2;1004,2;1004;;21,5;20,5;22;21,3;20,8;20,3;94;93;94;273;,8;0;
2024/06/25;0700 UTC;0;1004,4;1004,4;1004,2;;21,2;20,3;21,7;21;20,7;20;94;94;94;305;,6;0;
2024/06/25;0800 UTC;0;1004,7;1004,7;1004,4;;20,8;19,9;21,3;20,7;20,3;19,8;95;94;95;110;,5;0;
2024/06/25;0900 UTC;0;1005,3;1005,3;1004,7;15,8;21,4;20,5;21,4;20,6;20,5;19,6;95;94;95;183;1,9;,6;
2024/06/25;1000 UTC;0;1005,8;1005,8;1005,3;364,9;23,6;19,6;23,6;21,4;21,7;19,6;95;78;78;137;2,5;,8;
2024/06/25;1100 UTC;0;1006,4;1006,4;1005,8;881;26,5;19,5;26,5;23,5;19,8;19;78;65;65;94;2,8;1,5;
2024/06/25;1200 UTC;0;1006,5;1006,5;1006,4;1366,9;28,7;19,3;28,8;26,5;19,8;18,8;66;56;57;96;5,8;2,9;
2024/06/25;1300 UTC;0;1006,2;1006,5;1006,2;1837,7;30,7;19,6;30,7;28,7;20,6;19,2;58;51;52;90;5,3;2,7;
2024/06/25;1400 UTC;0;1005,5;1006,2;1005,5;2161,6;32,2;20,2;32,2;30,1;20,7;19,2;55;49;49;105;5,5;2,4;
2024/06/25;1500 UTC;0;1004,7;1005,5;1004,7;2340,3;32,6;19,6;32,8;31,8;20,3;19,1;50;45;46;77;5,3;2,2;
2024/06/25;1600 UTC;0;1003,6;1004,7;1003,6;1948,2;33,7;18,9;33,7;32,4;19,9;18,4;47;42;42;102;5,3;2;
2024/06/25;1700 UTC;0;1002,7;1003,6;1002,7;1858;33,5;17,1;34,1;33,2;19,8;17,1;44;37;38;180;5,9;1,9;
2024/06/25;1800 UTC;0;1002,4;1002,7;1002,3;1401,1;34;18,2;34,5;33,5;19,3;17,3;42;37;39;94;4,7;2,2;
2024/06/25;1900 UTC;0;1002,4;1002,5;1002,3;931,4;33,5;18,5;34,3;33,5;18,9;17,1;42;37;41;160;4,8;1,1;
2024/06/25;2000 UTC;0;1002,4;1002,5;1002,4;382,9;28,9;22,9;33,7;28,9;23;17,9;70;39;70;212;2,7;,1;
2024/06/25;2100 UTC;0;1002,5;1002,5;1002,4;12,6;25,9;20,5;28,9;25,9;22,8;20,1;73;68;72;272;1,4;,6;
2024/06/25;2200 UTC;0;1002,9;1002,9;1002,5;;25,5;21,2;25,9;25,4;21,3;20,3;78;71;77;293;1,3;0;
2024/06/25;2300 UTC;0;1003,4;1003,5;1002,9;;24,5;21,8;25,5;24,5;22;21,1;86;77;85;63;,8;0;
2024/06/26;0000 UTC;0;1004,2;1004,2;1003,4;;23,5;21,7;24,5;23,5;21,8;21,5;89;85;89;353;1,1;,1;
2024/06/26;0100 UTC;0;1004,4;1004,5;1004,2;;23,5;21,8;23,8;23,3;22,4;21,4;92;89;90;34;1;,1;
2024/06/26;0200 UTC;0;1004,8;1004,9;1004,4;;22,7;21,1;23,5;22,7;21,8;21;91;90;90;85;1,8;,2;
2024/06/26;0300 UTC;0;1005,3;1005,3;1004,8;;23;21,4;23;22,5;21,4;21;92;90;91;148;2,1;,4;
2024/06/26;0400 UTC;0;1005,3;1005,7;1005,3;;23;21,1;23,6;23;21,4;20,6;91;83;89;165;3,4;,3;
2024/06/26;0500 UTC;0;1004,6;1005,3;1004,6;;22,3;21;23;22,2;21,2;20,8;92;89;92;312;1,1;,1;
2024/06/26;0600 UTC;0;1004,5;1004,6;1004,4;;22,3;21,1;22,4;22,2;21,2;20,9;93;92;93;250;,9;,4;
2024/06/26;0700 UTC;0;1004,7;1004,7;1004,5;;22,3;21,1;22,6;22,2;21,5;20,9;93;92;93;259;1,3;0;
2024/06/26;0800 UTC;0;1005;1005,1;1004,7;;21,8;20,8;22,3;21,8;21,1;20,6;94;93;94;210;,4;0;
2024/06/26;0900 UTC;0;1005,5;1005,5;1005;15,9;21,5;20,4;21,9;21,4;20,8;20,4;94;94;94;99;1;,3;
2024/06/26;1000 UTC;0;1006,1;1006,1;1005,5;358,9;24,9;20,8;24,9;21,5;22,3;20,5;94;78;78;127;1,8;,5;
2024/06/26;1100 UTC;0;1006,7;1006,7;1006,1;626,6;26,3;21,4;26,3;24,8;21,7;20,3;78;74;74;77;2,3;1;
2024/06/26;1200 UTC;0;1006,6;1006,7;1006,6;1315,4;28,7;21,3;28,8;26,3;21,8;20,9;75;63;64;275;3,2;,8;
2024/06/26;1300 UTC;0;1006,1;1006,6;1006,1;1523,9;29,9;20,2;31,1;28,6;21,6;19,7;65;52;56;101;4,7;1,6;
2024/06/26;1400 UTC;0;1005,6;1006,1;1005,6;2170,5;32;19,6;32,2;29,8;20,6;19,3;57;47;48;100;5,1;1,7;
2024/06/26;1500 UTC;0;1004,9;1005,6;1004,9;2421,3;32,6;19,1;32,9;31,6;20,1;18,7;49;44;45;89;5,8;2,2;
2024/06/26;1600 UTC;0;1004,1;1004,9;1004,1;1803,6;33,2;18,6;33,6;31,7;19,9;18;49;40;42;96;5,8;1,7;
2024/06/26;1700 UTC;0;1003,4;1004,1;1003,4;1682,3;32,4;19,3;33,9;32,4;19,6;18,1;46;40;46;115;4,6;1,3;
2024/06/26;1800 UTC;0;1003;1003,4;1003;1327;33,7;18,1;34;32,5;20,2;17,7;48;39;40;126;4,2;1,1;
2024/06/26;1900 UTC;0;1002,7;1003;1002,7;951,7;33,7;20,5;34;33,2;20,6;17,5;47;39;46;233;3,4;,2;
2024/06/26;2000 UTC;0;1002,8;1002,8;1002,6;383,4;29,5;21,6;33,7;29,5;21,8;17,5;63;39;63;162;2,6;,2;
2024/06/26;2100 UTC;0;1002,9;1002,9;1002,8;12,4;27;20,4;29,4;26,9;21,9;20,4;70;62;67;223;1,7;,2;
2024/06/26;2200 UTC;0;1003,1;1003,1;1002,9;;25,6;21,4;27;25,6;21,4;20,4;78;67;78;265;1,1;,1;
2024/06/26;2300 UTC;0;1003,8;1003,8;1003,1;;24,8;21,8;25,6;24,7;21,9;21,2;84;78;84;294;1,3;0;
2024/06/27;0000 UTC;0;1004,1;1004,1;1003,8;;24,2;21,9;24,8;24,1;22;21,5;88;83;87;92;1,1;,1;
2024/06/27;0100 UTC;0;1004,6;1004,6;1004,1;;23,7;21,9;24,2;23,7;22,3;21,7;90;87;90;62;,8;,3;
2024/06/27;0200 UTC;0;1004,5;1004,6;1004,5;;23,5;21,7;23,8;23,5;22,2;21,7;91;90;90;128;1;,4;
2024/06/27;0300 UTC;0;1004,4;1004,5;1004,4;;23,1;21,6;23,5;23;21,7;21,5;92;90;92;83;,9;,3;
2024/06/27;0400 UTC;0;1004,2;1004,4;1004,1;;23,2;21,7;23,5;23,1;22;21,6;92;90;91;124;,9;,2;
2024/06/27;0500 UTC;0;1004,2;1004,3;1004,1;;23;21,4;23,2;22,8;21,7;21,2;92;90;90;62;2;,3;
2024/06/27;0600 UTC;0;1003,9;1004,2;1003,8;;22,8;21,4;23,1;22,6;21,5;21,1;92;90;92;51;1,1;,2;
2024/06/27;0700 UTC;0;1004;1004,1;1003,8;;22,3;21;22,8;22,3;21,6;21;93;92;93;240;2,1;0;
2024/06/27;0800 UTC;0;1004,2;1004,2;1004;;22,3;21,2;22,5;22;21,3;20,8;94;93;94;152;1;,2;
2024/06/27;0900 UTC;0;1004,4;1004,4;1004,2;15,3;21,8;20,7;22,3;21,7;21,2;20,6;94;93;94;28;,9;,3;
2024/06/27;1000 UTC;0;1005,1;1005,1;1004,4;354,6;24,8;21,2;24,9;21,8;22,9;20,7;94;80;81;29;1,1;,4;
2024/06/27;1100 UTC;0;1005,6;1005,6;1005,1;863,2;27,2;22;27,2;24,8;22;20,4;81;72;73;81;2;,9;
2024/06/27;1200 UTC;0;1005,6;1005,7;1005,5;1351,4;29,2;22;29,2;27,2;22,4;21,3;73;64;65;321;3;,8;
2024/06/27;1300 UTC;0;1005,3;1005,7;1005,3;1713,7;30,6;21,2;31,4;29,2;22,4;20,7;67;53;57;104;3,1;1,4;
2024/06/27;1400 UTC;0;1004,6;1005,3;1004,6;2133,5;32,1;21,1;32,8;30,5;21,8;20,4;58;49;52;129;5,1;1,9;
2024/06/27;1500 UTC;0;1003,8;1004,7;1003,8;2498;33,2;19,8;33,6;32,1;21,7;19,5;53;43;45;77;5,1;2,3;
2024/06/27;1600 UTC;0;1003,3;1003,8;1003,2;1720,4;34,2;19,3;34,7;32,4;20,9;19,3;50;41;42;139;4,3;1,5;
2024/06/27;1700 UTC;0;1002,2;1003,3;1002,2;1831,3;33,6;20,5;34,8;33,2;20,8;18,9;47;41;46;162;4,2;1,3;
2024/06/27;1800 UTC;0;1001,8;1002,2;1001,8;963,4;31,8;21;34,9;31,7;21,1;19,1;53;40;53;74;4,3;,8;
2024/06/27;1900 UTC;0;1001,4;1001,8;1001,4;854,9;33,3;18,8;34,1;31,2;23,3;18,3;64;40;43;88;4;1,7;
2024/06/27;2000 UTC;0;1001,5;1001,5;1001,4;370;30;22,5;33,3;30;22,9;19;64;43;64;134;3,1;,1;
2024/06/27;2100 UTC;0;1001,7;1001,7;1001,4;10,9;26,5;21;30;26,5;22,3;21;72;62;72;295;1;0;
2024/06/27;2200 UTC;0;1002,2;1002,2;1001,7;;25,9;22,1;26,5;25,9;22,1;21;80;72;80;5;1,1;0;
2024/06/27;2300 UTC;0;1002,8;1002,8;1002,2;;25,2;22,3;25,9;25,1;22,3;22;84;80;84;332;,9;0;
2024/06/28;0000 UTC;0;1003,1;1003,1;1002,8;;24,8;22,7;25,2;24,6;22,8;22,2;88;84;88;343;,1;0;
2024/06/28;0100 UTC;0;1003,4;1003,4;1003;;24,9;22,2;25,1;24,7;23,2;22,2;89;85;85;101;3,2;1,6;
2024/06/28;0200 UTC;0;1003,2;1003,5;1003,2;;24,9;22,7;25;24,7;22,7;22,1;88;84;88;260;2,8;,1;
2024/06/28;0300 UTC;0;1003,4;1003,5;1003,2;;25,5;21,2;25,5;24,8;22,9;21;88;76;77;355;3,4;1,8;
2024/06/28;0400 UTC;0;1003;1003,4;1002,9;;25,7;22,1;25,8;25,4;22,1;21;81;76;81;356;3,8;2;
2024/06/28;0500 UTC;0;1002,4;1003;1002,4;;25,3;22,5;25,7;25,3;22,5;22,1;84;81;84;34;4;1,5;
2024/06/28;0600 UTC;0;1002,5;1002,5;1002,4;;24,3;22,4;25,3;24,3;22,5;22,3;89;84;89;307;3;,3;
2024/06/28;0700 UTC;0;1002,5;1002,7;1002,5;;23,6;22,3;24,3;23,6;22,6;22,2;92;89;92;284;1,9;0;
2024/06/28;0800 UTC;;;;;;;;;;;;;;;;;;
2024/06/28;0900 UTC;0;1002,8;1002,8;1002,5;13,8;23,8;22,7;23,9;23,4;22,8;22,1;93;92;93;257;1,5;,3;
2024/06/28;1000 UTC;0;1003,6;1003,6;1002,8;368,6;25,4;22,4;25,4;23,7;23,3;22,4;93;84;84;63;1,1;,1;
2024/06/28;1100 UTC;0;1004,2;1004,2;1003,6;793;26,8;22,3;26,8;25,1;22,8;21,9;84;76;76;77;2,3;,9;
2024/06/28;1200 UTC;0;1004,4;1004,5;1004,2;1274,3;28,9;22,8;28,9;26,7;23,1;22,3;79;69;69;95;3,8;1,1;
2024/06/28;1300 UTC;0;1004,2;1004,4;1004,2;1765,5;30,8;22,3;31,1;29;23,1;21,8;70;60;61;125;4;1,2;
2024/06/28;1400 UTC;0;1003,8;1004,2;1003,8;1751,6;31;21,4;32,1;30,8;22,6;20,5;61;52;57;97;4,7;2,2;
2024/06/28;1500 UTC;0;1003,3;1003,8;1003,3;1463,7;32,5;20,4;32,8;30,9;21,8;20;58;47;49;92;5,2;2,1;
2024/06/28;1600 UTC;0;1002,6;1003,3;1002,6;1250,6;32;20,7;32,6;31,3;21,6;19,9;56;49;51;88;4,8;1,7;
2024/06/28;1700 UTC;0;1002,1;1002,6;1002,1;1116,2;32,6;20,2;32,8;32;20,9;19,2;52;46;48;97;4,7;1,5;
2024/06/28;1800 UTC;0;1001,8;1002,1;1001,8;849;31,8;21,1;32,7;31,6;21,2;19,8;54;47;53;77;4,1;1,6;
2024/06/28;1900 UTC;0;1001,8;1001,8;1001,7;783,5;32,6;20,4;32,8;31,8;21,2;20;53;47;49;75;3,1;1,1;
2024/06/28;2000 UTC;0;1002;1002;1001,8;403,3;30,1;23,4;33,1;30,1;23,4;19,9;67;46;67;57;2,3;,2;
2024/06/28;2100 UTC;0;1002,8;1002,8;1002;7,6;25,9;21,1;30,1;25,9;23,6;21,1;77;67;75;224;1,7;,3;
2024/06/28;2200 UTC;0;1003,1;1003,1;1002,7;;25,7;22,2;26,1;25,7;22,2;20,8;81;73;81;263;1,7;,2;
2024/06/28;2300 UTC;0;1003,4;1003,5;1003,1;;25,1;23;25,7;25;23;22,2;88;81;88;312;,8;,3;
2024/06/29;0000 UTC;0;1004,1;1004,1;1003,4;;24,6;22,9;25,1;24,4;23;22,6;91;87;91;47;1,2;0;
2024/06/29;0100 UTC;0;1004;1004,1;1003,9;;24,3;23;24,6;24,2;23,2;22,4;92;90;92;255;1,2;,6;
2024/06/29;0200 UTC;0;1004;1004,1;1003,9;;24,3;23;24,4;23,7;23,1;22,3;93;91;92;65;1,2;0;
2024/06/29;0300 UTC;0;1003,8;1004,1;1003,8;;24,2;22,8;24,4;24,2;23,1;22,8;92;92;92;35;1,2;,4;
2024/06/29;0400 UTC;0;1003,6;1003,8;1003,6;;24;22,4;24,2;24;22,8;22,4;92;91;91;339;1,8;,1;
2024/06/29;0500 UTC;0;1003,4;1003,7;1003,4;;23,7;22,1;24;23,6;22,5;22,1;92;91;91;26;2,5;,3;
2024/06/29;0600 UTC;0;1003,2;1003,5;1003,2;;22,9;21,7;23,7;22,9;22,1;21,7;93;90;93;216;2;0;
2024/06/29;0700 UTC;0;1003,5;1003,5;1003,2;;22,9;21,8;23,2;22,8;22,1;21,6;94;93;94;206;0;0;
2024/06/29;0800 UTC;;;;;;;;;;;;;;;;;;
2024/06/29;0900 UTC;0;1004,3;1004,3;1003,9;12,1;22,6;21,6;22,6;22,1;21,6;21,1;94;94;94;45;0;0;
2024/06/29;1000 UTC;0;1005,4;1005,4;1004,3;316,8;24,9;22,8;24,9;22,6;23,4;21,6;94;88;88;74;0;0;
2024/06/29;1100 UTC;0;1005,8;1005,8;1005,4;829,4;26,9;22,2;27;24,9;22,8;21,9;88;75;75;52;2,4;,9;
2024/06/29;1200 UTC;0;1006,1;1006,1;1005,8;1114,3;28,6;22,8;28,8;26,9;23,3;22,2;77;69;71;112;3,4;1,4;
2024/06/29;1300 UTC;0;1006;1006,2;1006;1341,9;30;22,8;30,1;28,5;23,8;22,7;73;65;65;129;4,3;1,5;
2024/06/29;1400 UTC;0;1005,3;1006;1005,3;1753,8;30,7;21,5;31,5;30;23,3;21,5;66;57;58;36;4;1,2;
2024/06/29;1500 UTC;0;1004,4;1005,3;1004,4;1627,9;32,5;20,9;32,5;30,6;23;20,6;60;50;51;31;5;1,5;
2024/06/29;1600 UTC;0;1003,5;1004,4;1003,5;1707,2;33,9;19,5;33,9;32;21,3;19,4;52;43;43;111;4,8;1,6;
2024/06/29;1700 UTC;0;1002,6;1003,4;1002,6;1807,4;34,3;19;34,5;33;21;18,3;48;40;41;136;6,2;2;
2024/06/29;1800 UTC;0;1002,3;1002,6;1002,3;1172;33,7;19,4;34,3;32,6;20;18;46;39;43;91;6,2;1,1;
2024/06/29;1900 UTC;0;1002,5;1002,5;1002,3;842,7;32,7;20,6;34,2;32,7;20,6;18,7;49;40;49;88;3,3;,9;
2024/06/29;2000 UTC;0;1002,4;1002,5;1002,4;278,5;28,9;23;32,7;28,9;23,2;20,7;71;49;71;224;1,8;0;
2024/06/29;2100 UTC;0;1002,8;1002,8;1002,4;13,2;26,3;21,2;28,9;26,3;23,1;20,6;74;68;74;261;1,2;,2;
2024/06/29;2200 UTC;0;1003,2;1003,2;1002,8;;25,5;21,9;26,3;25,5;21,9;20,9;80;73;80;328;1,2;,3;
2024/06/29;2300 UTC;0;1003,7;1003,7;1003,2;;25;22,2;25,5;24,9;22,4;21,8;86;80;84;232;,9;0;
2024/06/30;0000 UTC;0;1004;1004;1003,6;;24,7;22,6;25;24,3;22,6;22;88;84;88;11;1,2;0;
2024/06/30;0100 UTC;0;1004;1004;1003,9;;24,4;22,9;24,7;24,4;22,9;22,3;91;88;91;75;,7;0;
2024/06/30;0200 UTC;0;1004,2;1004,2;1003,9;;24,6;23,1;24,6;24,3;23,1;22,8;92;91;91;328;,5;0;
2024/06/30;0300 UTC;0;1004,1;1004,3;1004,1;;24;22,5;24,6;24;23,1;22,5;91;91;91;65;,6;0;
2024/06/30;0400 UTC;0;1003,8;1004,4;1003,8;;23,7;21,8;24,4;23,7;22,7;21,4;92;84;89;327;3,8;,1;
2024/06/30;0500 UTC;0;1003,4;1003,8;1003,3;;23,3;21,9;23,7;23,2;22;21,7;92;89;92;8;2;,5;
2024/06/30;0600 UTC;0;1003,6;1003,6;1003,3;;23;21,9;23,3;22,9;21,9;21,6;93;91;93;224;1,1;,2;
2024/06/30;0700 UTC;;;;;;;;;;;;;;;;;;
2024/06/30;0800 UTC;;;;;;;;;;;;;;;;;;
2024/06/30;0900 UTC;;;;;;;;;;;;;;;;;;
2024/06/30;1000 UTC;0;1005;1005;1004,3;191,1;24,9;23,1;24,9;24,1;23,2;22,8;93;90;90;74;1,7;,5;
2024/06/30;1100 UTC;0;1005,9;1005,9;1005;399,8;25,2;22,5;25,3;24,8;23,2;22,5;90;85;85;78;3;1,3;
2024/06/30;1200 UTC;0;1006;1006;1005,9;1236,1;27,9;21,9;27,9;25,2;22,6;21,4;85;69;70;121;3,5;1,7;
2024/06/30;1300 UTC;0;1005,9;1006,2;1005,9;1344,5;29,2;22,5;29,6;27,9;22,8;21,8;72;65;67;97;4,3;1,6;
2024/06/30;1400 UTC;0;1004,9;1005,9;1004,9;1964,7;31,1;21,9;31,4;29;22,9;21,7;68;57;58;69;4,6;1,5;
2024/06/30;1500 UTC;0;1004;1004,9;1004;1909,4;32,5;21,1;32,6;30,6;22,6;21;61;51;51;114;4,4;1,8;
2024/06/30;1600 UTC;0;1003;1004;1003;1705,4;32,9;19,5;33,4;31,5;21,5;18,9;54;43;45;308;4,2;,8;
2024/06/30;1700 UTC;0;1002,2;1003;1002,2;1467,7;33,8;20,4;34,5;32,3;21,7;19,3;53;42;46;356;2,7;,3;
2024/06/30;1800 UTC;0;1001,9;1002,2;1001,9;1465,1;33,5;19,6;34;33,3;20,3;18,8;45;41;44;82;4,1;2;
2024/06/30;1900 UTC;0;1002;1002;1001,8;758,6;33,4;20;33,7;32,6;20,3;18,5;48;41;46;13;3,3;1,2;
2024/06/30;2000 UTC;0;1002;1002,1;1001,9;386,7;29,4;23,6;33,4;29,4;23,7;19,1;71;44;71;287;2,1;0;
2024/06/30;2100 UTC;0;1002,5;1002,5;1001,9;13,4;26,6;21,7;29,4;26,6;23,4;21,4;74;71;74;286;1,2;,1;
2024/06/30;2200 UTC;0;1002,9;1002,9;1002,5;;25,7;22,2;26,6;25,7;22,3;21,7;81;74;81;316;1,4;0;
2024/06/30;2300 UTC;0;1003,3;1003,3;1002,9;;24,9;22,8;25,7;24,8;23,1;22,2;88;81;88;1;,9;0;
2024/07/01;0000 UTC;0;1004,1;1004,1;1003,3;;24,7;23,2;24,9;24,6;23,4;22,6;92;88;92;356;,6;0;
2024/07/01;0100 UTC;0;1004,1;1004,3;1004,1;;24,3;23;24,7;24;23,2;22,6;92;91;92;100;,7;0;
2024/07/01;0200 UTC;0;1004,5;1004,7;1004,1;;24;22,2;24,3;23,4;22,9;22,1;93;90;90;35;3,2;,5;
2024/07/01;0300 UTC;0;1004,2;1004,5;1004,2;;23,3;21,9;24;23,2;22,2;21,6;92;88;92;307;1,4;,2;
2024/07/01;0400 UTC;0;1004;1004,3;1004;;23,3;21,5;23,7;23,2;21,8;21,4;92;88;90;355;2,4;,8;
2024/07/01;0500 UTC;0;1004;1004,1;1003,9;;22,9;21,7;23,4;22,8;21,8;21,5;93;90;93;258;1,4;0;
2024/07/01;0600 UTC;0;1004;1004;1003,9;;22,7;21,6;23;22,6;21,8;21,5;94;93;94;240;,8;,2;
2024/07/01;0700 UTC;;;;;;;;;;;;;;;;;;
2024/07/01;0800 UTC;;;;;;;;;;;;;;;;;;
2024/07/01;0900 UTC;;;;;;;;;;;;;;;;;;
2024/07/01;1000 UTC;0;1005,5;1005,5;1004,8;155,7;24,3;22,6;24,4;23,9;23,1;22,6;94;90;90;49;1,9;,4;
2024/07/01;1100 UTC;0;1006,3;1006,3;1005,5;790,2;26,2;21,4;26,4;24,3;22,7;21,4;90;74;75;108;3,4;,8;
2024/07/01;1200 UTC;0;1006,9;1006,9;1006,3;946,3;27;22;28;26,1;22,4;21,2;77;68;74;90;3,9;2,1;
2024/07/01;1300 UTC;0;1006,5;1006,9;1006,5;1613,9;29,5;22;29,5;27;22,4;21,6;74;64;64;131;4,8;2,1;
2024/07/01;1400 UTC;0;1005,8;1006,4;1005,8;1856;31,5;21,4;31,5;28,8;22,5;21;68;55;55;98;4,3;1,6;
2024/07/01;1500 UTC;0;1005;1005,8;1005;1415,5;31,4;20,7;32,4;30;22,1;20,4;62;50;53;106;3,6;1,6;
2024/07/01;1600 UTC;0;1004,3;1005;1004,3;1678,7;33,3;18,9;33,3;30,7;21,6;18,6;57;43;43;137;3,8;1,8;
2024/07/01;1700 UTC;0;1003,6;1004,3;1003,6;1919,4;33,5;18,5;33,8;32,9;19,6;18,1;46;40;41;75;5,3;2,1;
2024/07/01;1800 UTC;0;1003,4;1003,6;1003,3;1496,5;33,9;18;34,1;33,3;19;17,2;42;37;39;87;5,3;1,6;
2024/07/01;1900 UTC;0;1003,5;1003,5;1003,2;853,7;32,5;19,1;34;32,5;19,1;16,8;45;36;45;134;4,4;1,2;
2024/07/01;2000 UTC;0;1004;1004;1003,5;129,9;27,7;21,7;32,5;27,6;22,4;18,9;70;45;70;184;3,2;,3;
2024/07/01;2100 UTC;0;1004,4;1004,4;1004;14;26,3;20,5;27,7;26,2;21,7;20;71;66;71;194;1,7;,3;
2024/07/01;2200 UTC;0;1004,7;1004,7;1004,4;;25,3;21,1;26,3;25,2;21,7;20,6;78;71;78;359;1;0;
2024/07/01;2300 UTC;0;1005,1;1005,1;1004,7;;25;21,9;25,4;25;22,2;21,2;84;78;83;322;,4;0;
2024/07/02;0000 UTC;0;1005,4;1005,5;1005,1;;25,1;22,8;25,2;24,8;23,1;21,8;88;82;87;98;,7;,1;
2024/07/02;0100 UTC;0;1005,8;1005,8;1005,4;;24,1;22,2;25,1;24;22,8;22,1;89;87;89;60;,6;,1;
2024/07/02;0200 UTC;0;1005,5;1005,8;1005,5;;23,7;21,8;24,2;23,7;22,5;21,8;90;89;90;146;,6;0;
2024/07/02;0300 UTC;0;1005;1005,4;1005;;23,1;21,6;23,8;23,1;22;21,5;91;90;91;123;,8;,2;
2024/07/02;0400 UTC;0;1004,8;1005;1004,8;;22,6;21,4;23,1;22,4;21,6;21,1;93;91;93;18;2,5;1,2;
2024/07/02;0500 UTC;0;1004,4;1004,8;1004,4;;22,1;20,7;22,7;22,1;21,5;20,5;93;89;91;20;2,5;0;
2024/07/02;0600 UTC;0;1004,3;1004,4;1004,2;;22;20,8;22,2;21,8;20,8;20,5;93;91;93;244;1,1;0;
2024/07/02;0700 UTC;0;1004,6;1004,6;1004,2;;22,3;21,2;22,5;21,8;21,4;20,6;94;93;93;249;2;,9;
2024/07/02;0800 UTC;;;;;;;;;;;;;;;;;;
2024/07/02;0900 UTC;0;1005,8;1006;1005,3;10,2;22,7;21,2;23,2;22,7;21,8;21,1;92;88;92;236;3,3;0;
2024/07/02;1000 UTC;0;1006,5;1006,5;1005,8;305,8;23,9;18,5;24,3;22,7;22,4;18,3;92;71;72;156;4;1,1;
2024/07/02;1100 UTC;0;1006,9;1006,9;1006,5;881,4;27,4;18;27,5;23,9;18,7;17,1;72;53;56;138;5;1,4;
2024/07/02;1200 UTC;0;1007,3;1007,3;1006,9;1378,5;29,7;17,9;29,8;27,5;18,6;17,3;57;47;49;122;6,9;2,8;
2024/07/02;1300 UTC;0;1006,9;1007,3;1006,9;1861,8;31;17,8;31,1;29,4;18,3;17,4;50;45;45;101;6,9;3,1;
2024/07/02;1400 UTC;0;1006,1;1006,9;1006,1;2212,4;31,9;18,2;32;30,8;19;17,5;47;43;44;127;6,8;2,6;
2024/07/02;1500 UTC;0;1004,7;1006;1004,7;2334;33;18,7;33,2;31,7;19,4;18;46;42;43;118;6,5;2,7;
2024/07/02;1600 UTC;0;1003,5;1004,8;1003,5;1965,4;33,8;18,6;33,8;32,8;19,3;17,7;45;39;41;105;7,3;2,4;
2024/07/02;1700 UTC;0;1002,4;1003,5;1002,4;1898,4;34,2;17,6;34,6;33,8;19,1;16,9;41;36;38;91;5,4;2,5;
2024/07/02;1800 UTC;0;1002;1002,4;1002;1328,1;34,1;17,2;34,7;33;18,5;16,8;41;35;37;83;5,8;2,3;
2024/07/02;1900 UTC;0;1001,9;1002;1001,9;952,7;33,8;17,5;34,5;33,5;18,1;16,3;39;35;38;101;4,9;1,5;
2024/07/02;2000 UTC;0;1002,3;1002,3;1001,9;401,4;29,7;21;34;29,7;21,4;17,1;60;37;60;170;3;,2;
2024/07/02;2100 UTC;0;1002,7;1002,7;1002,3;13,1;26,4;19,6;29,7;26,4;21,8;19,5;67;59;66;179;1,3;,2;
2024/07/02;2200 UTC;0;1003;1003;1002,6;;25,9;20,4;26,6;25,8;20,8;19,1;72;64;72;90;,9;,1;
2024/07/02;2300 UTC;0;1003,7;1003,7;1003;;24,8;20,9;25,9;24,8;21;20,3;79;72;79;326;,4;0;
2024/07/03;0000 UTC;0;1004,2;1004,2;1003,7;;24,4;22;24,8;24,4;22,2;20,9;87;79;87;253;,7;0;
2024/07/03;0100 UTC;0;1004,1;1004,3;1004,1;;23,8;21,8;24,4;23,8;22;21,6;89;86;89;140;1;,1;
2024/07/03;0200 UTC;0;1004,8;1004,9;1004,1;;24,1;21,4;24,1;23,4;22,4;21,4;91;85;85;33;3,6;1,4;
2024/07/03;0300 UTC;0;1004,3;1004,9;1004,3;;24,2;21,6;24,4;23,9;21,6;20,6;85;81;85;353;3,2;0;
2024/07/03;0400 UTC;0;1004,1;1004,4;1004,1;;24,3;21;24,4;24;21,8;20,6;87;81;82;135;2,3;0;
2024/07/03;0500 UTC;0;1003,6;1004,1;1003,6;;24;21,4;24,6;23,9;21,5;20,5;85;79;85;93;1,4;0;
2024/07/03;0600 UTC;0;1003,4;1003,6;1003,4;;23;20,8;24;23;21,4;20,5;88;84;88;190;,9;0;
2024/07/03;0700 UTC;0;1004;1004;1003,3;;23,4;21;23,4;22,5;21,1;20,7;90;86;86;194;3,2;1,5;
2024/07/03;0800 UTC;0;1004,4;1004,4;1004;;23,3;21,3;23,6;23,2;21,4;20,6;90;84;89;207;3,1;0;
2024/07/03;0900 UTC;0;1004,8;1004,8;1004,4;12,2;24,3;16,4;24,3;23;21,3;16,2;89;61;61;138;5,3;1,4;
2024/07/03;1000 UTC;0;1005,3;1005,4;1004,8;362,9;26,1;16,8;26,1;24,3;17,2;16,4;63;57;57;138;5,3;1,4;
2024/07/03;1100 UTC;0;1005,9;1005,9;1005,3;891,2;27,4;17,3;27,4;26,1;17,4;16,8;58;53;54;118;6,6;3;
2024/07/03;1200 UTC;0;1006;1006;1005,9;1381,3;29,1;18,3;29,4;27,4;18,5;16,9;55;50;52;146;7,4;1,7;
2024/07/03;1300 UTC;0;1005,6;1006;1005,6;1860,4;30,3;19;30,3;28,8;19,4;18,1;54;50;51;114;6,5;2,5;
2024/07/03;1400 UTC;0;1004,9;1005,6;1004,9;2233,8;31;19,1;31,4;29,9;19,6;18,3;53;47;49;114;7,8;3,2;
2024/07/03;1500 UTC;0;1004;1004,9;1004;2387,6;32,7;19,2;32,8;31;19,8;18,6;50;45;45;122;7,1;2,3;
2024/07/03;1600 UTC;0;1002,9;1004;1002,9;1950,4;32,7;19,3;33,2;32;19,7;18,5;47;42;45;118;6,5;2,4;
2024/07/03;1700 UTC;0;1001,9;1002,9;1001,9;1933,4;33,7;18,8;33,9;32,7;19,6;18,3;46;40;42;114;6;2,3;
2024/07/03;1800 UTC;0;1001,3;1001,9;1001,3;1301,6;33,5;18,5;34,1;33;19,6;17,9;45;39;41;97;4,7;2,2;
2024/07/03;1900 UTC;0;1001,3;1001,3;1001,2;961,3;32,7;19,2;34;32,7;19,4;17,9;45;40;45;103;4,5;1,8;
2024/07/03;2000 UTC;0;1001,8;1001,8;1001,3;185,3;29,3;22,3;32,7;29,3;22,6;18,8;66;45;66;90;3,6;0;
2024/07/03;2100 UTC;0;1002,1;1002,1;1001,8;12,5;26,7;20,1;29,3;26,7;22,3;20,1;70;65;67;83;0;0;
2024/07/03;2200 UTC;0;1002,5;1002,5;1002,1;;25,9;21,1;26,7;25,8;21,1;20,2;75;67;75;280;0;0;
2024/07/03;2300 UTC;0;1003,2;1003,2;1002,5;;26,2;22,4;26,4;25,9;22,8;21,2;81;75;80;35;2;,6;
2024/07/04;0000 UTC;0;1003,7;1003,7;1003,2;;25,7;22,5;26,4;25,7;22,6;21,7;82;76;82;49;2;,3;
2024/07/04;0100 UTC;0;1003,6;1003,8;1003,6;;24,7;22,1;25,7;24,7;22,6;22,1;86;82;85;181;1,4;0;
2024/07/04;0200 UTC;0;1003,6;1003,6;1003,5;;24,1;22;24,7;24,1;22,2;21,9;88;85;88;194;,6;0;
2024/07/04;0300 UTC;0;1003,1;1003,6;1003,1;;23,7;22;24,1;23,6;22;21,8;90;88;90;353;,5;0;
2024/07/04;0400 UTC;;;;;;;;;;;;;;;;;;
2024/07/04;0500 UTC;;;;;;;;;;;;;;;;;;
2024/07/04;0600 UTC;;;;;;;;;;;;;;;;;;
2024/07/04;0700 UTC;;;;;;;;;;;;;;;;;;
2024/07/04;0800 UTC;;;;;;;;;;;;;;;;;;
2024/07/04;0900 UTC;0;1003,2;1003,2;1002,3;14,2;21,9;20,9;22,2;21,5;21,1;20,4;94;93;94;34;1,2;0;
2024/07/04;1000 UTC;0;1003,9;1003,9;1003,2;350,4;24,8;21,5;24,8;21,9;22,6;21;94;82;82;28;,8;,2;
2024/07/04;1100 UTC;0;1004,5;1004,6;1003,9;883,3;27,2;17,5;27,3;24,7;21,6;17,5;82;55;55;147;3,9;1,4;
2024/07/04;1200 UTC;0;1004,6;1004,6;1004,5;1391,8;29,5;19,2;29,5;27,2;19,2;17,4;58;52;54;105;7,4;3,3;
2024/07/04;1300 UTC;0;1004,6;1004,7;1004,6;1874,2;30,8;17,8;30,8;29;18,9;17,3;54;45;46;126;7,7;3,2;
2024/07/04;1400 UTC;0;1003,9;1004,6;1003,9;2238,2;32,4;18,1;32,5;30,8;18,3;17,3;46;42;43;110;7,8;2,5;
2024/07/04;1500 UTC;0;1002,7;1003,9;1002,7;2360,8;32,5;17,7;32,8;31,9;18,5;17,2;44;40;41;122;7;2,2;
2024/07/04;1600 UTC;0;1001,7;1002,7;1001,7;1960,6;33,7;17,9;33,7;32,5;18,4;17,1;42;38;39;118;6,7;2,4;
2024/07/04;1700 UTC;0;1000,9;1001,7;1000,9;1804,8;34,3;17,7;34,3;32,6;18,2;16,8;41;37;38;127;6,5;1,6;
2024/07/04;1800 UTC;0;1000,5;1000,9;1000,5;1181,3;33,3;17;34,6;32,9;17,9;15,9;41;34;38;72;5,9;1,7;
2024/07/04;1900 UTC;0;1000,4;1000,6;1000,4;485,7;31,4;19;33,7;29,9;20,6;17;58;38;48;176;3,9;,3;
2024/07/04;2000 UTC;0;1000,8;1000,8;1000,4;414,4;30,4;19,5;32,8;30,4;19,8;16,8;53;39;52;191;3,7;,7;
2024/07/04;2100 UTC;0;1001,2;1001,2;1000,8;23,7;28,7;19;30,4;28,6;20,7;18,3;59;51;56;205;3,3;1,2;
2024/07/04;2200 UTC;0;1001,7;1001,7;1001,2;;25,9;19,9;28,7;25,9;20,3;18,8;70;55;69;339;2,4;0;
2024/07/04;2300 UTC;0;1002,5;1002,5;1001,6;;24,7;20,6;25,9;24,7;20,6;19,7;78;69;78;298;,6;0;
2024/07/05;0000 UTC;0;1003,2;1003,2;1002,5;;24,2;21,4;24,7;24,1;21,4;20,7;85;78;85;71;0;0;
2024/07/05;0100 UTC;0;1003,8;1003,8;1003,2;;24,1;21,2;24,2;23,9;21,6;21,2;87;84;84;129;1;,1;
2024/07/05;0200 UTC;0;1004,3;1004,3;1003,8;;23,5;20,9;24;23,5;21,2;20,5;85;81;85;96;2,3;0;
2024/07/05;0300 UTC;0;1003,8;1004,3;1003,8;;23;19,9;23,5;23;20,9;19,5;86;79;83;66;2;,1;
2024/07/05;0400 UTC;0;1003,8;1003,8;1003,6;;21,8;19,8;23;21,8;20,1;19,8;88;83;88;8;1,7;,6;
2024/07/05;0500 UTC;0;1003,6;1003,8;1003,5;;21,4;19,2;22,1;21,2;20,2;19,1;89;87;87;187;2,7;0;
2024/07/05;0600 UTC;0;1003,6;1003,7;1003,6;;22;18,7;22;21,4;19,4;18,4;87;81;82;200;2;1;
2024/07/05;0700 UTC;0;1004,1;1004,1;1003,6;;21,1;19;22;21,1;19,2;18,6;88;81;88;241;2;0;
2024/07/05;0800 UTC;0;1005;1005;1004,1;;20,7;19,5;21,1;20,4;19,5;18,8;93;88;93;126;2,5;,8;
2024/07/05;0900 UTC;0;1005,5;1005,5;1005;12,8;20,7;17,6;20,8;20;19,5;17,6;93;83;83;173;2,7;,8;
2024/07/05;1000 UTC;0;1006,1;1006,1;1005,5;373,8;24,8;16,5;24,8;20,7;17,8;16,3;83;60;60;122;4,5;1,3;
2024/07/05;1100 UTC;0;1006,6;1006,6;1006,1;924,6;27,5;16,1;27,5;24,8;16,9;15,9;60;50;50;108;7,5;3,6;
2024/07/05;1200 UTC;0;1006,9;1006,9;1006,6;1423,3;28,9;16,2;28,9;27,4;16,7;16;51;46;46;123;7,6;3,3;
2024/07/05;1300 UTC;0;1006,9;1007,1;1006,9;1912,3;30,4;16,2;30,5;28,7;16,8;15,8;47;42;42;117;7,4;2,8;
2024/07/05;1400 UTC;0;1006,4;1006,9;1006,4;2283;31,1;16,3;31,8;30,1;17,2;15,3;44;38;41;95;7,7;3,8;
2024/07/05;1500 UTC;0;1005,4;1006,4;1005,4;2407,7;32,7;15,7;32,7;31;16,5;15;41;35;36;123;8,1;2,8;
2024/07/05;1600 UTC;0;1004,4;1005,5;1004,4;1963;32,9;14,6;33,5;32,1;15,6;13,9;37;32;33;103;7,3;3,3;
2024/07/05;1700 UTC;0;1003,6;1004,4;1003,5;1909,2;33,8;14,6;34,1;32,8;15,5;14,2;35;31;32;93;7,2;2,5;
2024/07/05;1800 UTC;0;1003,2;1003,6;1003,1;1467,5;33,9;14,6;34,1;33,3;15,2;13,9;33;30;31;102;7,8;1,8;
2024/07/05;1900 UTC;0;1003,2;1003,2;1003,1;986;34;14,3;34;33,4;14,9;13,4;32;30;31;146;5,1;,8;
2024/07/05;2000 UTC;0;1003,4;1003,4;1003,2;440,8;28,8;18,5;34,2;28,8;19;13,4;55;30;54;151;3,5;,2;
2024/07/05;2100 UTC;0;1003,8;1003,8;1003,4;11,4;25,4;16,4;28,8;25,4;18,8;16,2;59;52;57;186;1,4;,5;
2024/07/05;2200 UTC;0;1004,3;1004,3;1003,8;;24,2;18,5;25,4;24,1;18,6;15,9;70;56;70;312;1,8;,2;
2024/07/05;2300 UTC;0;1005,1;1005,1;1004,3;;22,8;18,4;24,2;22,8;19,3;18,3;77;70;77;62;1,1;0;
2024/07/06;0000 UTC;0;1005,8;1005,8;1005,1;;22,4;19,2;22,9;22,4;19,3;18,4;82;77;82;124;,6;0;
2024/07/06;0100 UTC;0;1006,2;1006,2;1005,8;;22,1;19,2;22,4;21,9;19,3;19;85;82;84;157;1,2;,2;
2024/07/06;0200 UTC;0;1006,6;1006,6;1006,1;;21,8;19,8;22,1;21,7;19,8;19,2;89;84;89;358;1,5;,8;
2024/07/06;0300 UTC;0;1006,4;1006,6;1006,4;;21,9;19,1;21,9;21,4;19,8;18,8;89;84;85;132;1,5;,1;
2024/07/06;0400 UTC;0;1006,1;1006,5;1006,1;;21,5;19,8;21,9;21,5;19,9;18,7;90;82;90;327;2,2;0;
2024/07/06;0500 UTC;;;;;;;;;;;;;;;;;;
2024/07/06;0600 UTC;;;;;;;;;;;;;;;;;;
2024/07/06;0700 UTC;;;;;;;;;;;;;;;;;;
2024/07/06;0800 UTC;;;;;;;;;;;;;;;;;;
2024/07/06;0900 UTC;;;;;;;;;;;;;;;;;;
2024/07/06;1000 UTC;0;1007,2;1007,2;1006,5;344;22,9;19,1;22,9;20,1;20,2;18,9;94;79;79;23;1,3;,2;
2024/07/06;1100 UTC;0;1007,4;1007,4;1007,2;839,9;26,4;18,2;26,4;22,9;19,1;17,6;79;59;61;164;2,7;1,1;
2024/07/06;1200 UTC;0;1007,8;1007,8;1007,4;1344,4;29,2;19,2;29,5;26,4;19,5;18,1;62;54;55;132;4;2;
2024/07/06;1300 UTC;0;1007,6;1007,9;1007,6;1849,9;31,3;20,1;31,3;29,2;20,2;19,3;56;51;51;97;7,8;3;
2024/07/06;1400 UTC;0;1006,9;1007,6;1006,9;1996,4;31,4;20,1;32,2;30,8;20,7;19,6;52;49;51;119;8;2,6;
2024/07/06;1500 UTC;0;1006,1;1006,9;1006,1;1992,7;33,2;19,7;33,2;31,4;20,4;19;52;44;45;107;8;2,6;
2024/07/06;1600 UTC;0;1005;1006,1;1005;1648,9;33,9;19,1;33,9;32,1;20,3;19,1;49;42;42;78;7,2;2,2;
2024/07/06;1700 UTC;0;1004;1005;1004;1626,1;33,8;19,6;34,3;32,8;19,8;18,5;46;40;43;72;5,8;2,6;
2024/07/06;1800 UTC;0;1003,6;1004;1003,6;1393,1;33,4;19;34,5;33,4;19,8;18;43;38;43;104;5,7;1,8;
2024/07/06;1900 UTC;0;1003,4;1003,6;1003,4;762,7;34,3;19,6;34,4;32,4;20,3;18,3;47;40;42;107;4;1,1;
2024/07/06;2000 UTC;0;1003,6;1003,6;1003,4;465,1;30,5;21,5;34,4;30,5;21,9;18,8;59;40;59;125;2,7;,1;
2024/07/06;2100 UTC;0;1003,7;1003,7;1003,6;12,7;27;20,8;30,5;27;22,3;20,7;70;59;69;257;1,3;,1;
2024/07/06;2200 UTC;0;1004;1004;1003,7;;26,8;22,1;27;26,6;22,1;20,6;76;68;76;338;,9;0;
2024/07/06;2300 UTC;0;1004,6;1004,6;1004;;27,1;22,1;27,1;26,6;22,7;21,3;78;71;74;252;1;,1;
2024/07/07;0000 UTC;0;1005,6;1005,6;1004,6;;26,6;23,2;27,1;26,5;23,4;21,9;83;74;81;51;1;0;
2024/07/07;0100 UTC;,4;1005,8;1006;1005,7;;25,8;23,9;26,7;25,8;24,5;22,8;91;79;89;2;2,8;1,5;
2024/07/07;0200 UTC;0;1005,9;1005,9;1005,7;;24,9;22,5;25,8;24,9;23,9;22,1;89;82;86;336;2,9;,7;
2024/07/07;0300 UTC;0;1006;1006,1;1005,9;;24,2;22,5;25;24,1;22,6;22,2;90;86;90;19;2,2;,1;
2024/07/07;0400 UTC;0;1005,5;1006;1005,4;;23,8;22,1;24,2;23,6;22,5;22;92;90;90;1;2,8;1,3;
2024/07/07;0500 UTC;0;1004,9;1005,5;1004,9;;23,2;21,9;23,8;23,2;22,2;21,7;93;89;93;2;2,2;0;
2024/07/07;0600 UTC;0;1004,7;1004,9;1004,6;;23;21,9;23,3;23;22,2;21,8;94;93;93;146;,9;0;
2024/07/07;0700 UTC;0;1004,6;1004,7;1004,5;;22,6;21,5;23,1;22,6;22;21,5;94;93;94;268;,9;,2;
2024/07/07;0800 UTC;0;1004,9;1004,9;1004,5;;22,9;21,9;22,9;22,5;21,9;21,5;94;94;94;76;,9;,1;
2024/07/07;0900 UTC;0;1005,6;1005,6;1004,9;8,7;23,1;22,1;23,3;22,8;22,3;21,8;94;94;94;229;,8;0;
2024/07/07;1000 UTC;0;1006,2;1006,3;1005,6;131,8;24;22,8;24;23,1;23;22,1;94;93;93;89;1,5;,7;
2024/07/07;1100 UTC;0;1006,6;1006,6;1006,2;399,5;25,2;22,4;25,2;24;23,2;22,2;93;84;85;124;1,9;,4;
2024/07/07;1200 UTC;0;1007,1;1007,1;1006,6;455,8;26,4;22,3;26,4;25,2;22,7;21,7;85;78;78;158;1,9;,7;
2024/07/07;1300 UTC;0;1006,9;1007,1;1006,9;1124,2;28,5;22,4;28,5;26,1;22,7;21,5;78;70;70;65;3,6;1,6;
2024/07/07;1400 UTC;0;1006,7;1006,9;1006,5;1209,8;28,3;21,3;29,6;28,3;22,5;21,2;70;61;66;146;9,3;2,3;
2024/07/07;1500 UTC;1,4;1006,3;1007;1006,3;442,1;26,2;23,8;28,3;25,2;24;21,3;90;66;86;54;9,3;,7;
2024/07/07;1600 UTC;0;1005,4;1006,3;1005,4;1375,4;29,3;21,7;29,4;26;24;21,4;86;63;64;150;5,7;1,9;
2024/07/07;1700 UTC;0;1004,7;1005,4;1004,7;1528,1;30;21,3;30,2;29,1;22,3;20,9;65;58;60;142;6,3;2,4;
2024/07/07;1800 UTC;0;1004,1;1004,7;1004,1;1223,5;29,9;21,5;30,7;29,7;22;20,8;61;58;61;157;5,9;2;
2024/07/07;1900 UTC;0;1004;1004,1;1003,8;575,4;29,7;21,3;29,9;28,6;21,6;20,8;64;60;61;135;5,5;1,4;
2024/07/07;2000 UTC;0;1004,1;1004,1;1003,9;370,2;28,5;21,3;30,4;28,5;21,7;20,6;65;58;65;137;6,3;2,6;
2024/07/07;2100 UTC;0;1004,4;1004,4;1004,1;6,4;26,9;21,6;28,5;26,9;21,6;21,2;73;65;73;179;6,3;,8;
2024/07/07;2200 UTC;0;1004,7;1004,8;1004,3;;26,2;21;26,9;26,1;21,7;21;75;73;73;183;3;1;
2024/07/07;2300 UTC;0;1005,3;1005,3;1004,7;;25,9;21,2;26,3;25,9;21,2;20,8;75;72;75;192;4;,8;
2024/07/08;0000 UTC;0;1005,8;1005,8;1005,3;;24,9;21,6;25,9;24,9;21,6;21,2;82;75;82;207;2,2;,6;
2024/07/08;0100 UTC;0;1005,8;1005,8;1005,7;;25;20,9;25;24,7;21,6;20,9;83;78;78;201;3,8;,9;
2024/07/08;0200 UTC;0;1006;1006;1005,9;;24,9;21;25,1;24,9;21;20,8;79;77;79;186;3,8;,7;
2024/07/08;0300 UTC;0;1005,5;1006;1005,5;;24,7;20,8;24,9;24,7;21,2;20,8;80;78;79;173;3,1;,5;
2024/07/08;0400 UTC;0;1005;1005,5;1005;;23,8;20,7;24,7;23,8;20,9;20,5;83;79;83;42;2,4;,1;
2024/07/08;0500 UTC;0;1004,8;1005;1004,8;;22,8;21,2;23,8;22,8;21,2;20,8;91;83;91;186;1,5;0;
2024/07/08;0600 UTC;0;1004,7;1004,9;1004,7;;22,4;21,1;22,8;22,4;21,3;21;92;91;92;352;,9;0;
2024/07/08;0700 UTC;;;;;;;;;;;;;;;;;;
2024/07/08;0800 UTC;;;;;;;;;;;;;;;;;;
2024/07/08;0900 UTC;0;1005,5;1005,5;1005,4;11,7;21,4;20,4;21,7;21,3;20,7;20,3;94;94;94;297;0;0;
2024/07/08;1000 UTC;0;1005,9;1005,9;1005,5;364,6;24,6;21,2;24,6;21,4;22,6;20,4;94;82;82;49;0;0;
2024/07/08;1100 UTC;0;1006,1;1006,2;1005,9;939,9;26,9;19,6;27;24,4;21,1;19,4;81;64;64;135;3,3;1,2;
2024/07/08;1200 UTC;0;1006;1006,2;1006;1460;29,1;19,6;29,2;26,9;20,1;18,9;64;56;57;113;7;3;
2024/07/08;1300 UTC;0;1005,9;1006,1;1005,9;1907,2;31;19,4;31;29,1;19,7;18,2;57;49;50;113;7;2,8;
2024/07/08;1400 UTC;0;1005,2;1005,9;1005,2;2283,5;31,8;18,6;32,1;30,7;19,1;17,9;50;44;46;98;9;3,4;
2024/07/08;1500 UTC;0;1004,4;1005,2;1004,4;2341;32,9;18,7;33,1;31,6;18,9;17,8;46;41;43;102;6,6;2,7;
2024/07/08;1600 UTC;0;1003,3;1004,5;1003,3;1893,8;33,8;18,1;34,2;32,6;19,1;17,6;44;39;39;101;6,8;2,5;
2024/07/08;1700 UTC;0;1002,4;1003,3;1002,4;1900,7;34,4;17,7;34,5;33,4;18,6;17,5;41;37;37;141;6;1,8;
2024/07/08;1800 UTC;0;1001,8;1002,4;1001,8;1460;34;18,3;34,7;33,7;18,6;17,2;41;36;39;158;5,3;1,9;
2024/07/08;1900 UTC;0;1001,7;1001,8;1001,5;993,4;33,8;17,2;34,6;33,8;18,5;16,9;39;36;37;131;5,9;1,7;
2024/07/08;2000 UTC;0;1001,5;1001,7;1001,5;449,3;31,2;18,9;34;31,2;20,1;16,8;52;36;48;186;5,9;,8;
2024/07/08;2100 UTC;0;1001,7;1001,7;1001,4;14,1;28,5;19,2;31,2;28,1;20,6;18,6;62;47;57;203;3,1;1,1;
2024/07/08;2200 UTC;0;1002,2;1002,2;1001,7;;26,2;19,9;28,8;26,2;19,9;18,9;68;55;68;288;2,5;0;
2024/07/08;2300 UTC;0;1002,9;1002,9;1002,2;;24,9;21;26,2;24,9;21;19,7;79;68;79;289;,9;,1;
2024/07/09;0000 UTC;0;1003,4;1003,4;1002,9;;24;21,3;25;24;21,4;21,1;85;79;85;280;,9;0;
2024/07/09;0100 UTC;0;1003,6;1003,6;1003,4;;23,5;21,8;23,9;23,4;21,8;21,1;90;85;90;72;,5;0;
2024/07/09;0200 UTC;0;1004,4;1004,4;1003,6;;23,5;20,9;23,6;23,1;21,9;20,6;91;84;85;88;3,9;,7;
2024/07/09;0300 UTC;0;1004,1;1004,4;1004,1;;23,1;21,2;23,7;23,1;21,2;20,6;89;83;89;104;2,6;,2;
2024/07/09;0400 UTC;0;1004;1004,2;1004;;22,9;21,1;23,1;22,5;21,2;20,7;90;89;89;197;,9;0;
2024/07/09;0500 UTC;0;1003,7;1004;1003,6;;22,9;21,2;23,4;22,9;21,3;21;90;87;90;215;1,2;0;
2024/07/09;0600 UTC;0;1003,5;1003,7;1003,5;;22,3;20,8;22,9;22,3;21,3;20,7;91;90;91;168;1;0;
2024/07/09;0700 UTC;;;;;;;;;;;;;;;;;;
2024/07/09;0800 UTC;;;;;;;;;;;;;;;;;;
2024/07/09;0900 UTC;0;1004,3;1004,3;1003,9;10,8;21,6;20,6;22,1;21,3;21,1;20,3;94;94;94;113;1,3;,3;
2024/07/09;1000 UTC;0;1005,3;1005,3;1004,3;367,7;24,8;21,6;24,9;21,5;22,4;20,6;94;82;82;134;1,9;,6;
2024/07/09;1100 UTC;0;1005,9;1006;1005,3;903,5;27,3;21,5;27,3;24,8;21,9;20,8;82;71;71;76;2,9;1;
2024/07/09;1200 UTC;0;1006,1;1006,1;1005,9;1175,4;28,1;21,2;28,9;27,1;22,3;21,2;72;64;66;109;3,5;1,1;
2024/07/09;1300 UTC;0;1005,7;1006,1;1005,7;1350,1;29,8;20,4;30,3;28,1;21,8;19,9;68;56;57;87;4,2;2;
2024/07/09;1400 UTC;0;1005;1005,7;1005;1992,8;31;19,4;31,5;29,8;20,9;19,3;57;49;50;118;6;2,1;
2024/07/09;1500 UTC;0;1004,2;1005;1004,2;2120,9;32,7;18,5;32,8;30,5;20;18,3;53;43;43;108;6,8;2,9;
2024/07/09;1600 UTC;0;1003;1004,2;1003;1981,6;33;17,8;33,6;32,3;18,8;17,4;44;39;40;87;6,3;2,7;
2024/07/09;1700 UTC;0;1002;1003;1002;1930,1;33,2;18;33,6;32,9;18,6;17,2;42;38;41;105;5,7;2,5;
2024/07/09;1800 UTC;0;1001,6;1002;1001,6;1474,9;33,6;17,1;34,2;33,1;18,4;16,4;41;35;38;181;5,5;1,4;
2024/07/09;1900 UTC;0;1001,3;1001,6;1001,3;888;33,4;16,8;33,9;32,4;17,6;16;41;35;37;119;5;1,3;
2024/07/09;2000 UTC;0;1001,4;1001,5;1001,3;453,5;30,5;18,6;33,5;30,5;21;16,4;51;37;49;159;4,1;,4;
2024/07/09;2100 UTC;0;1001,5;1001,5;1001,2;12,8;26,2;19;30,5;26,2;20,3;18;65;47;65;216;1,7;0;
2024/07/09;2200 UTC;0;1002;1002;1001,5;;25;19,8;26,2;25;19,8;18,7;73;64;73;257;,8;,1;
2024/07/09;2300 UTC;0;1002,5;1002,5;1002;;24,3;21,4;25,1;24,2;21,4;19,8;84;73;84;37;,9;0;
2024/07/10;0000 UTC;0;1003,1;1003,1;1002,5;;23,5;21,1;24,3;23,5;21,4;21;87;83;87;72;0;0;
2024/07/10;0100 UTC;0;1003,5;1003,5;1003,1;;23;21,2;23,5;23;21,5;21;90;86;90;56;1,2;,3;
2024/07/10;0200 UTC;0;1003,7;1003,8;1003,5;;22,7;20,7;23,1;22,6;21,4;20,5;91;87;89;83;2,4;,2;
2024/07/10;0300 UTC;0;1003,5;1003,7;1003,4;;22;20,3;22,6;21,9;20,8;20,2;91;89;90;108;1,4;,2;
2024/07/10;0400 UTC;0;1003,3;1003,5;1003,3;;21,9;20,4;22,2;21,6;20,9;20,1;92;90;91;26;2,1;,7;
2024/07/10;0500 UTC;0;1002,7;1003,3;1002,7;;22,6;20,6;22,6;21,8;20,9;20;92;89;89;333;3,1;1,3;
2024/07/10;0600 UTC;0;1002,6;1002,8;1002,6;;22,1;20,8;22,6;22;20,9;20,4;93;88;92;267;2,7;0;
2024/07/10;0700 UTC;0;1002,8;1002,8;1002,6;;21,6;20,5;22,1;21,6;20,9;20,5;93;92;93;118;0;0;
2024/07/10;0800 UTC;0;1003,2;1003,2;1002,8;;21,2;20,2;21,9;21,2;20,9;20,2;94;93;94;190;0;0;
2024/07/10;0900 UTC;0;1003,7;1003,7;1003,2;10,4;20,9;19,9;21,3;20,7;20,3;19,6;94;94;94;96;0;0;
2024/07/10;1000 UTC;0;1004,6;1004,6;1003,7;304,5;22,7;19,5;22,8;20,9;21;19,2;94;82;82;72;1,9;,8;
2024/07/10;1100 UTC;0;1005,5;1005,5;1004,6;719,3;25,9;21,1;26;22,8;22,4;19,7;87;75;75;77;4,9;2,1;
2024/07/10;1200 UTC;0;1005,7;1005,7;1005,5;1388,6;28,3;20;28,5;25,5;21;19,3;76;59;61;82;6,6;3;
2024/07/10;1300 UTC;0;1005,5;1005,7;1005,5;1876,1;30,2;19,3;30,2;28,3;20,3;19,1;61;52;52;71;5,8;2,5;
2024/07/10;1400 UTC;0;1004,9;1005,5;1004,9;2230,7;31,4;19,3;32;29,9;20;18,9;54;47;49;98;6,5;2,5;
2024/07/10;1500 UTC;0;1004,1;1004,9;1004,1;2157,9;32,8;20,1;33,2;31,1;20,5;18,8;51;45;47;50;7;3,2;
2024/07/10;1600 UTC;0;1003,4;1004,1;1003,4;1310,7;32,2;19,3;33,3;31,5;20,1;19;50;43;46;98;8,2;2,5;
2024/07/10;1700 UTC;0;1002,7;1003,4;1002,7;1698,7;32,8;18,8;33,7;32,2;19,6;18,1;46;40;44;110;6,6;2,3;
2024/07/10;1800 UTC;0;1002,2;1002,7;1002,2;1467,9;33,7;18;34;32,8;19,2;17,9;44;39;39;57;5;1,9;
2024/07/10;1900 UTC;0;1002,2;1002,3;1002,1;838,1;32,1;19,2;34;32,1;20,2;17,8;49;39;46;9;4,1;,7;
2024/07/10;2000 UTC;0;1002,4;1002,4;1002,2;325,2;29,7;23,1;32,3;29,7;23,1;19,5;68;46;68;270;1,8;0;
2024/07/10;2100 UTC;0;1002,5;1002,5;1002,3;16,7;26,8;21;29,7;26,8;23,1;20,9;71;67;71;33;0;0;
2024/07/10;2200 UTC;0;1002,9;1002,9;1002,5;;26,8;21,8;26,8;26,4;21,8;20,6;74;69;74;238;1,8;0;
2024/07/10;2300 UTC;0;1003,6;1003,6;1002,9;;26,1;21,4;26,9;26;22,4;21,4;80;74;75;298;1,9;,1;
2024/07/11;0000 UTC;0;1004,2;1004,2;1003,6;;25,7;22;26,4;25,6;22,4;21,6;81;75;80;169;1,4;,6;
2024/07/11;0100 UTC;0;1004,3;1004,3;1004,1;;25,2;22,3;25,5;24,8;22,3;21,8;85;80;84;360;,8;0;
2024/07/11;0200 UTC;0;1004,5;1004,6;1004,2;;24,7;22,7;25,2;24,7;22,7;22,1;88;84;88;7;1,1;,2;
2024/07/11;0300 UTC;0;1004,5;1004,6;1004,4;;23,9;22;24,7;23,9;22,6;21,9;89;88;89;21;2,2;,1;
2024/07/11;0400 UTC;0;1004,1;1004,5;1004,1;;23,4;21,8;23,9;23,4;22;21,8;91;89;91;305;1,2;,1;
2024/07/11;0500 UTC;;;;;;;;;;;;;;;;;;
2024/07/11;0600 UTC;;;;;;;;;;;;;;;;;;
2024/07/11;0700 UTC;;;;;;;;;;;;;;;;;;
2024/07/11;0800 UTC;;;;;;;;;;;;;;;;;;
2024/07/11;0900 UTC;;;;;;;;;;;;;;;;;;
2024/07/11;1000 UTC;0;1006,4;1006,4;1005,4;174,8;24,6;22;24,8;24,3;23,1;21,7;93;85;85;146;4,6;1,7;
2024/07/11;1100 UTC;0;1007;1007;1006,4;633,3;25,6;21,3;25,8;24,6;22;20,9;85;76;77;178;5;1,4;
2024/07/11;1200 UTC;0;1007,5;1007,5;1007;793,4;27,3;21,6;27,3;25,6;21,8;21,2;77;71;71;130;5;2;
2024/07/11;1300 UTC;0;1007,3;1007,5;1007,2;1464;29,3;21,4;29,4;27,3;21,6;20,6;71;60;62;117;6,7;2,8;
2024/07/11;1400 UTC;0;1006,6;1007,3;1006,6;1366,6;29,8;21,4;30,5;29,1;21,6;20,5;63;55;61;127;7,4;2,5;
2024/07/11;1500 UTC;0;1005,9;1006,6;1005,8;1843,8;30,3;20,8;31,6;29,7;21,8;20,5;61;53;57;121;8,8;3,3;
2024/07/11;1600 UTC;0;1004,7;1005,9;1004,7;1839,6;32,3;20;32,6;29,6;21,6;19,4;61;46;48;126;8,8;2,1;
2024/07/11;1700 UTC;0;1003,8;1004,7;1003,8;1962,6;32,9;18,7;32,9;31,9;20,3;18,3;49;43;43;101;7,3;2,5;
2024/07/11;1800 UTC;0;1003,5;1003,8;1003,5;1357,2;32,9;19,3;33,5;31,2;20,1;18,6;51;42;45;138;6,8;2,1;
2024/07/11;1900 UTC;0;1003,8;1003,8;1003,5;752,9;32,3;20,4;33,3;31,4;20,7;19;51;43;49;165;4,8;1,3;
2024/07/11;2000 UTC;0;1004,1;1004,1;1003,8;422,2;30,2;20,4;32,5;30,2;20,8;20,1;56;49;56;172;4,2;1,2;
2024/07/11;2100 UTC;0;1004,4;1004,5;1004,1;16,6;27,6;21,2;30,2;27,6;21,2;20,2;68;56;68;206;3,1;1;
2024/07/11;2200 UTC;0;1004,9;1004,9;1004,4;;26,2;21,5;27,6;26,2;21,5;21,2;76;68;75;232;2,4;0;
2024/07/11;2300 UTC;0;1005,7;1005,7;1004,9;;25,1;21,8;26,2;25;22;21,5;83;75;82;207;1,4;,1;
2024/07/12;0000 UTC;0;1006,1;1006,1;1005,7;;24,4;21,8;25,1;24,4;21,9;21,5;85;81;85;191;1,8;,4;
2024/07/12;0100 UTC;0;1006,2;1006,3;1006,1;;23,4;21,8;24,5;23,3;22;21,1;90;84;90;145;1,7;,1;
2024/07/12;0200 UTC;0;1006,4;1006,4;1006,2;;22,8;21,5;23,6;22,6;22;21,1;92;90;92;10;,6;0;
2024/07/12;0300 UTC;0;1006;1006,4;1005,9;;22,1;20,8;22,8;22,1;21,5;20,8;93;92;93;212;1,3;,2;
2024/07/12;0400 UTC;0;1005,8;1006;1005,7;;21,8;20,7;22,1;20,8;21;19,6;94;92;94;18;2,7;,5;
2024/07/12;0500 UTC;;;;;;;;;;;;;;;;;;
2024/07/12;0600 UTC;;;;;;;;;;;;;;;;;;
2024/07/12;0700 UTC;;;;;;;;;;;;;;;;;;
2024/07/12;0800 UTC;;;;;;;;;;;;;;;;;;
2024/07/12;0900 UTC;0;1007,1;1007,1;1006,7;13,5;19;17,8;19;18,6;17,8;17,3;93;92;93;37;,7;0;
2024/07/12;1000 UTC;0;1008;1008;1007,1;314,9;21,7;16,6;21,8;19;19;16,4;93;73;73;39;,6;,1;
2024/07/12;1100 UTC;0;1008,3;1008,3;1008;874,2;25,8;16,1;25,8;21,7;17,4;15,2;75;54;55;117;4,1;1,9;
2024/07/12;1200 UTC;0;1008,3;1008,4;1008,3;1396,7;28,4;17,6;28,4;25,8;17,7;15,8;55;51;52;152;4,6;1,7;
2024/07/12;1300 UTC;0;1007,8;1008,3;1007,8;1892,2;30,1;17,8;30,1;28,4;18,1;17,1;52;47;48;119;7,4;3,1;
2024/07/12;1400 UTC;0;1007;1007,8;1007;2298,1;31,3;17,7;31,8;30,1;18,6;17,4;48;44;44;122;8,7;2,6;
2024/07/12;1500 UTC;0;1006,1;1007;1006,1;2402,1;31,8;17,7;32,6;31,2;18,5;17,5;46;41;43;101;7,1;3,2;
2024/07/12;1600 UTC;0;1005,1;1006;1005,1;2009,5;33,3;17,7;33,6;31,8;18,7;17,5;44;39;40;121;7,3;2,6;
2024/07/12;1700 UTC;0;1004,1;1005,1;1004,1;1811,9;33,7;17,5;34;32,8;18,5;17,3;42;38;38;117;7,3;2,5;
2024/07/12;1800 UTC;0;1003,6;1004,1;1003,6;1395,2;34;17,6;34,2;33;18,1;16,6;40;37;38;117;5,9;2;
2024/07/12;1900 UTC;0;1003,8;1003,8;1003,5;879,7;33,6;18,1;34;32,9;19;16,8;42;36;40;134;5,1;1,7;
2024/07/12;2000 UTC;0;1004;1004;1003,8;414,5;30,4;20,3;33,7;30,4;20,3;17,5;55;38;55;156;4,9;,4;
2024/07/12;2100 UTC;0;1004,3;1004,3;1004;18,9;27,3;19,9;30,4;27,3;20,7;19,6;64;55;64;202;2,5;,2;
2024/07/12;2200 UTC;0;1004,7;1004,7;1004,3;;26,1;20,1;27,3;26,1;20,5;19,4;70;62;69;57;1,8;0;
2024/07/12;2300 UTC;0;1005,2;1005,2;1004,7;;25,2;20,9;26,1;25,2;21;20,1;78;69;77;58;,8;,1;
2024/07/13;0000 UTC;0;1006;1006;1005,2;;25,4;22,3;25,7;25,1;22,6;20,8;83;77;83;89;1,2;,4;
2024/07/13;0100 UTC;0;1006,3;1006,3;1006;;25,6;20,9;25,6;25,1;22,3;20,7;84;74;75;158;2,4;,7;
2024/07/13;0200 UTC;0;1006,2;1006,3;1006,1;;25,5;21;25,7;25,2;21,4;19,9;78;71;76;149;1,9;,4;
2024/07/13;0300 UTC;0;1005,9;1006,2;1005,9;;24,8;19,8;25,5;24,7;21,2;19,5;80;73;74;150;1,4;0;
2024/07/13;0400 UTC;0;1005,4;1005,9;1005,4;;24,2;20,8;25,2;24,2;21,2;19,4;83;72;81;352;1,4;0;
2024/07/13;0500 UTC;0;1005,3;1005,4;1005,2;;24,2;20,9;24,3;24;21,4;20,3;85;79;82;211;,8;0;
2024/07/13;0600 UTC;;;;;;;;;;;;;;;;;;
2024/07/13;0700 UTC;;;;;;;;;;;;;;;;;;
2024/07/13;0800 UTC;;;;;;;;;;;;;;;;;;
2024/07/13;0900 UTC;0;1006,8;1006,8;1006,1;6,7;22,6;20;24;22,5;20;18,7;85;72;85;66;3,5;,3;
2024/07/13;1000 UTC;0;1007,3;1007,3;1006,8;363,3;26,3;19,4;26,3;22,6;20,6;18,9;86;66;66;93;3,1;1,2;
2024/07/13;1100 UTC;0;1007,5;1007,6;1007,3;893,7;27,4;19,4;27,5;26,2;19,7;19;66;61;62;99;5,9;3,3;
2024/07/13;1200 UTC;0;1007,7;1007,7;1007,5;1398,3;29,2;19,3;29,4;27,4;19,6;18,8;62;54;55;110;11,2;3,5;
2024/07/13;1300 UTC;0;1007,3;1007,7;1007,3;1670;29,5;19,3;30,3;28,9;19,9;19;57;52;54;117;8,6;3,2;
2024/07/13;1400 UTC;0;1006,9;1007,3;1006,8;2133,7;30,9;19,2;31,9;29,1;19,8;18,7;56;46;50;144;8,6;2,7;
2024/07/13;1500 UTC;0;1005,8;1006,9;1005,8;2071;32,2;18,4;32,3;30,9;19,6;18,2;50;43;44;118;8,7;3,5;
2024/07/13;1600 UTC;0;1004,8;1005,8;1004,8;1574,5;31,7;18,3;33,1;31,2;19,2;17,7;47;40;45;129;9,1;2,3;
2024/07/13;1700 UTC;0;1004;1004,8;1004;1588,9;32,8;17;33,3;31,5;18,5;17;46;39;39;133;7,3;2,9;
2024/07/13;1800 UTC;0;1003,6;1004;1003,6;1282,4;33,1;17;33,7;31,3;17,9;16,2;44;36;38;95;6,7;3,2;
2024/07/13;1900 UTC;0;1003,6;1003,7;1003,6;981,7;32,4;16,9;33,6;32,4;17,6;16,4;40;36;40;107;6,7;2,4;
2024/07/13;2000 UTC;0;1003,8;1003,9;1003,6;218;29,5;19,9;32,4;29,5;19,9;16,5;57;39;57;123;4,9;,1;
2024/07/13;2100 UTC;0;1004,1;1004,1;1003,8;23,5;26,2;19,1;29,5;26,2;20,5;18,6;65;53;65;190;2,3;,3;
2024/07/13;2200 UTC;0;1004,5;1004,5;1004,1;;25,2;20;26,2;25,2;20,8;18,7;74;64;73;283;1,1;0;
2024/07/13;2300 UTC;0;1005,2;1005,2;1004,5;;24,5;21,1;25,2;24,3;21,2;19,9;82;72;82;60;,5;0;
2024/07/14;0000 UTC;0;1005,8;1005,8;1005,2;;23,2;20,8;24,5;23,2;21,2;20,5;87;81;87;9;,3;0;
2024/07/14;0100 UTC;0;1006,3;1006,3;1005,8;;23,6;21,2;23,8;23,1;21,4;20,7;88;85;87;156;1,1;0;
2024/07/14;0200 UTC;0;1006,2;1006,3;1006,2;;22,4;20,5;23,6;22,4;21,2;20,5;89;87;89;29;1,3;0;
2024/07/14;0300 UTC;0;1006;1006,2;1006;;21,5;20,1;22,4;21,5;20,8;20;92;89;92;57;1,2;,2;
2024/07/14;0400 UTC;0;1005,5;1006;1005,5;;20,6;18,9;21,5;20,6;20,1;18,9;92;90;90;295;1,1;,1;
2024/07/14;0500 UTC;0;1005,2;1005,5;1005,2;;19,7;17,7;20,6;19,7;18,9;17,7;90;88;88;305;,7;0;
2024/07/14;0600 UTC;;;;;;;;;;;;;;;;;;
2024/07/14;0700 UTC;;;;;;;;;;;;;;;;;;
2024/07/14;0800 UTC;;;;;;;;;;;;;;;;;;
2024/07/14;0900 UTC;0;1007,4;1007,4;1007;8,7;21,5;15,2;21,5;20,9;15,2;14,6;69;67;68;145;5,5;1,4;
2024/07/14;1000 UTC;0;1008,2;1008,2;1007,4;369,4;23,5;15,9;23,5;21,5;16;15,2;68;62;62;142;5,5;1,7;
2024/07/14;1100 UTC;0;1008,4;1008,4;1008,2;922,5;25,7;16,8;25,7;23,6;16,9;15,9;62;58;58;140;7,1;2,6;
2024/07/14;1200 UTC;0;1008,5;1008,6;1008,4;1429,2;27,6;17;27,7;25,4;17,4;16,6;60;52;52;146;8,1;2,7;
2024/07/14;1300 UTC;0;1008,4;1008,7;1008,4;1931,8;29;17,1;29,1;27,1;17,5;16,5;53;48;49;135;10;3;
2024/07/14;1400 UTC;0;1007,8;1008,4;1007,8;2319,4;30,3;16,5;30,5;28,8;17;16,3;49;42;44;110;9,8;3,8;
2024/07/14;1500 UTC;0;1006,6;1007,8;1006,6;2447,7;31,4;15,9;31,8;30,2;17,2;15,9;45;39;39;153;7,3;2,5;
2024/07/14;1600 UTC;0;1005,4;1006,6;1005,4;2114,1;32,6;15,7;32,8;31,2;16,9;15,4;42;36;36;147;7,4;2,4;
2024/07/14;1700 UTC;0;1004,5;1005,4;1004,4;1941;33;14,8;33,4;32,4;16,4;14,6;38;33;33;126;7,1;2,1;
2024/07/14;1800 UTC;0;1004,1;1004,5;1004,1;1509,8;33,3;14,4;33,5;32,5;15,2;14,1;34;32;32;124;7;2,2;
2024/07/14;1900 UTC;0;1004;1004,1;1004;1010,2;32,7;14,9;33,6;32,7;15,1;13,9;34;31;34;182;5;1,4;
2024/07/14;2000 UTC;0;1004,2;1004,2;1004;489;30,2;15,9;32,8;30,2;16;13,9;42;33;42;183;4,9;,6;
2024/07/14;2100 UTC;0;1004,7;1004,7;1004,2;14,1;27,2;16,6;30,2;27,2;17,3;16,1;52;42;52;218;2,8;,9;
2024/07/14;2200 UTC;0;1005,1;1005,1;1004,7;;24,8;17,4;27,2;24,8;17,6;16,5;63;52;63;257;2;0;
2024/07/14;2300 UTC;0;1005,8;1005,8;1005,1;;23,1;17,9;24,8;23,1;18,3;17,5;73;63;73;250;,8;,1;
2024/07/15;0000 UTC;0;1006,3;1006,3;1005,8;;22,7;19,5;23,1;22,4;19,5;17,9;82;73;82;65;,8;0;
2024/07/15;0100 UTC;0;1006,6;1006,6;1006,3;;21,8;18,7;22,7;21,8;19,6;18,7;84;82;83;110;0;0;
2024/07/15;0200 UTC;0;1006,8;1006,8;1006,6;;21,1;18,9;21,8;21;19,1;18,5;88;83;88;116;0;0;
2024/07/15;0300 UTC;0;1006,4;1006,8;1006,3;;20,9;18,9;21,1;20,8;19;18,7;89;87;89;103;0;0;
2024/07/15;0400 UTC;0;1006,2;1006,6;1006,2;;20,4;18,4;20,9;20,3;18,9;18,4;91;88;88;95;1,6;,3;
2024/07/15;0500 UTC;0;1005,7;1006,2;1005,7;;20,3;17,9;21;20,3;18,3;17,7;88;82;86;111;2,8;,1;
2024/07/15;0600 UTC;0;1006,2;1006,2;1005,7;;19,8;18,1;20,2;19,8;18,6;17,9;91;86;90;81;2,8;0;
2024/07/15;0700 UTC;;;;;;;;;;;;;;;;;;
2024/07/15;0800 UTC;;;;;;;;;;;;;;;;;;
2024/07/15;0900 UTC;0;1007,5;1007,5;1006,9;8,3;19,1;17,6;19,3;18,8;17,8;17,3;92;90;91;66;1;0;
2024/07/15;1000 UTC;0;1008,4;1008,4;1007,5;365,9;22,8;16,9;22,8;19,1;18,7;16,6;92;69;69;98;1,9;,7;
2024/07/15;1100 UTC;0;1008,8;1008,9;1008,4;920,6;27,5;16,8;27,5;22,8;17,1;16,2;69;52;52;116;5,6;2,1;
2024/07/15;1200 UTC;0;1009,1;1009,1;1008,8;1422,1;28,6;16,8;28,7;27,1;17,3;16,3;54;48;49;117;7,9;3,5;
2024/07/15;1300 UTC;0;1008,6;1009,1;1008,6;1925;29,7;17;30,1;28,6;17,6;16,7;50;45;46;102;8,5;4,4;
2024/07/15;1400 UTC;0;1008,2;1008,6;1008,2;2263,9;30,9;17,2;31,4;29,6;17,7;16,8;47;43;44;112;8,9;2,8;
2024/07/15;1500 UTC;0;1007,5;1008,2;1007,5;2422,6;32;16,5;32,6;30,5;17,8;16,1;45;38;39;116;7,7;3,4;
2024/07/15;1600 UTC;0;1006,5;1007,5;1006,5;2164,3;33;16,6;33,6;32;17,5;16,2;41;37;38;133;8,1;2,1;
2024/07/15;1700 UTC;0;1005,5;1006,5;1005,5;1895,7;33,8;15,5;34,3;32,6;17,2;15,4;39;33;33;121;7,2;2,4;
2024/07/15;1800 UTC;0;1005,1;1005,5;1005,1;1430,1;34,1;15,2;34,1;32,9;16,1;14,7;37;32;32;124;7,2;2,2;
2024/07/15;1900 UTC;0;1005;1005,1;1005;987;33,2;14,4;34,2;33,2;15,8;14,3;34;31;32;123;6;2,6;
2024/07/15;2000 UTC;0;1005,3;1005,3;1005;465,1;31,3;15,6;33,2;31,3;15,6;14,3;39;32;39;117;5,7;1,1;
2024/07/15;2100 UTC;0;1005,5;1005,5;1005,3;14,8;27,1;17;31,3;27,1;17,3;15,2;54;38;54;169;3,9;,2;
2024/07/15;2200 UTC;0;1005,9;1005,9;1005,5;;25,2;17,4;27,1;25,2;17,5;16,8;62;54;62;192;2,3;,1;
2024/07/15;2300 UTC;0;1006,5;1006,5;1005,9;;23,7;17,7;25,2;23,7;18;17,3;69;62;69;354;,9;0;
2024/07/16;0000 UTC;0;1007,2;1007,3;1006,5;;23,1;18,6;23,7;23,1;18,8;17,6;76;69;76;287;1,6;0;
2024/07/16;0100 UTC;0;1007,6;1007,6;1007,2;;23,5;20,3;23,7;23,2;20,3;19;82;77;82;92;,5;0;
2024/07/16;0200 UTC;0;1007,8;1007,9;1007,6;;22,8;19,3;23,5;22,8;20,3;18,8;83;75;81;176;1,6;,5;
2024/07/16;0300 UTC;0;1007,4;1007,9;1007,4;;21,5;19,2;22,8;21,5;19,5;19,2;87;81;87;346;1,5;,2;
2024/07/16;0400 UTC;0;1006,8;1007,4;1006,8;;20,8;18;21,5;20,8;19,2;17,9;87;83;84;271;1,3;0;
2024/07/16;0500 UTC;;;;;;;;;;;;;;;;;;
2024/07/16;0600 UTC;;;;;;;;;;;;;;;;;;
2024/07/16;0700 UTC;;;;;;;;;;;;;;;;;;
2024/07/16;0800 UTC;;;;;;;;;;;;;;;;;;
2024/07/16;0900 UTC;0;1008,5;1008,5;1007,3;7,6;21,7;15,7;21,9;21,6;16,1;15,6;71;67;69;136;3,8;,8;
2024/07/16;1000 UTC;0;1009,1;1009,1;1008,5;377,3;24,4;15,5;24,4;21,7;15,7;15,2;69;57;58;124;7,6;3,3;
2024/07/16;1100 UTC;0;1009,6;1009,6;1009,1;937;26,6;16,2;26,6;24,4;16,2;15,5;58;53;53;122;8,9;3,8;
2024/07/16;1200 UTC;0;1010,2;1010,2;1009,6;1452,8;28;14,5;28,2;26,6;16,2;14,5;53;44;44;105;13,1;6,3;
2024/07/16;1300 UTC;0;1010;1010,3;1009,9;1965,9;29,8;14,9;29,8;27,9;15,1;14,2;45;40;40;113;13,1;4,4;
2024/07/16;1400 UTC;0;1009,5;1010;1009,5;2354,9;31,1;15,3;31,1;29,5;15,3;14,1;41;37;39;115;9,6;3,8;
2024/07/16;1500 UTC;0;1008,8;1009,5;1008,7;2485,8;31,8;14,5;31,8;30,6;15,2;14;39;35;35;124;8,8;2,8;
2024/07/16;1600 UTC;0;1007,7;1008,8;1007,7;2149,8;32,3;14,3;32,7;31,6;14,9;13,6;36;33;34;118;8,1;2,3;
2024/07/16;1700 UTC;0;1006,7;1007,7;1006,7;2015,3;32,9;14,2;33,2;32,1;15,3;13,9;35;32;32;166;5,6;1,8;
2024/07/16;1800 UTC;0;1006,4;1006,7;1006,3;1517,7;32,6;13,3;33,4;32,3;14,6;13,1;34;30;31;129;6,4;2,9;
2024/07/16;1900 UTC;0;1006,3;1006,4;1006,3;1032,4;32,3;13,9;32,9;32,1;14,3;13,2;33;31;33;115;6,9;2,1;
2024/07/16;2000 UTC;0;1006,6;1006,6;1006,3;484,7;30,2;13,9;32,3;30,2;14,4;13,3;37;32;37;171;5,2;1,1;
2024/07/16;2100 UTC;0;1007;1007;1006,6;13,7;25,2;15,6;30,2;25,2;15,7;13,8;55;37;55;186;3,2;,7;
2024/07/16;2200 UTC;0;1007,2;1007,2;1007;;23,7;16,3;25,3;23,7;16,3;14,9;63;53;63;236;2,5;0;
2024/07/16;2300 UTC;0;1008;1008;1007,2;;22,1;18;23,7;22,1;18,1;16,4;78;63;78;44;,5;,1;
2024/07/17;0000 UTC;0;1008,5;1008,6;1008;;21,1;18,1;22,1;21,1;18,4;17,8;83;78;83;231;,9;,2;
2024/07/17;0100 UTC;;;;;;;;;;;;;;;;;;
2024/07/17;0200 UTC;;;;;;;;;;;;;;;;;;
2024/07/17;0300 UTC;;;;;;;;;;;;;;;;;;
2024/07/17;0400 UTC;;;;;;;;;;;;;;;;;;
2024/07/17;0500 UTC;;;;;;;;;;;;;;;;;;
2024/07/17;0600 UTC;;;;;;;;;;;;;;;;;;
2024/07/17;0700 UTC;;;;;;;;;;;;;;;;;;
2024/07/17;0800 UTC;;;;;;;;;;;;;;;;;;
2024/07/17;0900 UTC;;;;;;;;;;;;;;;;;;
2024/07/17;1000 UTC;;;;;;;;;;;;;;;;;;
2024/07/17;1100 UTC;0;1009,7;1009,8;1009,5;911,5;25,9;17,1;25,9;21,2;18,3;16,2;81;57;58;113;4,4;1,9;
2024/07/17;1200 UTC;0;1009,4;1009,7;1009,4;1423,9;28,9;17,2;29;25,9;17,9;16,6;58;49;49;106;6,4;2,9;
2024/07/17;1300 UTC;0;1008,9;1009,4;1008,9;1934,2;30,4;17,5;30,4;28,9;17,5;16,7;50;45;46;103;7,6;3,3;
2024/07/17;1400 UTC;0;1008,6;1008,9;1008,6;2311,3;31,5;16,7;31,6;30,3;17,7;16,2;46;39;41;122;7,3;2,6;
2024/07/17;1500 UTC;0;1007,8;1008,6;1007,8;2474,5;32,1;15,9;32,9;31,4;17;15,8;41;36;38;124;6,9;2,6;
2024/07/17;1600 UTC;0;1006,5;1007,8;1006,5;2097,2;33,1;15,1;33,7;32,1;16,3;14,9;39;33;34;169;7,5;2,2;
2024/07/17;1700 UTC;0;1005,5;1006,5;1005,5;1873,5;32,5;15,4;34,3;32,5;15,8;14,6;36;31;36;117;6,8;2,2;
2024/07/17;1800 UTC;0;1004,9;1005,5;1004,9;1421,7;33,6;14,8;33,9;32,4;15,9;14,4;37;32;32;148;6,1;1,2;
2024/07/17;1900 UTC;0;1005,1;1005,1;1004,8;816,6;32,7;15,1;33,7;32,3;15,7;14,4;37;32;35;181;5,1;1,7;
2024/07/17;2000 UTC;0;1005,3;1005,3;1005,1;253,6;30,7;16,3;32,7;30,7;17,4;14,9;44;34;42;183;5,1;1,1;
2024/07/17;2100 UTC;0;1005,7;1005,7;1005,3;15,5;27,5;17,7;30,8;27,5;17,7;16,2;55;42;55;209;3,3;,1;
2024/07/17;2200 UTC;;;;;;;;;;;;;;;;;;
2024/07/17;2300 UTC;;;;;;;;;;;;;;;;;;
2024/07/18;0000 UTC;;;;;;;;;;;;;;;;;;
2024/07/18;0100 UTC;;;;;;;;;;;;;;;;;;
2024/07/18;0200 UTC;;;;;;;;;;;;;;;;;;
2024/07/18;0300 UTC;;;;;;;;;;;;;;;;;;
2024/07/18;0400 UTC;;;;;;;;;;;;;;;;;;
2024/07/18;0500 UTC;;;;;;;;;;;;;;;;;;
2024/07/18;0600 UTC;;;;;;;;;;;;;;;;;;
2024/07/18;0700 UTC;;;;;;;;;;;;;;;;;;
2024/07/18;0800 UTC;;;;;;;;;;;;;;;;;;
2024/07/18;0900 UTC;;;;;;;;;;;;;;;;;;
2024/07/18;1000 UTC;0;1008,8;1008,8;1008,2;337,5;24,3;18,8;24,3;21,2;20,7;18,5;91;72;72;184;1,5;,4;
2024/07/18;1100 UTC;0;1009,3;1009,3;1008,8;867,9;27,4;17,4;27,5;24,2;19,1;16,7;72;54;54;150;5,4;1,8;
2024/07/18;1200 UTC;0;1009,4;1009,4;1009,3;1379,8;28,6;18,1;28,8;27,3;18,3;17,3;55;52;53;142;8,1;2,5;
2024/07/18;1300 UTC;0;1009;1009,4;1009;1878,6;30,3;18,5;30,3;28,6;19;17,8;54;48;49;109;9,1;4;
2024/07/18;1400 UTC;0;1008,2;1009;1008,1;2262,6;31,1;18;31,6;30,4;18,8;17,8;49;45;46;95;10;3,9;
2024/07/18;1500 UTC;0;1007,3;1008,2;1007,3;2418,3;32,2;18;32,9;31;18,8;17,6;46;41;43;110;6,7;2,6;
2024/07/18;1600 UTC;0;1006,1;1007,3;1006,1;1874,6;32,9;17,1;33,6;30,9;18,5;16,9;46;38;39;114;6,9;1,8;
2024/07/18;1700 UTC;0;1005,1;1006,1;1005,1;1905,9;33,2;16,5;33,9;32,5;17,7;16,4;41;36;37;83;5,1;2,3;
2024/07/18;1800 UTC;0;1004,4;1005,1;1004,4;1381,5;33,7;16,7;34,4;32,9;18,2;15,9;41;34;36;80;4,4;2,1;
2024/07/18;1900 UTC;0;1004,2;1004,4;1004,2;1016,5;33;16,6;34;33;17,1;15,9;38;34;37;96;4,5;2,1;
2024/07/18;2000 UTC;0;1004,9;1004,9;1004,2;324,7;29,6;20,3;33,2;29,6;20,3;16,7;57;37;57;107;4,3;,2;
2024/07/18;2100 UTC;0;1005,3;1005,3;1004,9;16,8;26;18,6;29,6;26;20,6;18,5;65;57;64;228;1,2;0;
2024/07/18;2200 UTC;0;1005,9;1005,9;1005,3;;24,6;18,8;26;24,6;19;18,1;70;63;70;300;1,5;,4;
2024/07/18;2300 UTC;0;1006,7;1006,8;1005,9;;24,6;19,3;24,7;24,4;19,8;18,8;75;70;72;266;1,5;,4;
2024/07/19;0000 UTC;0;1007,2;1007,2;1006,7;;23,3;20,3;24,6;23,3;20,3;19,2;83;72;83;45;1;0;
2024/07/19;0100 UTC;0;1007,4;1007,4;1007,1;;23,2;20,9;23,5;23,1;20,9;20,2;87;83;87;354;0;0;
2024/07/19;0200 UTC;;;;;;;;;;;;;;;;;;
2024/07/19;0300 UTC;;;;;;;;;;;;;;;;;;
2024/07/19;0400 UTC;;;;;;;;;;;;;;;;;;
2024/07/19;0500 UTC;;;;;;;;;;;;;;;;;;
2024/07/19;0600 UTC;;;;;;;;;;;;;;;;;;
2024/07/19;0700 UTC;;;;;;;;;;;;;;;;;;
2024/07/19;0800 UTC;;;;;;;;;;;;;;;;;;
2024/07/19;0900 UTC;0;1008,3;1008,3;1007,8;9,3;20,9;19,7;21,1;20,7;20;19,5;93;92;93;67;1,2;,2;
2024/07/19;1000 UTC;0;1009,1;1009,1;1008,3;327,7;23,7;20;23,7;20,9;21,4;19,8;93;80;80;31;1,1;,5;
2024/07/19;1100 UTC;0;1009,5;1009,6;1009,1;865;27,9;17,5;27,9;23,7;20,4;17,2;80;53;53;125;4,6;1,9;
2024/07/19;1200 UTC;0;1009,6;1009,7;1009,5;1374,4;29,5;17,6;29,6;27,8;18,2;17,2;54;48;49;122;5,7;2,6;
2024/07/19;1300 UTC;0;1009,3;1009,6;1009,3;1878,8;30,5;17,8;30,8;29,6;18;16,8;49;44;47;155;6,4;2,3;
2024/07/19;1400 UTC;0;1008,5;1009,3;1008,5;2269,4;31,6;17,6;31,8;30,5;18,4;17,1;47;42;43;138;6,9;2,4;
2024/07/19;1500 UTC;0;1007,6;1008,5;1007,6;2408,9;32,5;17;33,1;31,4;18;16,7;44;38;40;121;5,8;2,5;
2024/07/19;1600 UTC;0;1006,4;1007,6;1006,4;1910,2;32,9;17,5;33,7;32,2;18;16,8;42;37;40;120;6,2;1,8;
2024/07/19;1700 UTC;0;1005,4;1006,4;1005,4;1763;32,5;17,6;34,2;32,5;17,7;15,9;41;34;41;127;6;2,2;
2024/07/19;1800 UTC;0;1004,8;1005,4;1004,8;1133,8;33,8;16,5;33,8;32;17,9;15,7;42;34;36;150;5,4;,9;
2024/07/19;1900 UTC;0;1004,7;;;457,7;33,6;16,1;;;;;;;35;157;;1,2;
2024/07/19;2000 UTC;0;1005;1005;1004,7;430,9;31,1;18,2;34;31,1;18,2;15,9;46;35;46;145;3,8;,5;
2024/07/19;2100 UTC;0;1005,3;1005,3;1005;16,2;27,6;18,3;31,1;27,6;19,4;18,1;58;46;57;208;2;,5;
2024/07/19;2200 UTC;0;1005,9;1005,9;1005,3;;25,5;19,4;27,6;25,5;19,4;18,1;69;57;69;231;1,5;0;
2024/07/19;2300 UTC;0;1006,6;1006,6;1005,9;;24,3;20,3;25,5;24,3;20,4;19,4;78;69;78;286;1,4;,3;
2024/07/20;0000 UTC;0;1007,3;1007,3;1006,6;;24,2;20,8;24,3;24;20,9;20,2;82;78;82;289;1,1;0;
2024/07/20;0100 UTC;0;1007,6;1007,6;1007,3;;23,9;21,2;24,2;23,7;21,2;20,6;85;82;85;92;1;,2;
2024/07/20;0200 UTC;0;1007,6;1007,8;1007,6;;23,6;20,7;23,9;23,5;21,2;20,6;85;83;84;183;1;0;
2024/07/20;0300 UTC;;;;;;;;;;;;;;;;;;
2024/07/20;0400 UTC;;;;;;;;;;;;;;;;;;
2024/07/20;0500 UTC;;;;;;;;;;;;;;;;;;
2024/07/20;0600 UTC;;;;;;;;;;;;;;;;;;
2024/07/20;0700 UTC;;;;;;;;;;;;;;;;;;
2024/07/20;0800 UTC;;;;;;;;;;;;;;;;;;
2024/07/20;0900 UTC;0;1007,8;1007,8;1007,2;9,4;20,7;17,9;21,1;20,5;18,7;17,9;87;84;84;94;1,4;,7;
2024/07/20;1000 UTC;0;1008,6;1008,6;1007,8;358,3;24,7;17,6;24,7;20,7;18,7;17,3;84;65;65;83;2,2;1,1;
2024/07/20;1100 UTC;0;1009;1009,1;1008,6;907,4;27,2;17,3;27,6;24,7;17,7;16,9;65;53;55;122;8;2,9;
2024/07/20;1200 UTC;0;1009,1;1009,2;1009;1416,2;29,2;17,4;29,4;27,2;17,8;17,2;56;49;49;118;8;3;
2024/07/20;1300 UTC;0;1008,9;1009,2;1008,8;1920,7;30,6;17,4;30,7;29,1;17,9;16,8;50;43;45;109;8,2;3,4;
2024/07/20;1400 UTC;0;1008,1;1008,9;1008,1;2298,6;31,4;17;31,6;30,4;17,7;16,7;46;41;42;158;7,9;2,7;
2024/07/20;1500 UTC;0;1007,1;1008,1;1007,1;2435,4;32,6;16,6;33;31,4;17,7;16,6;43;38;38;135;9,2;2,7;
2024/07/20;1600 UTC;0;1006,1;1007,1;1006,1;1908,9;33,4;17;33,5;32,1;17,3;16,2;41;36;38;106;6,9;2,8;
2024/07/20;1700 UTC;0;1004,9;1006,1;1004,9;1858,9;33,9;15,9;34,4;32,8;16,7;15,4;38;33;34;130;7,2;2,2;
2024/07/20;1800 UTC;0;1004,4;1005;1004,3;1473;34,2;16,1;34,3;33,2;16,2;15,2;35;32;34;142;6,6;1,9;
2024/07/20;1900 UTC;0;1004,1;1004,4;1004,1;1005,8;33,4;15,3;34,4;33,3;16,3;14,8;35;32;34;154;5;1,6;
2024/07/20;2000 UTC;0;1004,3;1004,3;1004,1;452,7;31,7;15,5;33,6;31,7;16,3;14,4;39;32;38;165;4,2;1;
2024/07/20;2100 UTC;0;1004,7;1004,7;1004,3;16,2;28,2;17,2;31,7;28,2;17,8;15,3;51;37;51;204;3,6;,8;
2024/07/20;2200 UTC;0;1005,1;1005,1;1004,6;;25,4;17,9;28,2;25,4;18,5;17,2;64;51;63;4;2;0;
2024/07/20;2300 UTC;0;1005,8;1005,8;1005,1;;23,9;19,2;25,4;23,9;19,6;17,9;75;63;75;46;,3;0;
2024/07/21;0000 UTC;0;1006,2;1006,2;1005,8;;23;19,9;24;23;20,1;19,2;82;75;82;51;,7;0;
2024/07/21;0100 UTC;0;1006,4;1006,4;1006,2;;22,9;19,8;23,2;22,9;20,1;19,7;83;82;83;124;,8;0;
2024/07/21;0200 UTC;0;1006,6;1006,6;1006,4;;22,6;19,9;22,9;22,4;20;19,6;85;83;85;285;,9;,2;
2024/07/21;0300 UTC;0;1006,5;1006,6;1006,5;;22,3;20;22,8;22,3;20,3;19,9;87;84;87;46;1,7;,4;
2024/07/21;0400 UTC;;;;;;;;;;;;;;;;;;
2024/07/21;0500 UTC;;;;;;;;;;;;;;;;;;
2024/07/21;0600 UTC;;;;;;;;;;;;;;;;;;
2024/07/21;0700 UTC;;;;;;;;;;;;;;;;;;
2024/07/21;0800 UTC;;;;;;;;;;;;;;;;;;
2024/07/21;0900 UTC;0;1006,7;1006,7;1006,1;8,1;19,3;17,9;19,8;19;18,3;17,4;92;90;92;125;1,7;,2;
2024/07/21;1000 UTC;0;1007,4;1007,4;1006,7;368;23,3;15,3;23,3;19,3;18,8;15,3;92;61;61;124;4,6;1,4;
2024/07/21;1100 UTC;0;1007,9;1007,9;1007,4;930,9;26,9;16,3;26,9;23,3;16,5;15,3;62;52;52;128;6,1;2,1;
2024/07/21;1200 UTC;;;;;;;;;;;;;;;;;;
2024/07/21;1300 UTC;0;1007,5;1007,9;1007,5;1899,3;30,4;16,5;30,5;28,8;16,9;15,7;47;42;43;110;9,4;3,5;
2024/07/21;1400 UTC;0;1007;1007,5;1007;2376;31,6;16,4;31,6;29,9;16,6;15,7;44;39;40;105;7,9;3,3;
2024/07/21;1500 UTC;0;1006;1007,1;1006;2536,4;32,3;16,3;32,7;31,2;16,9;15,7;41;37;38;169;6,9;2,1;
2024/07/21;1600 UTC;0;1004,9;1006;1004,9;1784,4;33,5;15,1;33,5;32,1;16,7;15,1;39;33;33;171;6,2;2,2;
2024/07/21;1700 UTC;0;1003,9;1004,9;1003,9;2027,6;34,2;13,9;34,8;33,5;15,7;13,4;33;29;29;153;8,4;2,2;
2024/07/21;1800 UTC;0;1003,3;1003,9;1003,3;1576,1;35,2;13;35,2;34;14,2;12,4;30;25;26;129;8,4;1,2;
2024/07/21;1900 UTC;0;1003,4;1003,5;1003,2;1038,1;33,9;12,8;35,2;33,9;13,8;11,8;28;25;28;93;5,3;2,2;
2024/07/21;2000 UTC;0;1003,6;1003,6;1003,4;460,1;31,1;15,1;34,8;31,1;15,2;12,2;38;26;38;190;5,3;,9;
2024/07/21;2100 UTC;0;1003,9;1003,9;1003,6;15,3;26,9;14,9;31,1;26,9;15,7;14,5;49;38;48;233;2,5;,1;
2024/07/21;2200 UTC;0;1004,4;1004,4;1003,9;;24,3;17,2;26,9;24,3;17,4;15,1;65;48;65;337;1,3;,1;
2024/07/21;2300 UTC;0;1005,3;1005,3;1004,4;;23,3;18;24,3;23,3;18;17;72;64;72;277;1,5;,2;
2024/07/22;0000 UTC;0;1005,9;1005,9;1005,3;;22,2;18,4;23,4;22,2;18,4;17,6;79;70;79;22;1,4;0;
2024/07/22;0100 UTC;0;1006,2;1006,2;1005,9;;21,7;18,9;22,2;21,7;19,1;17,9;85;77;84;113;0;0;
2024/07/22;0200 UTC;0;1006,5;1006,5;1006,2;;21,3;18,4;21,7;21,3;18,9;18,3;85;83;84;138;1,3;,3;
2024/07/22;0300 UTC;0;1006,3;1006,6;1006,3;;20,5;18,2;21,6;20,5;18,4;17,9;87;80;86;99;1,3;0;
2024/07/22;0400 UTC;;;;;;;;;;;;;;;;;;
2024/07/22;0500 UTC;;;;;;;;;;;;;;;;;;
2024/07/22;0600 UTC;;;;;;;;;;;;;;;;;;
2024/07/22;0700 UTC;;;;;;;;;;;;;;;;;;
2024/07/22;0800 UTC;;;;;;;;;;;;;;;;;;
2024/07/22;0900 UTC;0;1006,8;1006,8;1006,2;9,8;19;17,2;19;18,6;17,2;16,7;90;88;90;26;0;0;
2024/07/22;1000 UTC;0;1007,6;1007,6;1006,8;364,5;23,8;15,1;23,8;19;17,9;15,1;90;58;58;132;5,2;1,4;
2024/07/22;1100 UTC;0;1008;1008;1007,6;943,7;27,4;15,6;27,4;23,9;15,8;15;58;48;49;144;6,1;2,2;
2024/07/22;1200 UTC;0;1008,5;1008,6;1008,1;1465,1;28,8;15,3;29;27,1;16,1;15;49;44;44;150;8,2;2,7;
2024/07/22;1300 UTC;0;1008,3;1008,6;1008,2;1987,4;30,3;15,9;30,3;28,7;16,2;15;45;41;42;127;7,4;2,6;
2024/07/22;1400 UTC;0;1007,5;1008,3;1007,5;2380,1;31,5;16,1;31,7;29,8;16,4;15,4;43;38;40;115;7,6;2,7;
2024/07/22;1500 UTC;0;1006,7;1007,5;1006,7;2521,5;32,2;15,9;32,4;31,4;16,3;15,5;40;37;38;133;7,6;2,3;
2024/07/22;1600 UTC;0;1005,6;1006,7;1005,6;1713,5;33,3;15,6;33,6;32,2;16,6;15,3;38;34;35;107;6;3;
2024/07/22;1700 UTC;0;1004,6;1005,6;1004,6;1958,5;33,5;15,8;34,4;33;16,2;15;36;32;35;167;7,1;2;
2024/07/22;1800 UTC;0;1004,1;1004,7;1004,1;1567,1;34,3;14,9;34,7;33,3;16;14,7;35;31;31;122;6,5;2,1;
2024/07/22;1900 UTC;0;1004;1004,1;1003,9;1015;34,2;15,1;34,7;34;15,8;14,7;33;31;32;166;5,3;,9;
2024/07/22;2000 UTC;0;1004,1;1004,1;1004;449,4;31,3;16,8;34,3;31,3;16,8;14,9;42;32;42;174;4,8;,3;
2024/07/22;2100 UTC;0;1004,5;1004,5;1004,1;16,5;28,1;17,6;31,3;28,1;18,1;16,7;53;42;53;227;2,1;0;
2024/07/22;2200 UTC;0;1005,2;1005,2;1004,5;;25,5;19,1;28,1;25,5;19,1;17,5;68;53;68;270;0;0;
2024/07/22;2300 UTC;0;1006,1;1006,1;1005,2;;24,3;19,4;25,5;24,3;19,6;18,6;74;66;74;319;0;0;
2024/07/23;0000 UTC;0;1006,6;1006,6;1006,1;;23,3;19,4;24,3;23,3;19,6;19;79;73;79;300;0;0;
2024/07/23;0100 UTC;0;1007;1007;1006,6;;22,9;20,3;23,3;22,9;20,4;19,4;85;79;85;102;0;0;
2024/07/23;0200 UTC;0;1007;1007,2;1007;;22,4;19,5;22,9;22,4;20,5;19,5;87;84;84;108;1,1;0;
2024/07/23;0300 UTC;;;;;;;;;;;;;;;;;;
2024/07/23;0400 UTC;;;;;;;;;;;;;;;;;;
2024/07/23;0500 UTC;;;;;;;;;;;;;;;;;;
2024/07/23;0600 UTC;;;;;;;;;;;;;;;;;;
2024/07/23;0700 UTC;;;;;;;;;;;;;;;;;;
2024/07/23;0800 UTC;;;;;;;;;;;;;;;;;;
2024/07/23;0900 UTC;;;;;;;;;;;;;;;;;;
2024/07/23;1000 UTC;0;1008,5;1008,5;1007,8;327,9;23,3;17,6;23,3;19,2;19,1;16,7;91;68;70;84;1,7;,8;
2024/07/23;1100 UTC;0;1008,9;1009;1008,5;890,8;26,4;15,4;26,4;23,3;17;15,1;70;50;51;124;7,4;3,2;
2024/07/23;1200 UTC;0;1008,7;1009;1008,7;1424,8;28,8;15,4;29;26,4;16,2;15,2;51;44;44;108;7,7;2,9;
2024/07/23;1300 UTC;0;1008,5;1008,8;1008,5;1939,2;30,7;15,4;30,8;28,8;15,8;14,7;45;39;40;109;11,2;3,2;
2024/07/23;1400 UTC;0;1008;1008,5;1008;2329,3;31,4;15,4;31,4;30,3;15,7;14,9;41;38;38;115;8,3;3,4;
2024/07/23;1500 UTC;0;1007,1;1008;1007,1;2456,5;32,3;15,2;32,5;31,3;16;15,1;39;35;36;125;7,9;2,9;
2024/07/23;1600 UTC;0;1006,1;1007,1;1006,1;1768,2;33,5;15,6;33,8;32,2;15,8;14,9;37;33;34;145;8,3;2,3;
2024/07/23;1700 UTC;0;1005,3;1006,1;1005,3;1936,9;33,7;15,4;34,1;32,8;15,6;14,7;35;32;33;119;6,8;3,1;
2024/07/23;1800 UTC;0;1004,9;1005,3;1004,7;1488,6;33,7;15;34,6;33,6;15,7;14,3;33;31;32;100;6,6;3;
2024/07/23;1900 UTC;0;1004,8;1004,9;1004,7;959,4;33,9;15,2;34,4;33,7;15,6;14,6;33;31;33;113;6,4;1,3;
2024/07/23;2000 UTC;0;1004,8;1004,9;1004,8;411,1;31,3;15,9;33,9;31,3;16,7;14,5;41;32;39;122;5,1;,6;
2024/07/23;2100 UTC;0;1005,1;1005,1;1004,8;16,8;27,2;17;31,4;27,2;18,1;15,5;56;38;54;190;3,5;,6;
2024/07/23;2200 UTC;0;1005,6;1005,6;1005,1;;25,1;18,3;27,2;25,1;18,9;17;68;54;66;22;1,3;0;
2024/07/23;2300 UTC;0;1006,3;1006,3;1005,6;;24,2;19,3;25,1;24,2;19,4;18,1;74;66;74;83;0;0;
2024/07/24;0000 UTC;0;1007;1007;1006,4;;23,3;19,5;24,2;23,2;19,7;19,3;80;74;79;176;,5;0;
2024/07/24;0100 UTC;;;;;;;;;;;;;;;;;;
2024/07/24;0200 UTC;;;;;;;;;;;;;;;;;;
2024/07/24;0300 UTC;;;;;;;;;;;;;;;;;;
2024/07/24;0400 UTC;;;;;;;;;;;;;;;;;;
2024/07/24;0500 UTC;;;;;;;;;;;;;;;;;;
2024/07/24;0600 UTC;;;;;;;;;;;;;;;;;;
2024/07/24;0700 UTC;;;;;;;;;;;;;;;;;;
2024/07/24;0800 UTC;;;;;;;;;;;;;;;;;;
2024/07/24;0900 UTC;;;;;;;;;;;;;;;;;;
2024/07/24;1000 UTC;0;1009;1009;1008,2;326;24,5;16,2;24,5;19,2;17,5;15,5;88;59;60;124;3,4;1,1;
2024/07/24;1100 UTC;0;1009,5;1009,5;1009;888,5;27,1;16,2;27,3;24,5;16,4;15,6;60;50;51;128;5,4;2,2;
2024/07/24;1200 UTC;0;1009,6;1009,7;1009,5;1415,5;28,2;16,3;28,5;27,1;16,9;15,9;52;47;48;121;8;3;
2024/07/24;1300 UTC;0;1009,3;1009,7;1009,3;1932,5;29,6;16,2;29,8;28,2;16,8;15,9;49;44;44;111;9,7;3,8;
2024/07/24;1400 UTC;0;1009,1;1009,4;1009;2326,2;31;16,2;31,4;29,6;17;16;45;40;41;140;9,7;3,2;
2024/07/24;1500 UTC;0;1008,1;1009,1;1008,1;2457;31,8;16;32,1;30,9;16,8;15,9;42;38;39;123;9,3;3,5;
2024/07/24;1600 UTC;0;1007,1;1008,1;1007,1;1950,8;33,1;16,1;33,1;31,7;16,7;15,5;39;36;36;116;7,5;2,5;
2024/07/24;1700 UTC;0;1006,2;1007,1;1006,2;1944,5;33,9;16,2;33,9;32,9;16,4;15,1;37;33;35;147;7,1;1,9;
2024/07/24;1800 UTC;0;1005,8;1006,2;1005,8;1457,3;33,8;15,7;34;33,2;16,4;15,1;36;33;34;110;6,6;1,5;
2024/07/24;1900 UTC;0;1005,7;1005,8;1005,6;971,3;33,2;15,9;34;33,2;16,4;15,1;36;33;36;164;4,2;,9;
2024/07/24;2000 UTC;0;1005,8;1005,8;1005,7;264,8;29,7;18,1;33,2;29,7;18,2;15,1;50;34;50;142;5,5;0;
2024/07/24;2100 UTC;0;1006,1;1006,1;1005,8;18;27,4;17,3;29,7;27,4;19;17,2;58;50;54;208;2,1;,2;
2024/07/24;2200 UTC;0;1006,7;1006,7;1006,1;;25,2;19,2;27,4;25,2;19,3;17,4;69;54;69;315;1,1;0;
2024/07/24;2300 UTC;0;1007,5;1007,5;1006,7;;24,2;19,3;25,2;24,2;19,6;19,2;75;69;74;188;0;0;
2024/07/25;0000 UTC;;;;;;;;;;;;;;;;;;
2024/07/25;0100 UTC;;;;;;;;;;;;;;;;;;
2024/07/25;0200 UTC;;;;;;;;;;;;;;;;;;
2024/07/25;0300 UTC;;;;;;;;;;;;;;;;;;
2024/07/25;0400 UTC;;;;;;;;;;;;;;;;;;
2024/07/25;0500 UTC;;;;;;;;;;;;;;;;;;
2024/07/25;0600 UTC;;;;;;;;;;;;;;;;;;
2024/07/25;0700 UTC;;;;;;;;;;;;;;;;;;
2024/07/25;0800 UTC;;;;;;;;;;;;;;;;;;
2024/07/25;0900 UTC;;;;;;;;;;;;;;;;;;
2024/07/25;1000 UTC;0;1009,4;1009,4;1008,7;372,8;24,7;16,1;24,7;22,1;16,4;16;70;59;59;118;4,8;1,3;
2024/07/25;1100 UTC;0;1009,8;1009,8;1009,4;959;26,5;15;26,5;24,6;16,3;14,9;59;49;49;127;5,9;2,6;
2024/07/25;1200 UTC;0;1010,2;1010,2;1009,8;1502,4;28,4;13,6;28,4;26,4;15,1;13,4;49;40;40;128;10;3,6;
2024/07/25;1300 UTC;0;1010,1;1010,2;1010,1;2045,7;29,7;12,9;29,7;28,3;13,9;12,5;41;35;36;109;9,7;3,9;
2024/07/25;1400 UTC;0;1009,3;1010,1;1009,3;2449,3;30,9;12,6;31;29,6;13,5;12,2;37;32;33;101;9,7;4,2;
2024/07/25;1500 UTC;0;1008;1009,3;1008;2596,1;32;13,5;32,1;30,8;13,6;12,4;34;31;33;96;9,7;3;
2024/07/25;1600 UTC;0;1007;1008,1;1006,9;2194,3;32,8;13,6;33,1;32;14;12,9;33;30;31;169;6,9;2,5;
2024/07/25;1700 UTC;0;1005,7;1007;1005,7;2020,2;33,1;12,5;34;32,7;13,7;12,4;32;27;29;170;7,2;2,5;
2024/07/25;1800 UTC;0;1005,3;1005,7;1005,2;1614,8;33,4;12,5;33,7;32,9;13,1;11,8;30;27;28;115;7,5;2;
2024/07/25;1900 UTC;0;1005,1;1005,3;1005,1;1063,4;33;13,4;33,8;32,9;13,5;12,2;31;27;31;134;5,7;1,6;
2024/07/25;2000 UTC;0;1005;1005,1;1005;500,6;30,8;13,9;33;30,8;14,1;13;36;30;36;187;6,1;,8;
2024/07/25;2100 UTC;0;1005;1005;1004,9;15,3;28,5;15,3;30,8;28,1;15,8;14;47;36;45;200;3,9;1,4;
2024/07/25;2200 UTC;0;1005,4;1005,4;1005;;25,6;16,4;28,5;25,6;16,5;15,3;57;45;57;206;3,9;,2;
2024/07/25;2300 UTC;0;1006;1006;1005,4;;23,1;17;25,6;23,1;17,1;16,2;69;57;69;351;1,5;0;
2024/07/26;0000 UTC;0;1006,5;1006,5;1006;;22,2;18;23,1;22,1;18,1;16,9;78;69;77;45;0;0;
2024/07/26;0100 UTC;0;1006,5;1006,6;1006,5;;21,2;18,3;22,2;21,2;18,4;17,7;83;77;83;70;,4;0;
2024/07/26;0200 UTC;;;;;;;;;;;;;;;;;;
2024/07/26;0300 UTC;;;;;;;;;;;;;;;;;;
2024/07/26;0400 UTC;;;;;;;;;;;;;;;;;;
2024/07/26;0500 UTC;;;;;;;;;;;;;;;;;;
2024/07/26;0600 UTC;;;;;;;;;;;;;;;;;;
2024/07/26;0700 UTC;;;;;;;;;;;;;;;;;;
2024/07/26;0800 UTC;;;;;;;;;;;;;;;;;;
2024/07/26;0900 UTC;0;1006,4;1006,4;1006;8,9;18,1;17;18,1;17,3;17;16;94;92;94;74;0;0;
2024/07/26;1000 UTC;0;1007,1;1007,1;1006,4;375,2;21,5;16,7;21,5;18;19;16,7;94;74;74;54;0;0;
2024/07/26;1100 UTC;0;1007,8;1007,8;1007,1;964,6;25,7;15;25,9;21,5;17;14,3;75;51;52;110;6,1;2,5;
2024/07/26;1200 UTC;0;1007,9;1008;1007,8;1507,1;27,9;16,7;28,3;25,7;17;15,1;53;49;50;86;7,6;3,5;
2024/07/26;1300 UTC;0;1007,4;1007,9;1007,4;2047,3;30,4;16,5;30,4;27,9;17,3;15,9;52;43;43;89;7,8;3;
2024/07/26;1400 UTC;0;1006,9;1007,4;1006,9;2251,2;30,8;15,1;31,3;29,5;16,9;14,8;44;38;39;125;8,4;3,5;
2024/07/26;1500 UTC;0;1006;1006,9;1006;2591,4;31,9;14,6;32,3;30,8;15,5;14,2;39;34;35;90;8,3;3,1;
2024/07/26;1600 UTC;0;1004,9;1006;1004,9;1917,5;33,3;14,6;33,3;31,6;15,6;14,3;37;33;33;97;6,5;2,2;
2024/07/26;1700 UTC;0;1003,9;1004,9;1003,9;1801,2;33,9;14,1;33,9;32,1;14,9;13,3;35;30;30;101;6,8;2,2;
2024/07/26;1800 UTC;0;1003,5;1004;1003,4;1533,4;33,6;13,6;33,9;33,2;14,1;13,1;31;29;30;133;6,8;1,7;
2024/07/26;1900 UTC;0;1003,3;1003,5;1003,2;1042,6;33,9;13,5;34,3;33,2;14,4;12,8;31;28;29;97;5,1;1,3;
2024/07/26;2000 UTC;0;1003,4;1003,4;1003,2;415,7;29,7;16,3;33,9;29,7;16,3;12,7;44;28;44;179;4;0;
2024/07/26;2100 UTC;0;1003,6;1003,6;1003,4;15,8;26,1;15,2;29,7;26,1;17,3;15,1;54;45;51;207;1,3;0;
2024/07/26;2200 UTC;0;1004,2;1004,2;1003,6;;24,6;17;26,1;24,5;17;15,4;63;51;63;271;2;0;
2024/07/26;2300 UTC;0;1005;1005;1004,2;;22,7;17,9;24,6;22,7;18,1;17,1;75;63;75;100;,7;0;
2024/07/27;0000 UTC;;;;;;;;;;;;;;;;;;
2024/07/27;0100 UTC;;;;;;;;;;;;;;;;;;
2024/07/27;0200 UTC;;;;;;;;;;;;;;;;;;
2024/07/27;0300 UTC;;;;;;;;;;;;;;;;;;
2024/07/27;0400 UTC;;;;;;;;;;;;;;;;;;
2024/07/27;0500 UTC;;;;;;;;;;;;;;;;;;
2024/07/27;0600 UTC;;;;;;;;;;;;;;;;;;
2024/07/27;0700 UTC;;;;;;;;;;;;;;;;;;
2024/07/27;0800 UTC;;;;;;;;;;;;;;;;;;
2024/07/27;0900 UTC;;;;;;;;;;;;;;;;;;
2024/07/27;1000 UTC;0;1008;1008;1007;309,3;22,2;17,2;22,2;18,8;19,2;17,2;93;73;73;170;1,3;,2;
2024/07/27;1100 UTC;0;1008,3;1008,3;1008;914,9;25,9;17,3;25,9;22,1;17,5;16,4;73;59;59;187;2,9;,9;
2024/07/27;1200 UTC;0;1008,3;1008,4;1008,2;1442,8;28,2;17,4;28,6;25,9;17,8;17;59;50;52;116;6,8;2,9;
2024/07/27;1300 UTC;0;1008,1;1008,2;1007,9;1962,8;30,1;16,7;30,3;28,2;17,9;16,3;52;44;44;123;8,1;3,3;
2024/07/27;1400 UTC;0;1007,6;1008,1;1007,6;2379,4;31,1;16,1;31,4;29,8;17,5;16;46;40;41;104;7,9;3,9;
2024/07/27;1500 UTC;0;1006,5;1007,6;1006,5;2522,6;32,4;16;32,5;30,9;16,6;15,8;42;37;37;111;7,9;2,3;
2024/07/27;1600 UTC;0;1005,4;1006,5;1005,4;2164,8;33,3;15;33,3;32;16,5;14,6;39;33;33;113;6,7;2,4;
2024/07/27;1700 UTC;0;1004,7;1005,4;1004,7;2018,6;33,7;14,3;33,8;32,9;15,3;14,2;34;31;31;126;6,2;2,1;
2024/07/27;1800 UTC;0;1004,5;1004,7;1004,5;1565;33,6;14,4;34,3;33,6;15;13,8;32;30;32;110;7,2;2,8;
2024/07/27;1900 UTC;0;1004,5;1004,5;1004,4;1019,5;33,8;14,3;34,5;33,5;14,8;13,9;32;30;31;102;5,2;1;
2024/07/27;2000 UTC;0;1004,8;1004,9;1004,5;454,7;30;18,3;34,1;30;18,8;14,1;51;31;49;125;2,6;0;
2024/07/27;2100 UTC;0;1005;1005;1004,8;17,9;26,6;16,6;30;26,6;19,1;16,4;56;49;54;198;1,3;,1;
2024/07/27;2200 UTC;0;1005,6;1005,6;1005;;24,8;18,3;26,6;24,8;18,3;16,5;67;54;67;287;1;0;
2024/07/27;2300 UTC;0;1006,2;1006,2;1005,6;;23,7;18,6;24,8;23,7;18,7;18,4;73;67;73;259;0;0;
2024/07/28;0000 UTC;0;1006,8;1006,8;1006,2;;22,8;19,5;23,7;22,8;19,8;18,7;82;73;82;6;0;0;
2024/07/28;0100 UTC;0;1007,1;1007,1;1006,8;;22;19;22,8;22;19,9;18,9;84;81;83;141;0;0;
2024/07/28;0200 UTC;0;1006,9;1007,1;1006,9;;21;18,4;22;21;19,2;18,4;85;83;85;252;0;0;
2024/07/28;0300 UTC;0;1007;1007;1006,8;;20,7;18,9;21,1;20,5;18,9;18,3;90;85;90;101;0;0;
2024/07/28;0400 UTC;0;1006,9;1007;1006,7;;20,1;18,6;20,8;19,8;19;18,2;91;88;91;32;2,3;,8;
2024/07/28;0500 UTC;0;1006,6;1007;1006,6;;19,8;18,2;20,4;19,8;18,8;18,1;92;89;90;72;2,3;0;
2024/07/28;0600 UTC;;;;;;;;;;;;;;;;;;
2024/07/28;0700 UTC;;;;;;;;;;;;;;;;;;
2024/07/28;0800 UTC;;;;;;;;;;;;;;;;;;
2024/07/28;0900 UTC;0;1008,1;1008,1;1007,5;10,4;19;17,9;19,3;18,8;18,3;17,6;94;93;94;181;1,5;0;
2024/07/28;1000 UTC;0;1008,7;1008,7;1008;351,7;22,2;18,1;22,2;19;19,1;18;94;78;78;51;1,7;,2;
2024/07/28;1100 UTC;0;1009,1;1009,2;1008,7;824,4;26,2;15,9;26,2;22,2;18,4;14,6;79;52;53;134;5,8;1,8;
2024/07/28;1200 UTC;0;1009,2;1009,3;1009,1;1464,3;29;15,6;29,1;26,2;16,2;15,5;53;44;44;114;7,6;3,6;
2024/07/28;1300 UTC;0;1008,7;1009,2;1008,7;1984;30,4;16,6;30,8;28,8;16,6;15,6;45;41;44;117;7,6;3,8;
2024/07/28;1400 UTC;0;1008;1008,7;1008;2379,1;31,4;16,4;31,9;30,4;17,2;16,2;44;39;41;110;8,6;3,3;
2024/07/28;1500 UTC;0;1007,1;1008,1;1007,1;2512,7;32;16,6;32,8;31,4;16,9;16,1;41;38;40;163;7,4;2,4;
2024/07/28;1600 UTC;0;1006;1007,1;1006;1915;33,4;16,8;33,9;32;17,1;16,1;40;34;37;122;7,5;2;
2024/07/28;1700 UTC;0;1005,2;1006;1005,2;2062,9;34,4;16;34,5;33,4;16,9;15,8;37;33;34;117;6,1;2,6;
2024/07/28;1800 UTC;0;1004,9;1005,2;1004,8;1627,8;34;16,7;35,2;34;16,8;15,8;36;33;36;156;6,6;1,9;
2024/07/28;1900 UTC;0;1004,9;1005;1004,8;866,8;34,1;16,2;34,7;33,3;17,5;15,8;38;33;34;113;5,1;1,2;
2024/07/28;2000 UTC;0;1004,9;1004,9;1004,8;466,7;31,8;18,9;34,6;31,8;18,9;15,8;46;33;46;164;3,2;0;
2024/07/28;2100 UTC;0;1005,3;1005,3;1004,9;19;27,2;18,2;31,8;27,2;19,2;17,8;59;44;58;283;,8;0;
2024/07/28;2200 UTC;0;1005,8;1005,8;1005,3;;26;19,7;27,2;26;19,7;18,2;68;58;68;337;2,2;0;
2024/07/28;2300 UTC;0;1006,8;1006,8;1005,8;;24,7;20,2;26;24,7;20,5;19,8;77;68;76;125;1,3;,3;
2024/07/29;0000 UTC;0;1007,2;1007,2;1006,8;;23,9;20,4;24,8;23,9;20,4;20,1;80;75;80;342;1,5;0;
2024/07/29;0100 UTC;0;1007,3;1007,3;1007,2;;23,9;20,5;24,1;23,3;20,5;19,9;83;79;81;264;1;,1;
2024/07/29;0200 UTC;0;1007,3;1007,3;1007,2;;23,4;20,7;24,4;23,4;21,1;20,3;85;79;85;328;1;0;
2024/07/29;0300 UTC;0;1007,2;1007,4;1007,2;;22,9;20,9;23,5;22,9;21,3;20,6;89;85;89;187;0;0;
2024/07/29;0400 UTC;0;1006,8;1007,2;1006,7;;22;20,4;22,9;22;21;20,3;91;89;91;355;0;0;
2024/07/29;0500 UTC;0;1006,8;1006,8;1006,7;;21,8;20,3;22,5;21,7;21,1;20,1;92;90;91;226;0;0;
2024/07/29;0600 UTC;;;;;;;;;;;;;;;;;;
2024/07/29;0700 UTC;;;;;;;;;;;;;;;;;;
2024/07/29;0800 UTC;;;;;;;;;;;;;;;;;;
2024/07/29;0900 UTC;0;1008,6;1008,6;1008;8;20,2;18,7;20,7;20;18,9;18,4;91;90;91;24;,8;0;
2024/07/29;1000 UTC;0;1009,1;1009,1;1008,6;292,2;23,4;18,1;23,4;20,2;20;17,9;92;71;72;15;,4;0;
2024/07/29;1100 UTC;0;1009,5;1009,5;1009,1;894,5;27,4;18;27,5;23,5;19,4;17,9;74;56;56;144;2,6;,9;
2024/07/29;1200 UTC;0;1009,5;1009,7;1009,5;1434,4;29,3;17,4;29,5;27,4;18,4;16,5;57;47;49;146;3,8;1,6;
2024/07/29;1300 UTC;0;1009;1009,5;1009;1979,3;31,3;17,9;31,5;29,3;18,4;17,2;49;44;45;97;7,3;3,5;
2024/07/29;1400 UTC;0;1008,2;1009,1;1008,2;2240,1;32,3;18,1;32,6;31,2;18,5;17,4;46;42;43;106;7,3;2,7;
2024/07/29;1500 UTC;0;1007,2;1008,2;1007,2;2249,3;32,5;17,9;33,7;31,8;18,5;17;44;37;42;119;6,1;2,3;
2024/07/29;1600 UTC;0;1006,1;1007,2;1006,1;1590,6;32,7;15,3;34,5;31,9;17,7;15,2;42;32;35;128;7,1;1,7;
2024/07/29;1700 UTC;0;1005,3;1006,1;1005,3;1521,6;33,8;15;34,8;32,5;15,8;14,6;37;31;32;89;6,1;2,1;
2024/07/29;1800 UTC;0;1004,8;1005,3;1004,7;1353,5;34,6;14,4;34,8;33,1;15,8;14;36;29;30;105;6,5;2,8;
2024/07/29;1900 UTC;0;1004,9;1004,9;1004,7;925,1;34,4;14,5;34,9;33,6;14,8;14,1;32;29;30;136;6,1;1,1;
2024/07/29;2000 UTC;0;1005,2;1005,2;1004,9;453,3;31,6;15,7;34,4;31,6;16,8;14,3;41;30;38;155;3,7;,4;
2024/07/29;2100 UTC;0;1005,5;1005,5;1005,2;17,2;27,2;17,1;31,6;27,2;17,4;15,6;55;38;54;196;2,5;,3;
2024/07/29;2200 UTC;0;1005,9;1005,9;1005,4;;25,6;18,1;27,4;25,6;18,1;16,7;63;53;63;217;1,5;0;
2024/07/29;2300 UTC;0;1006,2;1006,3;1005,9;;24,5;19;25,6;24,4;19;18,2;72;64;71;4;,7;0;
2024/07/30;0000 UTC;0;1006,7;1006,7;1006,2;;23,3;19,4;24,5;23,3;19,6;18,9;79;71;79;18;0;0;
2024/07/30;0100 UTC;0;1006,9;1006,9;1006,6;;23;19,6;23,3;22,8;19,6;19,1;81;78;81;57;0;0;
2024/07/30;0200 UTC;0;1007;1007;1006,8;;22,5;19,8;23,2;22,5;20,2;19,6;85;81;85;58;0;0;
2024/07/30;0300 UTC;;;;;;;;;;;;;;;;;;
2024/07/30;0400 UTC;;;;;;;;;;;;;;;;;;
2024/07/30;0500 UTC;;;;;;;;;;;;;;;;;;
2024/07/30;0600 UTC;;;;;;;;;;;;;;;;;;
2024/07/30;0700 UTC;;;;;;;;;;;;;;;;;;
2024/07/30;0800 UTC;;;;;;;;;;;;;;;;;;
2024/07/30;0900 UTC;;;;;;;;;;;;;;;;;;
2024/07/30;1000 UTC;0;1007,8;1007,8;1007,1;335,7;23,1;18,8;23,1;19,3;20,2;18,1;94;77;77;197;1,8;,7;
2024/07/30;1100 UTC;0;1008,5;1008,5;1007,8;896,6;27,6;17;27,6;23,1;19,3;15,9;77;50;52;137;2,9;1,2;
2024/07/30;1200 UTC;0;1008,6;1008,7;1008,5;1438,9;30,3;15,8;30,3;27,6;16,5;15;52;40;42;132;5,3;1,8;
2024/07/30;1300 UTC;0;1008,4;1008,6;1008,4;1963,4;31,2;16,3;31,2;30,1;16,4;15;42;39;41;133;5,3;2,1;
2024/07/30;1400 UTC;0;1007,5;1008,4;1007,5;2369,9;32,7;16;33,2;31,1;16,7;15,6;41;35;37;103;5;2,1;
2024/07/30;1500 UTC;0;1006,4;1007,5;1006,3;2511,8;34,1;15,8;34,1;32,6;16,4;15,1;37;33;34;119;5,6;2;
2024/07/30;1600 UTC;0;1005,1;1006,3;1005,1;2039,4;34,4;15,1;34,9;33,6;16,3;14,7;35;31;32;150;5;2,1;
2024/07/30;1700 UTC;0;1004,2;1005,1;1004,1;1993,1;35,4;15,1;35,4;34;16,2;14,5;34;30;30;165;6,1;2;
2024/07/30;1800 UTC;0;1003,8;1004,2;1003,7;1505;35,5;14,8;35,9;35;15,9;14,7;31;28;29;214;5,3;1,2;
2024/07/30;1900 UTC;0;1003,7;1003,8;1003,7;928,1;35,5;15,3;35,6;35;15,7;14,5;31;29;30;135;4,2;,7;
2024/07/30;2000 UTC;0;1003,8;1003,8;1003,7;436,9;31,5;17,4;35,6;31,5;18,3;14,5;44;29;43;191;3,9;,3;
2024/07/30;2100 UTC;0;1004,3;1004,3;1003,8;18,5;28,4;16;31,8;28,4;17,6;14,9;47;36;47;216;3,2;0;
2024/07/30;2200 UTC;0;1004,8;1004,8;1004,3;;26,1;18,1;28,5;26,1;18,2;15,8;62;47;62;261;1,1;,1;
2024/07/30;2300 UTC;0;1005,3;1005,3;1004,8;;24,6;19,9;26,1;24,6;20;18;75;61;75;22;1,1;0;
2024/07/31;0000 UTC;0;1006;1006;1005,3;;24,1;20,4;24,6;24;20,5;19,3;80;74;80;92;,5;0;
2024/07/31;0100 UTC;0;1006,6;1006,7;1006;;23,6;19,5;24,1;23,5;20,4;19,5;80;78;78;115;1;,2;
2024/07/31;0200 UTC;0;1006,7;1006,7;1006,6;;22,6;19,3;23,7;22,5;19,5;18,9;82;76;82;310;1,6;0;
2024/07/31;0300 UTC;0;1006,6;1006,8;1006,6;;22,7;19,6;23;22,3;19,9;19,2;84;81;83;133;0;0;
2024/07/31;0400 UTC;;;;;;;;;;;;;;;;;;
2024/07/31;0500 UTC;;;;;;;;;;;;;;;;;;
2024/07/31;0600 UTC;;;;;;;;;;;;;;;;;;
2024/07/31;0700 UTC;;;;;;;;;;;;;;;;;;
2024/07/31;0800 UTC;;;;;;;;;;;;;;;;;;
2024/07/31;0900 UTC;0;1006,7;1006,7;1006,2;9,9;20,4;19,2;20,9;20,3;19,6;19;93;92;93;40;0;0;
2024/07/31;1000 UTC;0;1007,2;1007,2;1006,7;320,7;23,7;19,7;23,7;20,4;20,5;19,1;93;78;78;17;0;0;
2024/07/31;1100 UTC;0;1007,9;1007,9;1007,2;870,7;27;20;27;23,7;20,3;19;78;65;65;179;3,1;1;
2024/07/31;1200 UTC;0;1007,8;1008;1007,8;1401,7;29,8;20,2;29,8;27;20,6;19,6;66;56;56;112;5,6;1,9;
2024/07/31;1300 UTC;0;1007,3;1007,8;1007,3;1961,8;31,6;19,2;31,6;29,8;20;18,4;56;47;48;118;6,4;2,3;
2024/07/31;1400 UTC;0;1006,7;1007,4;1006,6;2377,7;32,9;15,1;33,4;31,6;19,3;15,1;48;34;34;134;7,1;2,9;
2024/07/31;1500 UTC;0;1005,5;1006,7;1005,5;2532,1;34,3;15,2;34,4;32,9;15,7;14,7;35;32;32;112;7,1;2,6;
2024/07/31;1600 UTC;0;1004,5;1005,5;1004,5;2070,9;35;15,1;35,6;33,9;15,9;14,5;32;29;30;142;8,8;2,9;
2024/07/31;1700 UTC;0;1003,5;1004,5;1003,5;1999,5;35,3;14,2;35,7;34,4;15,3;14,2;31;28;28;93;6,8;2,3;
2024/07/31;1800 UTC;0;1003,1;1003,5;1003,1;1530,4;35,4;14,5;36;35,3;15,2;14,3;30;28;29;120;6,4;2;
2024/07/31;1900 UTC;0;1003;1003,1;1003;987,6;35;14,4;35,8;35;15,1;13,9;30;28;29;134;5,6;1,6;
2024/07/31;2000 UTC;0;1003,6;1003,6;1003;439,9;31,2;18,1;35,2;31,2;18,1;14;46;28;46;170;4;0;
2024/07/31;2100 UTC;0;1004;1004;1003,6;18,7;28,1;17,1;31,2;28,1;18,4;16,8;52;46;51;251;1,5;0;
2024/07/31;2200 UTC;0;1004,3;1004,3;1004;;26;18,9;28,1;26;19;17,2;65;51;65;228;1,6;0;
2024/07/31;2300 UTC;0;1005,1;1005,1;1004,3;;24,4;19,7;26;24,4;19,9;18,4;75;65;75;39;1,4;0;
2024/08/01;0000 UTC;0;1006;1006;1005,1;;23,9;19,9;24,4;23,9;20;19,4;78;74;78;11;,8;0;
2024/08/01;0100 UTC;0;1006,5;1006,5;1006;;23,7;19,7;24,1;23,7;20,4;19,4;81;76;78;98;0;0;
2024/08/01;0200 UTC;0;1006,5;1006,5;1006,4;;22,6;19,4;23,7;22,6;19,8;19,3;82;78;82;184;0;0;
2024/08/01;0300 UTC;0;1006,7;1006,8;1006,3;;22,4;19,8;22,7;22,2;20,1;19,4;87;82;85;205;3,1;,2;
2024/08/01;0400 UTC;0;1006,1;1006,7;1006,1;;21,5;18,6;22,5;21,4;19,9;18,6;86;83;83;206;1,3;,1;
2024/08/01;0500 UTC;;;;;;;;;;;;;;;;;;
2024/08/01;0600 UTC;;;;;;;;;;;;;;;;;;
2024/08/01;0700 UTC;;;;;;;;;;;;;;;;;;
2024/08/01;0800 UTC;;;;;;;;;;;;;;;;;;
2024/08/01;0900 UTC;0;1006,8;1006,9;1006,4;8,8;19,6;16,5;19,6;18,9;16,9;16,5;88;82;82;178;1,9;,6;
2024/08/01;1000 UTC;0;1007,5;1007,5;1006,8;331,4;25,2;14,8;25,2;19,6;16,6;14,5;82;52;52;147;5,3;1;
2024/08/01;1100 UTC;0;1008,1;1008,1;1007,5;902;27,6;15,4;27,7;25,2;15,5;14,5;53;46;47;134;6,6;2,2;
2024/08/01;1200 UTC;0;1008,2;1008,3;1008,1;1441,1;30,1;15,3;30,1;27,6;15,7;14,4;48;40;41;149;6,6;2,2;
2024/08/01;1300 UTC;0;1007,8;1008,2;1007,8;1970,4;30,9;15,1;31,1;29,6;15,5;13,9;41;36;38;167;8,5;2,4;
2024/08/01;1400 UTC;0;1007,4;1007,8;1007,3;2364;31,9;14,8;32,3;30,9;15,7;14,2;39;34;36;133;7,3;2,7;
2024/08/01;1500 UTC;0;1006,2;1007,4;1006,2;2511,7;33,6;14,8;33,6;31,5;15,3;14,1;37;32;32;134;8;2,6;
2024/08/01;1600 UTC;0;1004,9;1006,2;1004,9;2060,5;34,8;14,8;34,8;33,1;15;14,3;33;30;30;141;8,5;1,9;
2024/08/01;1700 UTC;0;1004;1004,9;1004;2001;35;13;35;34,2;15;13;31;27;27;202;6,9;1,3;
2024/08/01;1800 UTC;0;1003,4;1004;1003,4;1554,3;34,9;12,6;35,6;34,8;13,6;12,4;28;26;26;121;7,1;2,5;
2024/08/01;1900 UTC;0;1003,1;1003,4;1003,1;1016,2;35,1;12,6;35,6;34,9;13,8;12,2;28;25;26;121;6,5;1,8;
2024/08/01;2000 UTC;0;1003,4;1003,4;1003,1;470;32,6;15,1;35,3;32,6;15,4;13,1;35;26;35;208;4,4;1,1;
2024/08/01;2100 UTC;0;1003,7;1003,7;1003,3;15,9;28,6;16,7;32,6;28,6;16,7;15,3;48;35;48;242;3,3;0;
2024/08/01;2200 UTC;0;1004,3;1004,3;1003,7;;26;17,9;28,6;26;17,9;16,6;61;48;61;293;,2;0;
2024/08/01;2300 UTC;0;1005;1005;1004,3;;25,3;17,4;26;25,3;18,2;17,4;64;61;62;270;1,1;0;
2024/08/02;0000 UTC;0;1005,9;1005,9;1005;;24,3;18,7;25,3;24,1;19,2;17,9;73;62;71;97;1,9;,6;
2024/08/02;0100 UTC;0;1006,2;1006,3;1005,9;;27,8;16;27,8;23,8;19,4;15,8;76;48;49;136;5;1,1;
2024/08/02;0200 UTC;0;1006,7;1006,7;1006,2;;26,7;17,2;28,2;26,7;17,4;16;56;48;56;49;5;1,5;
2024/08/02;0300 UTC;0;1006,3;1006,7;1006,3;;23,8;18,2;26,7;23,8;18,3;17,1;71;56;71;231;2,8;0;
2024/08/02;0400 UTC;;;;;;;;;;;;;;;;;;
2024/08/02;0500 UTC;;;;;;;;;;;;;;;;;;
2024/08/02;0600 UTC;;;;;;;;;;;;;;;;;;
2024/08/02;0700 UTC;;;;;;;;;;;;;;;;;;
2024/08/02;0800 UTC;;;;;;;;;;;;;;;;;;
2024/08/02;0900 UTC;0;1007,1;1007,1;1006,3;9,2;20,2;17,8;20,3;20;18,2;17,7;89;86;86;66;0;0;
2024/08/02;1000 UTC;0;1007,6;1007,6;1007;361,4;23,8;17,4;23,8;20,2;18,8;16,7;86;65;67;50;0;0;
2024/08/02;1100 UTC;0;1008,1;1008,1;1007,6;950,8;27,3;15,7;27,3;23,8;17,8;14,9;68;48;49;127;5,9;2,4;
2024/08/02;1200 UTC;0;1008,3;1008,3;1008,1;1499,7;28,7;14;28,7;27;15,4;14;49;41;41;114;8,6;3,9;
2024/08/02;1300 UTC;0;1007,8;1008,3;1007,8;2024,1;30,6;13,2;30,7;28,7;14,5;12,9;42;34;34;150;9;2,7;
2024/08/02;1400 UTC;0;1007,1;1007,8;1007,1;2427,4;32,1;12,6;32,2;30,5;13,4;12,2;35;30;30;140;8,6;3,7;
2024/08/02;1500 UTC;0;1005,8;1007,1;1005,8;2593,4;33,4;11,2;33,8;32;12,9;11,2;31;26;26;112;8,8;3,4;
2024/08/02;1600 UTC;0;1004,7;1005,8;1004,7;2097;34;12,6;34,5;33,2;13,4;11,4;29;25;27;115;9,2;3,4;
2024/08/02;1700 UTC;0;1003,6;1004,7;1003,6;2036,7;34,4;11,9;34,5;33,7;12,8;11;28;24;26;119;7,7;2,8;
2024/08/02;1800 UTC;0;1003;1003,6;1003;1593,3;34,6;12,8;34,7;33,9;12,9;11,5;27;25;27;132;7,6;2,6;
2024/08/02;1900 UTC;0;1003,1;1003,1;1002,9;1035,5;33,8;12,3;34,7;33,5;13,4;12;29;26;27;159;7,1;1,9;
2024/08/02;2000 UTC;0;1003,4;1003,4;1003,1;421,2;31,7;12,5;33,8;31,7;12,9;11,6;31;27;31;149;6,6;,4;
2024/08/02;2100 UTC;0;1003,8;1003,8;1003,4;16,3;28,5;13,7;31,7;28,5;14;12;41;31;40;174;3,9;,5;
2024/08/02;2200 UTC;0;1004,2;1004,2;1003,8;;27,2;14,8;28,5;26,7;15;13,8;49;40;47;205;2,5;,9;
2024/08/02;2300 UTC;0;1005;1005;1004,2;;27,2;15;27,3;27;15,2;14,7;49;46;47;192;3;1;
2024/08/03;0000 UTC;0;1005,6;1005,6;1005;;25;15,9;27,2;25;15,9;14,9;57;47;57;189;2,8;,3;
2024/08/03;0100 UTC;0;1006;1006;1005,6;;22,8;16,6;25;22,8;16,9;15,9;68;57;68;316;2;0;
2024/08/03;0200 UTC;0;1006,1;1006,1;1006;;21,4;16,5;22,8;21,4;16,7;16,2;74;68;74;82;0;0;
2024/08/03;0300 UTC;0;1005,8;1006,1;1005,8;;20,5;16,9;21,4;20,4;17,1;16,2;81;73;80;152;1,6;0;
2024/08/03;0400 UTC;;;;;;;;;;;;;;;;;;
2024/08/03;0500 UTC;;;;;;;;;;;;;;;;;;
2024/08/03;0600 UTC;;;;;;;;;;;;;;;;;;
2024/08/03;0700 UTC;;;;;;;;;;;;;;;;;;
2024/08/03;0800 UTC;;;;;;;;;;;;;;;;;;
2024/08/03;0900 UTC;0;1006,5;1006,5;1006,1;9,8;17,4;14,9;17,7;17,2;15,7;14,7;88;85;85;1;1;0;
2024/08/03;1000 UTC;0;1007,1;1007,1;1006,5;386,2;22,5;15;22,6;17,4;16,5;15;86;62;62;45;,9;,1;
2024/08/03;1100 UTC;0;1007,4;1007,5;1007,1;976,8;26,7;15,9;26,8;22,5;16,1;14,5;63;51;52;126;7;2,6;
2024/08/03;1200 UTC;0;1007,4;1007,6;1007,3;1526;28,7;16,6;28,7;26,5;16,7;15,8;53;48;48;111;7,9;3,9;
2024/08/03;1300 UTC;0;1007,1;1007,4;1007,1;2025,1;30,9;16,4;30,9;28,7;16,9;15,8;48;41;42;102;8,2;3,6;
2024/08/03;1400 UTC;0;1006,3;1007,1;1006,3;2475,4;32,2;15;32,6;30,6;16,3;14,9;42;34;36;99;8,8;3,6;
2024/08/03;1500 UTC;0;1005,3;1006,4;1005,3;2507,8;33,5;13,8;33,6;32,1;15,5;13,8;36;30;30;123;8;3,5;
2024/08/03;1600 UTC;0;1004;1005,3;1004;2126,9;34,5;13,7;34,7;33,2;14,5;13,1;32;28;29;105;8,5;4,2;
2024/08/03;1700 UTC;0;1003;1004;1003;2099,6;35,1;13,7;35,2;34,3;14,3;12,9;30;27;28;117;8,5;2,4;
2024/08/03;1800 UTC;0;1002,4;1003;1002,4;1555,5;35,4;13,4;35,5;34,7;13,7;12,5;28;25;27;150;6,8;2,1;
2024/08/03;1900 UTC;0;1002,1;1002,4;1002;1066,3;34,8;12,9;35,5;34,7;13,7;12,6;28;26;27;124;5,9;1,9;
2024/08/03;2000 UTC;0;1002,3;1002,3;1002,1;519,1;33;12,7;34,8;33;13,1;12,2;29;26;29;166;5,4;,8;
2024/08/03;2100 UTC;0;1002,6;1002,6;1002,3;14,1;27,4;15,1;32,9;27,4;15,2;12,6;47;29;47;191;3,6;,5;
2024/08/03;2200 UTC;0;1003,5;1003,5;1002,6;;27;15,8;27,9;27;15,8;14,4;50;44;50;195;2,4;,4;
2024/08/03;2300 UTC;0;1004,3;1004,3;1003,5;;28,8;14,7;28,8;26,6;15,8;14,6;52;42;42;186;3,4;1,1;
2024/08/04;0000 UTC;0;1005;1005;1004,3;;27,9;14,9;28,8;27,9;15,4;14,6;47;42;45;180;3,8;,7;
2024/08/04;0100 UTC;0;1005,5;1005,5;1005;;26,9;15,2;27,9;26,1;16,1;15;54;45;49;180;3,8;,7;
2024/08/04;0200 UTC;0;1005,6;1005,6;1005,5;;26,8;14,5;26,9;26,6;15,3;14,5;50;47;47;159;4;1,1;
2024/08/04;0300 UTC;0;1005,2;1005,6;1005,2;;24,9;15;26,9;24,8;15,2;14,2;54;46;54;162;4,5;,7;
2024/08/04;0400 UTC;;;;;;;;;;;;;;;;;;
2024/08/04;0500 UTC;;;;;;;;;;;;;;;;;;
2024/08/04;0600 UTC;;;;;;;;;;;;;;;;;;
2024/08/04;0700 UTC;;;;;;;;;;;;;;;;;;
2024/08/04;0800 UTC;;;;;;;;;;;;;;;;;;
2024/08/04;0900 UTC;0;1006,8;1006,8;1005,9;10,5;18;16,3;18,1;17,6;16,6;15,6;91;88;90;158;0;0;
2024/08/04;1000 UTC;0;1007,3;1007,3;1006,7;395,6;22,6;14,5;22,6;18;17,5;14,2;90;60;60;41;0;0;
2024/08/04;1100 UTC;0;1007,7;1007,7;1007,3;992,1;27,3;12,8;27,4;22,7;15,3;12,5;60;41;41;121;6,1;2;
2024/08/04;1200 UTC;0;1007,9;1007,9;1007,6;1536,6;28,5;13,7;28,5;27,2;13,8;12,8;43;39;40;136;7,4;2,4;
2024/08/04;1300 UTC;0;1007,7;1008;1007,7;2052,4;30,1;13,8;30,1;28,5;14,3;13,3;40;36;37;147;6,7;2,4;
2024/08/04;1400 UTC;0;1007;1007,7;1006,9;2434,3;32,1;13,5;32,4;30,1;14,2;12,9;37;31;32;142;8;2,5;
2024/08/04;1500 UTC;0;1005,7;1007;1005,7;2565;33,4;13,3;33,5;32;13,9;13;33;30;30;96;7,4;2,7;
2024/08/04;1600 UTC;0;1004,6;1005,7;1004,6;2085,5;34,5;13,2;34,9;32,8;14,2;13;31;27;28;136;7,8;2;
2024/08/04;1700 UTC;0;1003,5;1004,6;1003,4;2052,8;35,2;12,7;35,3;34,3;13,7;12,2;28;25;26;152;7,4;2,6;
2024/08/04;1800 UTC;0;1003,1;1003,5;1003,1;1607,5;35;12,8;35,5;34,6;13,3;11,9;27;25;26;145;7,4;1,8;
2024/08/04;1900 UTC;0;1003;1003,1;1003;1071,2;34,8;12,9;35,4;34,7;13,3;12,1;27;25;27;160;6,5;1,5;
2024/08/04;2000 UTC;0;1003,2;1003,2;1003;514,9;32,8;13,4;35,2;32,8;13,9;12,5;31;26;31;161;5,4;,5;
2024/08/04;2100 UTC;0;1003,5;1003,5;1003,2;14,5;28,3;14,5;32,8;28,2;15,1;13;44;31;43;183;3,3;,4;
2024/08/04;2200 UTC;0;1004,1;1004,1;1003,4;;27,3;15,3;28,3;27,2;15,4;14,3;48;43;48;199;2,8;,4;
2024/08/04;2300 UTC;0;1005,1;1005,1;1004,1;;24,8;17,9;27,3;24,8;17,9;15,2;65;48;65;167;2;0;
2024/08/05;0000 UTC;0;1005,7;1005,7;1005,1;;23,3;17,4;24,8;23,3;17,8;17,3;70;65;70;211;1,5;0;
2024/08/05;0100 UTC;0;1006,4;1006,4;1005,7;;23;17,2;23,3;22,9;17,6;17,1;72;69;70;353;,9;0;
2024/08/05;0200 UTC;0;1006,6;1006,7;1006,5;;22,6;16,3;23,1;22,4;17,2;16,3;71;68;68;247;0;0;
2024/08/05;0300 UTC;0;1006,1;1006,6;1006,1;;21,9;17,2;22,9;21,9;17,7;16,3;77;68;75;269;1,1;0;
2024/08/05;0400 UTC;;;;;;;;;;;;;;;;;;
2024/08/05;0500 UTC;;;;;;;;;;;;;;;;;;
2024/08/05;0600 UTC;;;;;;;;;;;;;;;;;;
2024/08/05;0700 UTC;;;;;;;;;;;;;;;;;;
2024/08/05;0800 UTC;;;;;;;;;;;;;;;;;;
2024/08/05;0900 UTC;0;1006,6;1006,6;1006;13,2;19,8;17,7;19,8;19,5;18,1;17,6;90;87;87;108;0;0;
2024/08/05;1000 UTC;0;1007;1007;1006,6;398,2;24,6;16,1;24,6;19,8;18,7;16;88;59;59;71;2,2;,3;
2024/08/05;1100 UTC;0;1007,4;1007,4;1007;982,6;27,7;15,4;27,9;24,6;16,3;15,4;59;47;47;121;6,6;2,7;
2024/08/05;1200 UTC;0;1007,7;1007,7;1007,4;1516,7;28,9;15;29,5;27,6;16;15;49;42;43;123;8,6;3,5;
2024/08/05;1300 UTC;0;1007,5;1007,7;1007,5;2035,7;31;15,6;31,2;28,9;16;15,1;44;38;39;127;8,8;3,1;
2024/08/05;1400 UTC;0;1006,8;1007,5;1006,8;2412,4;32;15;32,1;30,8;15,8;14,9;40;36;36;99;8,1;3,5;
2024/08/05;1500 UTC;0;1006,1;1006,8;1006,1;2528,6;33,4;14,8;33,4;31,7;15,6;14,6;37;32;33;95;7,4;3,1;
2024/08/05;1600 UTC;0;1004,9;1006,2;1004,9;2063,3;34,5;14,6;34,8;33;15,1;14,3;33;30;30;93;7,8;3;
2024/08/05;1700 UTC;0;1003,8;1004,9;1003,8;2002,9;34,8;14,7;35;33,5;15;13,9;32;29;30;112;6,6;1,6;
2024/08/05;1800 UTC;0;1003,2;1003,8;1003,2;1583,9;35;13,6;35,2;34,3;14,8;13,1;30;27;28;98;5,8;2,3;
2024/08/05;1900 UTC;0;1003,2;1003,3;1003,1;1058,4;34,4;14,3;35,2;34,4;14,7;13,6;30;28;30;129;5,4;1,2;
2024/08/05;2000 UTC;0;1003,4;1003,4;1003,2;496,5;32,1;15,5;34,5;32,1;15,9;13,8;38;30;37;194;5,2;,7;
2024/08/05;2100 UTC;0;1003,6;1003,6;1003,4;18,6;27,8;16,6;32,1;27,8;17,1;15,1;50;36;50;199;2,3;,3;
2024/08/05;2200 UTC;0;1003,9;1004;1003,6;;26,4;18,3;27,8;26,4;18,3;16;61;49;61;248;2,2;0;
2024/08/05;2300 UTC;0;1004,5;1004,5;1003,9;;24,7;17,9;26,4;24,7;18,3;17,5;66;61;66;315;0;0;
2024/08/06;0000 UTC;0;1005,1;1005,1;1004,5;;23,3;18,8;24,7;23,3;19,1;17,8;76;66;76;59;0;0;
2024/08/06;0100 UTC;0;1005,5;1005,5;1005,1;;22,8;19,3;23,3;22,8;19,8;18,7;81;76;80;69;0;0;
2024/08/06;0200 UTC;0;1005,6;1005,7;1005,5;;22,7;19,5;22,9;22,6;20;19,3;83;80;82;62;1,3;,7;
2024/08/06;0300 UTC;;;;;;;;;;;;;;;;;;
2024/08/06;0400 UTC;;;;;;;;;;;;;;;;;;
2024/08/06;0500 UTC;;;;;;;;;;;;;;;;;;
2024/08/06;0600 UTC;;;;;;;;;;;;;;;;;;
2024/08/06;0700 UTC;;;;;;;;;;;;;;;;;;
2024/08/06;0800 UTC;;;;;;;;;;;;;;;;;;
2024/08/06;0900 UTC;;;;;;;;;;;;;;;;;;
2024/08/06;1000 UTC;0;1005,8;1005,8;1005,3;188,4;24;15,4;24;20,4;17,6;15,3;85;59;59;149;5,6;1,7;
2024/08/06;1100 UTC;0;1006,3;1006,3;1005,8;876,8;27;16,3;27;24;16,3;15,3;59;51;52;133;7;3,2;
2024/08/06;1200 UTC;0;1006,6;1006,6;1006,3;1189,2;27,9;16;28,8;26,9;16,6;15,9;52;47;48;110;8,8;2,8;
2024/08/06;1300 UTC;0;1006,8;1006,8;1006,6;879,5;28;16;28,4;27,6;16,5;15,9;50;47;48;117;8;3,3;
2024/08/06;1400 UTC;0;1006,3;1006,8;1006,3;1996,8;31,2;15,8;31,6;28;17;15,8;49;39;40;117;8,1;2,7;
2024/08/06;1500 UTC;0;1005,2;1006,3;1005,2;2721;31,7;15,5;32,2;30,8;16,4;15,1;41;36;38;107;11,5;4,3;
2024/08/06;1600 UTC;0;1003,9;1005,2;1003,9;1691,3;31,5;15,2;32,8;31,5;16,1;14,8;38;34;37;109;11,5;3,3;
2024/08/06;1700 UTC;0;1002,9;1003,9;1002,9;1157,3;32,2;15,4;32,5;31,5;16;14,9;39;35;36;98;6,4;2,4;
2024/08/06;1800 UTC;0;1002,4;1002,9;1002,4;1081,9;32,3;15,4;32,6;32;15,8;14,7;37;34;36;131;5,4;1,8;
2024/08/06;1900 UTC;0;1002,3;1002,4;1002,3;852;32,6;14,7;33,1;32,2;15,5;14,4;36;33;34;119;4,6;1,4;
2024/08/06;2000 UTC;0;1002,6;1002,6;1002,3;612,3;32;15,9;33,4;32;15,9;14,3;38;32;38;120;4,5;,5;
2024/08/06;2100 UTC;0;1002,8;1002,8;1002,6;41,5;26,4;16,8;32;26,4;17,9;15,6;57;37;55;302;2,4;0;
2024/08/06;2200 UTC;0;1003,2;1003,2;1002,8;;25;17,5;26,4;24,9;17,5;16,7;64;55;63;213;,6;0;
2024/08/06;2300 UTC;0;1003,5;1003,5;1003,2;;23,7;18,6;25;23,7;18,6;17,5;73;63;73;30;0;0;
2024/08/07;0000 UTC;0;1004,1;1004,1;1003,5;;22,6;18,6;23,7;22,6;18,8;18,1;78;73;78;55;0;0;
2024/08/07;0100 UTC;0;1004,5;1004,5;1004,1;;22,2;19,2;22,7;22,1;19,5;18,6;84;78;83;113;0;0;
2024/08/07;0200 UTC;0;1004,7;1004,8;1004,5;;21,2;18,9;22,2;21,1;19,3;18,8;87;83;87;112;0;0;
2024/08/07;0300 UTC;0;1004,3;1004,7;1004,3;;20,7;18,7;21,2;20,7;19,2;18,7;90;87;88;207;1,7;,3;
2024/08/07;0400 UTC;;;;;;;;;;;;;;;;;;
2024/08/07;0500 UTC;;;;;;;;;;;;;;;;;;
2024/08/07;0600 UTC;;;;;;;;;;;;;;;;;;
2024/08/07;0700 UTC;;;;;;;;;;;;;;;;;;
2024/08/07;0800 UTC;;;;;;;;;;;;;;;;;;
2024/08/07;0900 UTC;0;1003,8;1003,8;1003,4;11;18,2;17,2;18,4;17,9;17,4;16,8;94;93;94;22;,9;0;
2024/08/07;1000 UTC;0;1004,7;1004,7;1003,8;400,4;21,9;17,4;21,9;18,1;18,9;15,9;94;73;76;245;,9;0;
2024/08/07;1100 UTC;0;1005,1;1005,1;1004,7;997,8;26,9;14,2;26,9;21,9;17,3;13,3;76;45;46;138;6,8;2,6;
2024/08/07;1200 UTC;0;1005,3;1005,3;1005,1;1545,3;29,8;14,2;29,8;26,8;14,9;14,1;47;39;39;118;7,2;2,5;
2024/08/07;1300 UTC;0;1005;1005,4;1005;2058,8;30,9;14;31,2;29,6;14,6;13,6;39;34;36;123;9,1;3,8;
2024/08/07;1400 UTC;0;1004,4;1005;1004,4;2433,9;32,5;13,7;32,6;30,8;14,5;13,7;37;32;32;124;9,1;2,7;
2024/08/07;1500 UTC;0;1003,6;1004,4;1003,6;2553,6;33,2;14,4;33,7;32;14,6;13,6;34;31;32;101;7,5;3,5;
2024/08/07;1600 UTC;0;1002,6;1003,6;1002,6;2137,5;34,2;14,3;34,3;33;14,7;13,7;33;30;30;147;7,8;2,6;
2024/08/07;1700 UTC;0;1001,8;1002,6;1001,8;2023,8;34,8;14,1;35,5;33,7;15,1;13,5;32;27;29;152;6,7;2,1;
2024/08/07;1800 UTC;0;1001,4;1001,8;1001,4;1584,5;35,2;14;35,6;34,3;14,7;13,6;31;27;28;130;5,2;1,6;
2024/08/07;1900 UTC;0;1001,1;1001,4;1001,1;1062,5;35,3;14;35,4;34,5;14,6;13,5;30;27;28;126;5,4;,9;
2024/08/07;2000 UTC;0;1001,2;1001,2;1001;514,1;31,7;15,8;35,2;31,7;15,8;13;39;27;38;173;4;,1;
2024/08/07;2100 UTC;0;1001,5;1001,5;1001,2;15,7;28,5;15,8;31,7;28,5;16,4;15,1;46;38;46;228;2,3;,1;
2024/08/07;2200 UTC;0;1002;1002;1001,5;;25,9;17,3;28,5;25,9;17,3;15,6;59;46;59;291;1,9;0;
2024/08/07;2300 UTC;0;1002,6;1002,6;1002;;24,5;17,7;25,9;24,5;17,7;17;66;59;66;260;,8;0;
2024/08/08;0000 UTC;0;1003,3;1003,3;1002,6;;23,4;18,7;24,5;23,4;18,7;17,7;75;66;75;35;1,4;0;
2024/08/08;0100 UTC;0;1003,9;1003,9;1003,3;;22,8;18,6;23,4;22,8;18,9;18,4;79;74;77;77;,8;,1;
2024/08/08;0200 UTC;0;1003,9;1004;1003,9;;22,3;18,4;22,8;22,3;18,6;18,1;78;75;78;101;,9;0;
2024/08/08;0300 UTC;0;1003,9;1004,1;1003,8;;21,9;18,3;22,5;21,5;18,7;18,1;83;77;80;349;3,6;1;
2024/08/08;0400 UTC;;;;;;;;;;;;;;;;;;
2024/08/08;0500 UTC;;;;;;;;;;;;;;;;;;
2024/08/08;0600 UTC;;;;;;;;;;;;;;;;;;
2024/08/08;0700 UTC;;;;;;;;;;;;;;;;;;
2024/08/08;0800 UTC;;;;;;;;;;;;;;;;;;
2024/08/08;0900 UTC;0;1003,6;1003,6;1002,9;15,5;20,4;18,9;20,7;19,7;19,3;18,3;92;91;91;205;2,1;,3;
2024/08/08;1000 UTC;0;1004,4;1004,4;1003,6;275,4;23,2;18,6;23,2;20,4;19,7;18,6;91;76;76;110;1;,2;
2024/08/08;1100 UTC;0;1004,9;1004,9;1004,4;968,7;26,9;20,3;27;23,2;20,5;18,2;76;66;67;102;2,8;1,2;
2024/08/08;1200 UTC;0;1005,1;1005,1;1004,9;1498,1;29,8;18,3;29,8;26,8;21,2;17,7;69;50;50;112;4,1;2,1;
2024/08/08;1300 UTC;0;1005;1005,1;1004,9;1997,6;31,3;18,4;31,4;29,5;19,1;18;51;45;46;64;5,8;2,6;
2024/08/08;1400 UTC;0;1004,3;1005;1004,3;2381;33,2;15,7;33,6;31,3;18,4;15,7;46;35;35;71;7,1;2,8;
2024/08/08;1500 UTC;0;1003,3;1004,3;1003,3;2547,6;34,5;15;34,7;32,8;16,6;14,6;37;31;31;128;6,7;1,7;
2024/08/08;1600 UTC;0;1002,3;1003,4;1002,3;1962,6;35,4;14,3;35,6;34,4;15,1;13,4;31;26;28;106;6,4;2,4;
2024/08/08;1700 UTC;0;1001,4;1002,3;1001,4;1865;35,1;13,9;35,9;34,6;14,5;13,5;30;27;28;190;5,5;1,8;
2024/08/08;1800 UTC;0;1000,9;1001,4;1000,9;1526,6;35,8;14;36,4;34,8;14,5;13,2;29;26;27;133;6,9;1,8;
2024/08/08;1900 UTC;0;1000,9;1001;1000,8;1059,1;36,2;13,4;36,5;35,6;14,1;13,1;27;25;26;122;6,5;,9;
2024/08/08;2000 UTC;0;1001;1001;1000,9;448,1;31,9;17;36,6;31,9;17,2;12,7;41;25;41;26;3,2;0;
2024/08/08;2100 UTC;0;1001,4;1001,4;1001;15,3;28,2;17;31,9;28,2;18;16,2;51;41;51;260;2,4;,6;
2024/08/08;2200 UTC;0;1002;1002;1001,4;;27;17,8;28,2;27;18,3;17;59;51;57;261;1,6;,3;
2024/08/08;2300 UTC;0;1002,8;1002,8;1002;;25,7;18,4;27;25,5;19;17,8;67;57;64;245;1,5;,1;
2024/08/09;0000 UTC;0;1003,5;1003,5;1002,8;;23,8;19,1;25,7;23,8;19,3;18,4;75;64;75;73;,9;,3;
2024/08/09;0100 UTC;0;1004;1004;1003,5;;23,7;19,1;24;23,6;19,8;19,1;79;74;75;354;1,1;,1;
2024/08/09;0200 UTC;;;;;;;;;;;;;;;;;;
2024/08/09;0300 UTC;;;;;;;;;;;;;;;;;;
2024/08/09;0400 UTC;;;;;;;;;;;;;;;;;;
2024/08/09;0500 UTC;;;;;;;;;;;;;;;;;;
2024/08/09;0600 UTC;;;;;;;;;;;;;;;;;;
2024/08/09;0700 UTC;;;;;;;;;;;;;;;;;;
2024/08/09;0800 UTC;;;;;;;;;;;;;;;;;;
2024/08/09;0900 UTC;;;;;;;;;;;;;;;;;;
2024/08/09;1000 UTC;0;1005,6;1005,6;1005,1;376,7;24,7;19,6;24,7;21,7;21;19,5;92;73;73;87;1,4;,6;
2024/08/09;1100 UTC;0;1006;1006,1;1005,6;968;27,9;20;27,9;24,8;20,2;19,3;73;62;62;113;3,8;1,2;
2024/08/09;1200 UTC;0;1006,4;1006,4;1006;1527,9;30,5;19,1;30,5;27,8;20;18,9;62;50;51;101;5,6;2,2;
2024/08/09;1300 UTC;0;1006,2;1006,5;1006,2;2039,3;31,8;17,2;32,2;29,9;19,4;16,2;52;39;42;85;7,5;2,2;
2024/08/09;1400 UTC;0;1005,5;1006,3;1005,5;2398,1;32,7;17;33,6;31,7;17,5;16,3;42;37;39;32;7,5;2,2;
2024/08/09;1500 UTC;0;1004,2;1005,5;1004,2;2525,9;34,5;16,8;34,5;32,6;17,7;15,8;40;34;35;50;5,7;2;
2024/08/09;1600 UTC;0;1003,1;1004,2;1003,1;2210,5;34,9;16,1;35,3;34,1;16,8;15,8;35;32;33;54;6,8;2;
2024/08/09;1700 UTC;0;1002,2;1003,1;1002,2;2015,7;36,2;16;36,5;34,9;16,6;15,3;33;30;30;143;4,5;1,7;
2024/08/09;1800 UTC;0;1001,7;1002,2;1001,7;1582,6;36,1;15,7;36,6;35,3;16,2;14,9;32;28;30;198;5;1,5;
2024/08/09;1900 UTC;0;1001,6;1001,7;1001,5;1056,5;35,7;15,3;36,5;35,7;15,6;14,5;30;28;30;170;4,7;1,4;
2024/08/09;2000 UTC;0;1001,8;1001,8;1001,6;502,4;32,9;18;36;32,9;18,4;14,7;42;28;41;179;3,4;0;
2024/08/09;2100 UTC;0;1001,9;1001,9;1001,8;15,5;28,5;18,3;32,8;28,5;18,8;17,7;54;41;54;276;1,4;,5;
2024/08/09;2200 UTC;0;1002,5;1002,5;1001,9;;27,6;18,9;28,5;27,6;18,9;17,8;59;53;59;266;1,6;,4;
2024/08/09;2300 UTC;0;1003,1;1003,1;1002,5;;26,3;19,5;27,6;25,6;20,4;18,8;71;59;66;184;1,5;,4;
2024/08/10;0000 UTC;0;1003,7;1003,7;1003,1;;25;19,9;26,3;24,8;20,2;19,5;75;66;73;6;2,5;,2;
2024/08/10;0100 UTC;;;;;;;;;;;;;;;;;;
2024/08/10;0200 UTC;;;;;;;;;;;;;;;;;;
2024/08/10;0300 UTC;;;;;;;;;;;;;;;;;;
2024/08/10;0400 UTC;;;;;;;;;;;;;;;;;;
2024/08/10;0500 UTC;;;;;;;;;;;;;;;;;;
2024/08/10;0600 UTC;;;;;;;;;;;;;;;;;;
2024/08/10;0700 UTC;;;;;;;;;;;;;;;;;;
2024/08/10;0800 UTC;;;;;;;;;;;;;;;;;;
2024/08/10;0900 UTC;;;;;;;;;;;;;;;;;;
2024/08/10;1000 UTC;0;1006;1006;1004,8;393,4;24,8;21,2;24,8;21,7;22;20,6;94;80;80;71;0;0;
2024/08/10;1100 UTC;0;1007;1007;1006;778,4;26,5;20,9;26,5;24,8;21,7;20,8;81;72;72;141;3,7;1,4;
2024/08/10;1200 UTC;0;1007,2;1007,3;1007;1455,8;28,8;21;28,9;26,1;21,7;20,7;73;62;63;100;4,7;2,1;
2024/08/10;1300 UTC;0;1006,7;1007,2;1006,7;2081,1;30;20,6;30,4;28,5;21,5;20,2;65;56;57;102;5,1;1,8;
2024/08/10;1400 UTC;0;1005,9;1006,7;1005,9;2411,5;32,9;20;32,9;30;21,1;19,5;58;47;47;102;5,8;1,9;
2024/08/10;1500 UTC;0;1004,4;1005,9;1004,4;2556,6;33,7;18,4;34,1;32,4;19,9;18,1;47;39;41;210;5,4;1,4;
2024/08/10;1600 UTC;0;1003,4;1004,4;1003,4;2127,6;34,5;17,9;35,3;33,7;19,1;17,2;41;35;38;62;4,7;1,6;
2024/08/10;1700 UTC;0;1002,5;1003,4;1002,5;1936,7;35,2;16,4;35,6;34,5;18;16,2;38;32;33;52;5,7;2;
2024/08/10;1800 UTC;0;1001,9;1002,5;1001,9;1474,3;35,9;16,3;36,3;34,1;17,7;15,7;38;31;31;61;4,3;1,2;
2024/08/10;1900 UTC;0;1002;1002;1001,8;1008,8;34,4;15,7;36,4;34,4;16,5;15,1;33;30;33;298;4;1,2;
2024/08/10;2000 UTC;0;1002,4;1002,4;1002;340,2;32,3;19,7;34,4;32,2;19,7;15,9;47;33;47;348;2,4;,6;
2024/08/10;2100 UTC;0;1002,4;1002,4;1002,3;15,9;28,9;18,8;32,3;28,7;20,2;18,6;56;47;54;267;2;,6;
2024/08/10;2200 UTC;0;1002,8;1002,8;1002,3;;27,7;19,5;29,1;27,6;19,5;18,6;61;54;61;285;2,3;,3;
2024/08/10;2300 UTC;0;1003,4;1003,4;1002,8;;27,2;19,7;27,7;26,3;20;19,2;68;61;64;263;1,9;,7;
2024/08/11;0000 UTC;0;1003,9;1003,9;1003,4;;25,2;20;27,2;25,2;20,6;19,6;75;64;73;22;1,6;,1;
2024/08/11;0100 UTC;;;;;;;;;;;;;;;;;;
2024/08/11;0200 UTC;;;;;;;;;;;;;;;;;;
2024/08/11;0300 UTC;;;;;;;;;;;;;;;;;;
2024/08/11;0400 UTC;;;;;;;;;;;;;;;;;;
2024/08/11;0500 UTC;;;;;;;;;;;;;;;;;;
2024/08/11;0600 UTC;;;;;;;;;;;;;;;;;;
2024/08/11;0700 UTC;;;;;;;;;;;;;;;;;;
2024/08/11;0800 UTC;;;;;;;;;;;;;;;;;;
2024/08/11;0900 UTC;;;;;;;;;;;;;;;;;;
2024/08/11;1000 UTC;0;1005,6;1005,6;1004,7;385,2;24,1;19,3;24,1;21,3;21,2;19,1;93;75;75;84;2,1;1;
2024/08/11;1100 UTC;0;1006;1006;1005,6;975,8;26,6;19,3;26,7;24,1;19,9;18,8;75;64;64;19;3,5;1,6;
2024/08/11;1200 UTC;0;1006,3;1006,4;1006;1530,4;29,5;19,7;29,5;26,5;19,7;19,1;65;56;56;45;5,6;3,4;
2024/08/11;1300 UTC;0;1005,7;1006,3;1005,7;2041,9;31,1;19,4;31,1;29,2;19,7;19;56;49;50;52;5,9;2,7;
2024/08/11;1400 UTC;0;1005;1005,7;1005;2423,7;32,7;19,2;33,5;31,1;19,8;18,7;50;42;45;58;5,5;2,5;
2024/08/11;1500 UTC;0;1003,8;1005;1003,8;2547,9;34,2;18,3;34,2;32,7;19,6;18,2;45;39;39;103;7,4;1,6;
2024/08/11;1600 UTC;0;1003;1003,8;1003;2197,8;34,9;17,4;35,5;33,9;18,8;16,7;40;33;35;328;5,7;1,7;
2024/08/11;1700 UTC;0;1002;1003;1002;2080,7;36,4;17,6;36,4;34,8;18;16,7;36;33;33;26;5,6;1,2;
2024/08/11;1800 UTC;0;1001,7;1002;1001,6;1583,9;35,9;17,1;36,4;35,1;17,6;16,7;34;32;33;274;4,5;1,4;
2024/08/11;1900 UTC;0;1001,8;1001,8;1001,6;1047,3;35,6;17;36,1;35,4;17,4;16,7;34;32;33;9;3,5;1,1;
2024/08/11;2000 UTC;0;1002;1002,1;1001,8;498,3;33,6;17,7;36,1;33,6;19,2;16,6;41;33;39;283;2,8;1,1;
2024/08/11;2100 UTC;0;1002,2;1002,2;1002;22,3;30,7;19,2;33,6;30,7;19,2;17,6;50;39;50;261;3;,7;
2024/08/11;2200 UTC;0;1002,6;1002,6;1002,2;;28,8;19,7;30,7;28,8;19,8;19,2;58;50;58;288;2;,2;
2024/08/11;2300 UTC;;;;;;;;;;;;;;;;;;
2024/08/12;0000 UTC;;;;;;;;;;;;;;;;;;
2024/08/12;0100 UTC;;;;;;;;;;;;;;;;;;
2024/08/12;0200 UTC;;;;;;;;;;;;;;;;;;
2024/08/12;0300 UTC;;;;;;;;;;;;;;;;;;
2024/08/12;0400 UTC;;;;;;;;;;;;;;;;;;
2024/08/12;0500 UTC;;;;;;;;;;;;;;;;;;
2024/08/12;0600 UTC;;;;;;;;;;;;;;;;;;
2024/08/12;0700 UTC;;;;;;;;;;;;;;;;;;
2024/08/12;0800 UTC;;;;;;;;;;;;;;;;;;
2024/08/12;0900 UTC;;;;;;;;;;;;;;;;;;
2024/08/12;1000 UTC;;;;;;;;;;;;;;;;;;
2024/08/12;1100 UTC;0;1008,6;1008,7;1008,2;739,1;26,4;21,1;26,4;24,1;21,3;20,5;83;72;72;65;4,1;2;
2024/08/12;1200 UTC;0;1008,9;1008,9;1008,6;1397,3;28,1;20,9;29;26,4;21,1;20,4;72;61;65;107;5,1;2,2;
2024/08/12;1300 UTC;0;1008,6;1009;1008,6;1759;29,9;20,6;30,7;28;21,1;20,4;65;55;58;136;4,6;1,3;
2024/08/12;1400 UTC;0;1007,5;1008,6;1007,5;2124,3;32,4;20,1;32,5;29,9;21;20,1;58;48;48;12;4,9;1,9;
2024/08/12;1500 UTC;0;1006,6;1007,5;1006,6;1723,8;32,9;20;32,9;31,1;21;19,7;53;47;47;279;4,1;1,4;
2024/08/12;1600 UTC;0;1005,7;1006,6;1005,7;1520,7;33;19,4;34;32,3;20,3;19,4;49;43;45;232;4,6;,9;
2024/08/12;1700 UTC;0;1004,5;1005,7;1004,5;1261,2;33,4;19,2;34,3;32,4;20,2;19;47;42;43;330;5,5;2,2;
2024/08/12;1800 UTC;0;1004,1;1004,5;1004,1;1139,1;34,4;19,8;34,9;33,2;20,2;19;46;40;42;256;5,5;1,3;
2024/08/12;1900 UTC;0;1003,6;1004,1;1003,6;1023,5;34,6;19,1;34,8;34,2;20,2;19;43;40;40;281;5,5;1;
2024/08/12;2000 UTC;0;1003,7;1003,8;1003,6;495,6;32,5;20,2;34,7;32,5;20,4;19,1;48;40;48;285;3,9;1;
2024/08/12;2100 UTC;0;1004,1;1004,1;1003,7;21,5;29,5;20,9;32,5;29,5;20,9;19,9;60;48;60;261;2,9;,7;
2024/08/12;2200 UTC;;;;;;;;;;;;;;;;;;
2024/08/12;2300 UTC;;;;;;;;;;;;;;;;;;
2024/08/13;0000 UTC;;;;;;;;;;;;;;;;;;
2024/08/13;0100 UTC;;;;;;;;;;;;;;;;;;
2024/08/13;0200 UTC;;;;;;;;;;;;;;;;;;
2024/08/13;0300 UTC;;;;;;;;;;;;;;;;;;
2024/08/13;0400 UTC;;;;;;;;;;;;;;;;;;
2024/08/13;0500 UTC;;;;;;;;;;;;;;;;;;
2024/08/13;0600 UTC;;;;;;;;;;;;;;;;;;
2024/08/13;0700 UTC;;;;;;;;;;;;;;;;;;
2024/08/13;0800 UTC;;;;;;;;;;;;;;;;;;
2024/08/13;0900 UTC;;;;;;;;;;;;;;;;;;
2024/08/13;1000 UTC;0;1007,4;1007,4;1006,5;195;24,2;21,4;24,3;23,3;22,2;21,4;91;84;84;81;2,1;,8;
2024/08/13;1100 UTC;0;1007,9;1007,9;1007,4;547;25,5;21,2;25,5;24,2;21,7;21;85;77;77;25;4,3;2,8;
2024/08/13;1200 UTC;0;1008;1008,1;1007,9;782,6;27;21,3;27;25,5;21,5;21,1;77;71;71;55;4,3;1,5;
2024/08/13;1300 UTC;0;1007,2;1008;1007,2;1827,8;29,4;21,3;29,4;27;21,8;20,9;71;62;62;346;4,3;1;
2024/08/13;1400 UTC;0;1006,3;1007,2;1006,3;2355,6;31,1;21,4;31,6;29,2;21,8;21;62;55;56;349;6,3;2;
2024/08/13;1500 UTC;0;1005,1;1006,3;1005,1;2445,8;32,5;20,7;33,3;30,7;21,6;20,5;57;48;50;67;4;1,5;
2024/08/13;1600 UTC;0;1003,8;1005,1;1003,8;2192,4;34,4;20;34,5;32,3;21,2;19,8;52;43;43;97;5,2;1,5;
2024/08/13;1700 UTC;0;1002,6;1003,8;1002,6;2007,8;34,6;20,2;35;33,8;20,5;19,6;45;41;43;38;4,5;1,3;
2024/08/13;1800 UTC;0;1002;1002,6;1002;1487,7;35,4;19,5;35,7;34,6;20,6;18,7;44;38;39;341;2,9;1,3;
2024/08/13;1900 UTC;0;1001,8;1002;1001,8;1005,3;35,7;19,1;35,7;35;20,1;18,6;41;37;38;293;4,3;1,2;
2024/08/13;2000 UTC;0;1001,9;1002;1001,8;451,2;33;20,2;35,8;33;20,3;18,4;47;36;47;281;3,5;1,1;
2024/08/13;2100 UTC;0;1002,1;1002,1;1001,8;18,5;30,8;20,6;32,9;30,8;20,6;20,2;55;47;55;264;3,6;,7;
2024/08/13;2200 UTC;;;;;;;;;;;;;;;;;;
2024/08/13;2300 UTC;;;;;;;;;;;;;;;;;;
2024/08/14;0000 UTC;;;;;;;;;;;;;;;;;;
2024/08/14;0100 UTC;;;;;;;;;;;;;;;;;;
2024/08/14;0200 UTC;;;;;;;;;;;;;;;;;;
2024/08/14;0300 UTC;;;;;;;;;;;;;;;;;;
2024/08/14;0400 UTC;;;;;;;;;;;;;;;;;;
2024/08/14;0500 UTC;;;;;;;;;;;;;;;;;;
2024/08/14;0600 UTC;;;;;;;;;;;;;;;;;;
2024/08/14;0700 UTC;;;;;;;;;;;;;;;;;;
2024/08/14;0800 UTC;;;;;;;;;;;;;;;;;;
2024/08/14;0900 UTC;;;;;;;;;;;;;;;;;;
2024/08/14;1000 UTC;;;;;;;;;;;;;;;;;;
2024/08/14;1100 UTC;;;;;;;;;;;;;;;;;;
2024/08/14;1200 UTC;0;1009,2;1009,2;1009;1333,4;28,1;21;28,1;25,3;21,2;20,4;77;65;66;51;3,3;1,6;
2024/08/14;1300 UTC;0;1008,6;1009,2;1008,5;1900,2;31;20,1;31,2;27,8;21,3;20,1;66;52;52;58;5,5;2,4;
2024/08/14;1400 UTC;0;1007,6;1008,6;1007,6;1247,1;31,7;19,2;32;30,2;20,6;19;56;47;48;137;6,6;2,1;
2024/08/14;1500 UTC;0;1006,3;1007,6;1006,3;2069,8;33,7;17,1;33,7;31,6;19,2;16,4;48;36;37;92;8,2;3,8;
2024/08/14;1600 UTC;0;1005;1006,3;1005;2228,8;35,1;16;35,1;33,6;17,4;15,8;37;32;32;130;8,2;2,6;
2024/08/14;1700 UTC;0;1004;1005;1004;1940,8;35,3;15,8;35,3;34,3;16,3;15,6;34;31;31;114;8,1;2,4;
2024/08/14;1800 UTC;0;1003,2;1004,1;1003,1;1442,9;35,3;15,8;35,7;34,7;16,4;15,5;33;31;31;83;6,9;1,8;
2024/08/14;1900 UTC;0;1003,1;1003,2;1003;886;34,9;15,8;35,5;34,8;16,2;15,1;32;30;32;118;5;1,6;
2024/08/14;2000 UTC;0;1003,3;1003,3;1003,1;388,2;30,9;20;35,1;30,9;20,5;15,3;54;31;52;235;3,6;0;
2024/08/14;2100 UTC;0;1003,4;1003,4;1003,3;18;27,7;17,8;30,9;27,7;20,2;17,5;57;51;55;255;1,4;,2;
2024/08/14;2200 UTC;;;;;;;;;;;;;;;;;;
2024/08/14;2300 UTC;;;;;;;;;;;;;;;;;;
2024/08/15;0000 UTC;;;;;;;;;;;;;;;;;;
2024/08/15;0100 UTC;;;;;;;;;;;;;;;;;;
2024/08/15;0200 UTC;;;;;;;;;;;;;;;;;;
2024/08/15;0300 UTC;;;;;;;;;;;;;;;;;;
2024/08/15;0400 UTC;;;;;;;;;;;;;;;;;;
2024/08/15;0500 UTC;;;;;;;;;;;;;;;;;;
2024/08/15;0600 UTC;;;;;;;;;;;;;;;;;;
2024/08/15;0700 UTC;;;;;;;;;;;;;;;;;;
2024/08/15;0800 UTC;;;;;;;;;;;;;;;;;;
2024/08/15;0900 UTC;;;;;;;;;;;;;;;;;;
2024/08/15;1000 UTC;0;1008,4;1008,4;1007,6;314,3;23,3;20,1;23,3;20,1;20,5;19;93;82;82;1;0;0;
2024/08/15;1100 UTC;0;1009,1;1009,1;1008,4;859,1;27,1;16;27,1;23,2;20,1;14,7;82;50;51;66;3;1,6;
2024/08/15;1200 UTC;0;1009,1;1009,3;1009,1;1407,7;29,9;16,6;29,9;27;16,8;15,4;51;45;45;115;5,6;1,7;
2024/08/15;1300 UTC;0;1008,8;1009,2;1008,8;1901,3;31,1;15,7;31,4;29,7;16,5;15,7;45;39;40;139;10,2;2,7;
2024/08/15;1400 UTC;0;1007,8;1008,8;1007,8;2270,4;32,7;14,8;32,9;31;16,3;14,7;41;33;34;154;6,9;2,4;
2024/08/15;1500 UTC;0;1006,8;1007,7;1006,7;2417,5;33,9;13,9;34,4;32,3;15,1;13,8;36;29;30;104;7,4;2,9;
2024/08/15;1600 UTC;0;1005,5;1006,8;1005,5;2271,3;35;13,2;35,3;33,8;13,8;12,7;30;26;27;127;6,8;2,3;
2024/08/15;1700 UTC;0;1004,3;1005,5;1004,3;1909,4;34,9;11,5;35,8;34,8;13,3;11,5;27;24;24;114;6,3;2,8;
2024/08/15;1800 UTC;0;1003,6;1004,3;1003,6;1467,5;35,6;10,8;36,1;34,8;12,4;10,8;25;22;22;141;6,3;1,9;
2024/08/15;1900 UTC;0;1003,7;1003,7;1003,6;948,2;35,3;11,1;35,9;35,2;11,4;10,4;24;22;23;127;6,2;1,4;
2024/08/15;2000 UTC;0;1004;1004;1003,7;407,1;32,8;11,2;35,4;32,8;12;10,4;27;23;27;163;4,4;,8;
2024/08/15;2100 UTC;0;1003,9;1004;1003,9;15,6;27,4;13,1;32,8;27,4;13,6;11,3;42;26;41;178;2;,2;
2024/08/15;2200 UTC;0;1004,5;1004,5;1003,9;;25;15,3;27,4;25;15,3;13;55;41;55;80;1,2;0;
2024/08/15;2300 UTC;;;;;;;;;;;;;;;;;;
2024/08/16;0000 UTC;;;;;;;;;;;;;;;;;;
2024/08/16;0100 UTC;;;;;;;;;;;;;;;;;;
2024/08/16;0200 UTC;;;;;;;;;;;;;;;;;;
2024/08/16;0300 UTC;;;;;;;;;;;;;;;;;;
2024/08/16;0400 UTC;;;;;;;;;;;;;;;;;;
2024/08/16;0500 UTC;;;;;;;;;;;;;;;;;;
2024/08/16;0600 UTC;;;;;;;;;;;;;;;;;;
2024/08/16;0700 UTC;;;;;;;;;;;;;;;;;;
2024/08/16;0800 UTC;;;;;;;;;;;;;;;;;;
2024/08/16;0900 UTC;;;;;;;;;;;;;;;;;;
2024/08/16;1000 UTC;0;1007,7;1007,7;1007,1;350,2;21,8;16,7;21,8;17,9;17,7;16,6;92;73;73;225;1,1;,2;
2024/08/16;1100 UTC;0;1008,3;1008,3;1007,7;923,8;26,8;14,3;26,9;21,7;16,2;14,2;73;46;46;127;5,5;1,9;
2024/08/16;1200 UTC;0;1008,4;1008,4;1008,3;1493,4;29,8;15;29,9;26,8;15,7;14,3;47;40;41;126;6,5;2,6;
2024/08/16;1300 UTC;0;1008;1008,4;1008;2023,3;31,4;14,7;31,8;29,8;15,3;14,3;41;35;37;129;9,6;3,3;
2024/08/16;1400 UTC;0;1007,1;1008;1007,1;2391,4;32,4;14,4;32,8;31,4;15;13,9;37;32;34;137;7,5;2,9;
2024/08/16;1500 UTC;0;1005,9;1007,1;1005,9;2517;33,7;14,2;33,7;32,5;14,7;13,7;34;30;31;173;6,7;2,9;
2024/08/16;1600 UTC;0;1004,7;1005,9;1004,6;2326,3;35,1;13,2;35,3;33,6;14,6;13,2;32;27;27;97;11,3;2,8;
2024/08/16;1700 UTC;0;1003,5;1004,7;1003,5;1954,4;35,5;12,1;36;34,5;13,5;11,6;28;23;24;154;7,1;2,3;
2024/08/16;1800 UTC;0;1002,8;1003,5;1002,8;1523;35,5;10,7;35,9;34,9;12,4;10,3;25;22;22;116;5,9;1,9;
2024/08/16;1900 UTC;0;1002,8;1002,8;1002,7;1005,7;35,4;10,2;35,9;35,4;11;9,7;22;21;22;112;5,9;1,7;
2024/08/16;2000 UTC;0;1003,3;1003,3;1002,8;453,2;31,4;13,9;35,4;31,4;14,6;9,9;35;21;34;8;4,3;,1;
2024/08/16;2100 UTC;0;1003,6;1003,6;1003,3;17,1;26,9;14,2;31,4;26,8;15,7;13,5;46;34;46;341;,9;,1;
2024/08/16;2200 UTC;0;1004,2;1004,2;1003,6;;25,8;15,3;27,1;25,8;15,3;14,2;52;45;52;262;1,4;,5;
2024/08/16;2300 UTC;0;1005;1005;1004,2;;23,5;17,3;25,8;23,5;17,4;15,3;68;52;68;319;1,1;0;
2024/08/17;0000 UTC;;;;;;;;;;;;;;;;;;
2024/08/17;0100 UTC;;;;;;;;;;;;;;;;;;
2024/08/17;0200 UTC;;;;;;;;;;;;;;;;;;
2024/08/17;0300 UTC;;;;;;;;;;;;;;;;;;
2024/08/17;0400 UTC;;;;;;;;;;;;;;;;;;
2024/08/17;0500 UTC;;;;;;;;;;;;;;;;;;
2024/08/17;0600 UTC;;;;;;;;;;;;;;;;;;
2024/08/17;0700 UTC;;;;;;;;;;;;;;;;;;
2024/08/17;0800 UTC;;;;;;;;;;;;;;;;;;
2024/08/17;0900 UTC;;;;;;;;;;;;;;;;;;
2024/08/17;1000 UTC;0;1006,8;1006,8;1006,4;387,3;23;18,1;23;19,1;19,3;17,8;93;74;74;33;,9;,1;
2024/08/17;1100 UTC;0;1007,3;1007,3;1006,8;979,8;27,7;14,9;27,7;23;18,1;14,9;74;46;46;125;5;2,1;
2024/08/17;1200 UTC;0;1007,5;1007,5;1007,3;1585,2;30;15;30;27,6;15,3;14,1;46;39;40;126;5,7;2,4;
2024/08/17;1300 UTC;0;1007;1007,5;1007;2110,1;31,9;14;31,9;29,8;15,3;13,5;41;33;34;119;6,9;3,2;
2024/08/17;1400 UTC;0;1006,2;1007;1006,2;2501,1;32,9;13,5;33,8;31,2;14,3;13,3;34;30;31;140;7,1;2,8;
2024/08/17;1500 UTC;0;1005;1006,2;1005;2655,3;33,8;13,3;34,5;32,7;14,1;13,2;32;28;29;130;8;2,4;
2024/08/17;1600 UTC;0;1003,7;1005;1003,7;2439,4;35,1;12,5;35,5;33,7;13,8;12,5;29;26;26;119;6,4;2,4;
2024/08/17;1700 UTC;0;1002,8;1003,7;1002,8;2049,4;35,6;12,5;36,1;34,8;13,3;11,8;27;23;25;169;6,3;2,3;
2024/08/17;1800 UTC;0;1002,4;1002,8;1002,4;1566,8;36;11,9;36,5;35,6;12,6;11,4;25;22;23;197;6,9;2,3;
2024/08/17;1900 UTC;0;1002,4;1002,4;1002,3;1040,9;35,9;11,1;36,3;35,6;12,6;10,6;24;22;22;141;6,9;1,4;
2024/08/17;2000 UTC;0;1002,8;1002,8;1002,4;488,1;33,6;12,1;36,1;33,6;12,7;10,8;27;22;27;167;4,2;,9;
2024/08/17;2100 UTC;0;1003,1;1003,1;1002,8;15,7;27,7;13,7;33,6;27,7;14,6;12,1;43;27;42;203;2,4;0;
2024/08/17;2200 UTC;0;1003,8;1003,8;1003,1;;25,8;15,2;27,7;25,8;15,2;13,2;52;41;52;251;2;0;
2024/08/17;2300 UTC;0;1004,3;1004,3;1003,8;;23,8;17,6;25,8;23,7;17,6;14,9;68;51;68;30;1,1;0;
2024/08/18;0000 UTC;;;;;;;;;;;;;;;;;;
2024/08/18;0100 UTC;;;;;;;;;;;;;;;;;;
2024/08/18;0200 UTC;;;;;;;;;;;;;;;;;;
2024/08/18;0300 UTC;;;;;;;;;;;;;;;;;;
2024/08/18;0400 UTC;;;;;;;;;;;;;;;;;;
2024/08/18;0500 UTC;;;;;;;;;;;;;;;;;;
2024/08/18;0600 UTC;;;;;;;;;;;;;;;;;;
2024/08/18;0700 UTC;;;;;;;;;;;;;;;;;;
2024/08/18;0800 UTC;;;;;;;;;;;;;;;;;;
2024/08/18;0900 UTC;;;;;;;;;;;;;;;;;;
2024/08/18;1000 UTC;0;1007,3;1007,3;1006,8;418,5;24,1;18,8;24,1;20,6;20,2;18,5;91;72;73;16;1,5;,6;
2024/08/18;1100 UTC;0;1008,1;1008,1;1007,3;1013,9;27,8;17,3;27,8;24;19,1;16,8;73;53;53;146;3,1;1,5;
2024/08/18;1200 UTC;0;1008,2;1008,2;1008;1612,2;30,1;14,8;30,2;27,8;17,2;14,8;53;39;39;138;5,4;2,2;
2024/08/18;1300 UTC;0;1007,6;1008,2;1007,6;2143,2;32,8;14;32,8;30,1;15,2;13,3;40;32;32;106;6,5;3,2;
2024/08/18;1400 UTC;0;1006,9;1007,6;1006,9;2520,4;34,1;13,7;34,1;32,2;14,1;13,1;33;29;29;124;6,6;2,5;
2024/08/18;1500 UTC;0;1005,9;1006,9;1005,9;2672,6;34,2;12,8;34,8;33,5;13,8;12,3;30;26;27;136;6,6;2,4;
2024/08/18;1600 UTC;0;1004,7;1005,9;1004,7;2470,2;35,5;12,5;35,5;34,1;13,3;12,2;28;25;25;112;6,4;2,7;
2024/08/18;1700 UTC;0;1003,9;1004,8;1003,9;1805,6;34,5;12,4;36,2;33,6;13;11,6;28;23;26;160;5,8;1,1;
2024/08/18;1800 UTC;0;1003,2;1003,9;1003,2;1169,5;34,2;12,4;36,3;33,8;13,1;11,6;28;23;27;170;5,1;,9;
2024/08/18;1900 UTC;0;1003,1;1003,2;1003;1076,4;34,7;11,6;35,9;34,2;12,3;11;27;23;25;125;4,2;1,9;
2024/08/18;2000 UTC;0;1003,2;1003,2;1003,1;239,5;31,9;12,8;34,7;31,4;14,4;11,5;35;25;31;163;3,8;,8;
2024/08/18;2100 UTC;0;1003,6;1003,6;1003,2;15,4;27,9;14,2;31,9;27,9;14,2;12,4;43;31;43;234;3,7;,3;
2024/08/18;2200 UTC;0;1004,2;1004,2;1003,6;;25,1;15,8;27,9;25,1;15,8;13,9;57;43;57;34;1,3;,1;
2024/08/18;2300 UTC;;;;;;;;;;;;;;;;;;
2024/08/19;0000 UTC;;;;;;;;;;;;;;;;;;
2024/08/19;0100 UTC;;;;;;;;;;;;;;;;;;
2024/08/19;0200 UTC;;;;;;;;;;;;;;;;;;
2024/08/19;0300 UTC;;;;;;;;;;;;;;;;;;
2024/08/19;0400 UTC;;;;;;;;;;;;;;;;;;
2024/08/19;0500 UTC;;;;;;;;;;;;;;;;;;
2024/08/19;0600 UTC;;;;;;;;;;;;;;;;;;
2024/08/19;0700 UTC;;;;;;;;;;;;;;;;;;
2024/08/19;0800 UTC;;;;;;;;;;;;;;;;;;
2024/08/19;0900 UTC;;;;;;;;;;;;;;;;;;
2024/08/19;1000 UTC;;;;;;;;;;;;;;;;;;
2024/08/19;1100 UTC;0;1008,3;1008,3;1007,5;1021;28;17;28;24,1;18,8;16,7;68;51;51;121;3;1,3;
2024/08/19;1200 UTC;0;1008,4;1008,5;1008,3;1623,8;30;14;30,1;27,9;16,7;13,3;51;36;38;104;7,1;2,6;
2024/08/19;1300 UTC;0;1008,1;1008,5;1008,1;2147;31,8;12,9;32,1;30;14,1;12,8;38;31;32;81;7,6;3,5;
2024/08/19;1400 UTC;0;1007,3;1008,1;1007,3;2529,2;33,5;13;34;31,7;13,6;12,5;32;28;29;107;7,1;3;
2024/08/19;1500 UTC;0;1006,2;1007,3;1006,2;2677,3;33,8;13;34,7;33,3;13,6;12,5;30;27;28;65;7,9;2,7;
2024/08/19;1600 UTC;0;1005;1006,2;1005;2052,5;34,8;12,5;35,2;33,2;13,5;12,4;29;26;26;92;6,1;2,4;
2024/08/19;1700 UTC;0;1004;1005;1004;1715,2;35,6;13,2;36,1;33,7;13,5;11,9;28;24;26;87;5,6;2,3;
2024/08/19;1800 UTC;0;1003,6;1004;1003,6;1164;35,5;12,9;35,9;33,2;13,5;12,5;29;25;26;121;5,7;1;
2024/08/19;1900 UTC;0;1003,3;1003,6;1003,3;958,7;34,8;12,5;35,8;34;14;12,3;29;25;26;68;6,1;,9;
2024/08/19;2000 UTC;0;1003,4;1003,4;1003,3;373,6;31,3;16,1;35;31,3;16,1;12,4;40;26;40;131;2,9;,1;
2024/08/19;2100 UTC;0;1003,8;1003,8;1003,4;16,3;27,4;15,1;31,3;27,4;17,2;14,9;48;40;47;236;1,2;0;
2024/08/19;2200 UTC;;;;;;;;;;;;;;;;;;
2024/08/19;2300 UTC;;;;;;;;;;;;;;;;;;
2024/08/20;0000 UTC;;;;;;;;;;;;;;;;;;
2024/08/20;0100 UTC;;;;;;;;;;;;;;;;;;
2024/08/20;0200 UTC;;;;;;;;;;;;;;;;;;
2024/08/20;0300 UTC;;;;;;;;;;;;;;;;;;
2024/08/20;0400 UTC;;;;;;;;;;;;;;;;;;
2024/08/20;0500 UTC;;;;;;;;;;;;;;;;;;
2024/08/20;0600 UTC;;;;;;;;;;;;;;;;;;
2024/08/20;0700 UTC;;;;;;;;;;;;;;;;;;
2024/08/20;0800 UTC;;;;;;;;;;;;;;;;;;
2024/08/20;0900 UTC;;;;;;;;;;;;;;;;;;
2024/08/20;1000 UTC;0;1007,8;1007,8;1006,6;336,1;24;19,1;24;20,3;19,6;18,9;92;74;74;126;3,9;1,4;
2024/08/20;1100 UTC;0;1008,2;1008,2;1007,8;822,2;26,4;19,9;26,7;23,9;20,5;18,8;76;66;67;102;4,4;2;
2024/08/20;1200 UTC;0;1008,3;1008,4;1008,2;1533,8;29,5;19,5;29,6;26,4;20,4;19,5;68;55;55;102;5,1;2,5;
2024/08/20;1300 UTC;0;1008,1;1008,4;1008;2049;32,1;17,6;32,3;29,5;19,8;17,6;55;42;42;125;6,3;2,5;
2024/08/20;1400 UTC;0;1007,3;1008,1;1007,3;2426,8;32,9;15,4;33,2;31,8;17,7;15,4;42;34;35;118;6,2;2,4;
2024/08/20;1500 UTC;0;1006,4;1007,3;1006,4;2569,6;34,3;14,7;34,8;32,9;16,2;14,6;36;31;31;74;6,1;2;
2024/08/20;1600 UTC;0;1005,2;1006,4;1005,2;2304,8;35;15,4;35,6;34,3;15,7;14,1;32;29;31;104;6,2;1,7;
2024/08/20;1700 UTC;0;1004,3;1005,2;1004,3;1483,6;34,8;15,4;36,1;33,8;16,1;14,9;34;29;31;128;5,6;2,1;
2024/08/20;1800 UTC;0;1003,8;1004,3;1003,8;1410,7;36;14,9;36,4;34,3;15,9;14,2;33;28;28;155;4,2;1,4;
2024/08/20;1900 UTC;0;1003,6;1003,8;1003,6;974,6;34,9;14,9;36,3;34,5;15,6;14,4;32;28;30;9;4,1;1,2;
2024/08/20;2000 UTC;0;1003,6;1003,7;1003,6;445,5;31,6;18,2;35,4;31,6;18,2;14,4;45;29;45;244;3,4;0;
2024/08/20;2100 UTC;0;1003,7;1003,8;1003,6;16,8;28,2;17,3;31,6;28,2;18,8;17,1;53;45;52;295;1,1;,5;
2024/08/20;2200 UTC;0;1004;1004;1003,7;;27,3;18,4;28,5;27,3;18,4;17,3;58;52;58;256;1,9;,2;
2024/08/20;2300 UTC;;;;;;;;;;;;;;;;;;
2024/08/21;0000 UTC;;;;;;;;;;;;;;;;;;
2024/08/21;0100 UTC;;;;;;;;;;;;;;;;;;
2024/08/21;0200 UTC;;;;;;;;;;;;;;;;;;
2024/08/21;0300 UTC;;;;;;;;;;;;;;;;;;
2024/08/21;0400 UTC;;;;;;;;;;;;;;;;;;
2024/08/21;0500 UTC;;;;;;;;;;;;;;;;;;
2024/08/21;0600 UTC;;;;;;;;;;;;;;;;;;
2024/08/21;0700 UTC;;;;;;;;;;;;;;;;;;
2024/08/21;0800 UTC;;;;;;;;;;;;;;;;;;
2024/08/21;0900 UTC;;;;;;;;;;;;;;;;;;
2024/08/21;1000 UTC;0;1006,4;1006,4;1005,4;396,6;24,8;20,2;24,8;21;20,4;19,4;91;76;76;92;1,8;,8;
2024/08/21;1100 UTC;0;1007,1;1007,1;1006,4;994,8;27,2;20,8;27,2;24,8;21,1;20,2;76;68;68;92;3,5;1,3;
2024/08/21;1200 UTC;0;1006,9;1007,1;1006,9;1563,5;29,9;20,6;30;27;21,4;20,6;70;57;57;110;4,7;1,9;
2024/08/21;1300 UTC;0;1006,5;1006,9;1006,5;2079,4;31,8;19,4;32,2;29,9;20,7;19,2;58;46;48;99;6,7;3,2;
2024/08/21;1400 UTC;0;1005,7;1006,5;1005,7;2320,8;33,4;18,3;33,5;31,8;19,8;18,1;48;41;41;112;8,8;3,4;
2024/08/21;1500 UTC;0;1004,4;1005,7;1004,4;2474,2;34,9;17;35,1;33,4;18,3;16,3;41;33;35;104;6,7;2,3;
2024/08/21;1600 UTC;0;1003,3;1004,4;1003,3;2317,2;35,4;16,2;36,1;34,8;17,6;16,2;36;32;32;99;10,9;2,8;
2024/08/21;1700 UTC;0;1002,5;1003,3;1002,5;1986,6;35,8;16,1;36,2;35,3;16,5;15,3;33;30;31;84;7,2;2,4;
2024/08/21;1800 UTC;0;1001,7;1002,5;1001,7;1512;36,1;15,8;36,6;35,7;16,6;15,3;31;29;30;125;5,6;2,3;
2024/08/21;1900 UTC;0;1001,3;1001,7;1001,3;975,5;36;15,8;36,5;35,6;16,2;15,3;31;29;30;116;4,8;1,5;
2024/08/21;2000 UTC;0;1001,4;1001,4;1001,2;424,1;33,5;17,5;36;33,5;17,5;15,5;39;30;39;165;3,7;,4;
2024/08/21;2100 UTC;0;1001,6;1001,6;1001,4;16,4;28,7;18;33,4;28,7;19,1;16,7;53;38;52;314;1,7;0;
2024/08/21;2200 UTC;0;1002,1;1002,1;1001,6;;27,9;18,8;28,7;27,6;19,2;17,8;60;52;58;287;1,6;,2;
2024/08/21;2300 UTC;0;1002,7;1002,8;1002,1;;26,2;19,9;27,9;26,2;20;18,7;68;58;68;42;1,3;0;
2024/08/22;0000 UTC;;;;;;;;;;;;;;;;;;
2024/08/22;0100 UTC;;;;;;;;;;;;;;;;;;
2024/08/22;0200 UTC;;;;;;;;;;;;;;;;;;
2024/08/22;0300 UTC;;;;;;;;;;;;;;;;;;
2024/08/22;0400 UTC;;;;;;;;;;;;;;;;;;
2024/08/22;0500 UTC;;;;;;;;;;;;;;;;;;
2024/08/22;0600 UTC;;;;;;;;;;;;;;;;;;
2024/08/22;0700 UTC;;;;;;;;;;;;;;;;;;
2024/08/22;0800 UTC;;;;;;;;;;;;;;;;;;
2024/08/22;0900 UTC;;;;;;;;;;;;;;;;;;
2024/08/22;1000 UTC;0;1005,7;1005,7;1005,4;369,1;24,8;20,7;24,8;21,9;21,5;20,6;93;78;78;88;1,1;,2;
2024/08/22;1100 UTC;0;1006,2;1006,3;1005,7;933,3;28,1;19,8;28,1;24,8;21,1;19,6;78;61;61;126;2,5;,9;
2024/08/22;1200 UTC;0;1006;1006,3;1006;1516,9;31;15,9;31,1;28,1;20;15,9;61;40;40;99;6,4;3,5;
2024/08/22;1300 UTC;0;1005,4;1006;1005,4;2044,2;33;15,5;33;30,9;16,3;15,4;41;35;35;102;8,4;2,7;
2024/08/22;1400 UTC;0;1004,4;1005,4;1004,4;2408,6;33,8;15,5;33,9;32,6;15,7;14,9;36;33;33;99;9,1;3,4;
2024/08/22;1500 UTC;0;1003,3;1004,4;1003,3;2553,3;35,2;14,6;35,3;33,8;15,7;14,4;34;29;29;112;7,7;2,8;
2024/08/22;1600 UTC;0;1001,9;1003,3;1001,9;2361,9;35,8;14,5;36,3;34,7;15,2;14,3;30;27;28;153;7,7;2,4;
2024/08/22;1700 UTC;0;1000,8;1001,9;1000,8;1962,2;36,8;14,2;37,2;35,4;15,3;13,8;29;25;26;157;6,7;2,1;
2024/08/22;1800 UTC;0;1000,2;1000,8;1000,2;1499,6;36,8;13;37,7;36,3;14,2;12,8;26;23;24;114;7,9;2,5;
2024/08/22;1900 UTC;0;999,9;1000,2;999,9;984,5;37;12,7;37,3;36,8;13,5;12,3;25;23;23;112;5,7;1,6;
2024/08/22;2000 UTC;0;1000,2;1000,2;999,9;425,9;33,9;13,5;37,1;33,9;14,2;11,8;29;23;29;115;3,8;,8;
2024/08/22;2100 UTC;0;1000,6;1000,6;1000,1;16,1;28,8;14;33,9;28,8;15,2;13,5;41;29;40;360;3;0;
2024/08/22;2200 UTC;0;1001,3;1001,3;1000,5;;26,6;16,8;28,8;26,6;16,8;14;55;40;55;358;1,1;0;
2024/08/22;2300 UTC;0;1002,3;1002,3;1001,3;;25,4;17,5;26,6;25,4;18,1;16,8;63;55;62;126;0;0;
2024/08/23;0000 UTC;;;;;;;;;;;;;;;;;;
2024/08/23;0100 UTC;;;;;;;;;;;;;;;;;;
2024/08/23;0200 UTC;;;;;;;;;;;;;;;;;;
2024/08/23;0300 UTC;;;;;;;;;;;;;;;;;;
2024/08/23;0400 UTC;;;;;;;;;;;;;;;;;;
2024/08/23;0500 UTC;;;;;;;;;;;;;;;;;;
2024/08/23;0600 UTC;;;;;;;;;;;;;;;;;;
2024/08/23;0700 UTC;;;;;;;;;;;;;;;;;;
2024/08/23;0800 UTC;;;;;;;;;;;;;;;;;;
2024/08/23;0900 UTC;;;;;;;;;;;;;;;;;;
2024/08/23;1000 UTC;0;1006,5;1006,5;1005,7;173,1;23,9;20,4;23,9;21,9;21;20,2;90;81;81;25;,7;0;
2024/08/23;1100 UTC;0;1006,9;1006,9;1006,5;923;28,1;18,5;28,1;23,9;20,4;18,5;81;56;56;81;6;2,8;
2024/08/23;1200 UTC;0;1006,8;1007,1;1006,8;1492,1;30,4;17;30,7;28,1;18,7;16,8;56;44;45;96;10;3,6;
2024/08/23;1300 UTC;0;1006,4;1006,9;1006,4;2007,1;32;15,3;32,1;29,9;17,1;15;45;36;37;109;9,9;4,4;
2024/08/23;1400 UTC;0;1005,7;1006,4;1005,6;2302,8;33,3;14,9;33,5;31,7;16,1;14,8;38;33;33;107;9,9;3,7;
2024/08/23;1500 UTC;0;1004,4;1005,7;1004,4;2078,3;34,1;14,7;34,1;32,2;15,6;14,1;37;31;31;80;9,5;4,3;
2024/08/23;1600 UTC;0;1003,1;1004,4;1003,1;2362,6;35,5;13,4;35,5;33,7;14,6;13,1;31;26;27;109;8,3;2,9;
2024/08/23;1700 UTC;0;1002,1;1003,1;1002,1;1933,4;35,4;13,2;36,1;34,8;13,9;12,8;28;25;26;121;8,2;2,7;
2024/08/23;1800 UTC;0;1001,8;1002,1;1001,7;1331,6;35,5;13,2;36,1;34,5;13,5;12,5;28;25;26;110;6,8;2,8;
2024/08/23;1900 UTC;0;1001,4;1001,8;1001,4;914;35,3;12,5;36,2;35,2;13,6;12,3;26;24;25;140;6,8;1,4;
2024/08/23;2000 UTC;0;1001,5;1001,6;1001,4;347,8;31,6;17,2;35,3;31,6;17,2;12,2;42;25;42;118;4,5;,1;
2024/08/23;2100 UTC;0;1001,8;1001,8;1001,5;19,8;28,3;15,5;31,6;28,3;17,2;15,3;47;41;46;315;,5;0;
2024/08/23;2200 UTC;0;1002,6;1002,6;1001,8;;27;18,1;28,3;27;18,1;15,4;58;46;58;46;1,7;,8;
2024/08/23;2300 UTC;0;1003,4;1003,4;1002,6;;28,2;16,1;28,3;26,2;18,7;15,9;64;47;48;47;4,9;1,2;
2024/08/24;0000 UTC;0;1004,1;1004,1;1003,4;;26,9;17,6;28,2;26,3;18;16,4;59;48;57;297;3,3;,3;
2024/08/24;0100 UTC;;;;;;;;;;;;;;;;;;
2024/08/24;0200 UTC;;;;;;;;;;;;;;;;;;
2024/08/24;0300 UTC;;;;;;;;;;;;;;;;;;
2024/08/24;0400 UTC;;;;;;;;;;;;;;;;;;
2024/08/24;0500 UTC;;;;;;;;;;;;;;;;;;
2024/08/24;0600 UTC;;;;;;;;;;;;;;;;;;
2024/08/24;0700 UTC;;;;;;;;;;;;;;;;;;
2024/08/24;0800 UTC;;;;;;;;;;;;;;;;;;
2024/08/24;0900 UTC;;;;;;;;;;;;;;;;;;
2024/08/24;1000 UTC;0;1006,3;1006,3;1005,5;320,7;23,4;18,2;23,4;20,3;19,3;18,2;89;72;72;20;1;,3;
2024/08/24;1100 UTC;0;1007,1;1007,1;1006,3;869,2;28;16,2;28,1;23,4;18,4;16,1;73;48;49;117;3,3;1,6;
2024/08/24;1200 UTC;0;1007,3;1007,4;1007,1;1448,2;30,2;16,9;30,2;28;17,2;16,1;49;45;45;90;7,1;2,8;
2024/08/24;1300 UTC;0;1007,2;1007,5;1007,2;1943,6;31,9;16,4;31,9;29,9;16,7;16,1;45;39;40;96;8,1;3;
2024/08/24;1400 UTC;0;1006,3;1007,2;1006,3;2274,7;33,6;15,2;34,1;31,9;16,6;14,8;40;32;33;98;9,1;2,8;
2024/08/24;1500 UTC;0;1005,4;1006,4;1005,4;2380,6;35,2;14,4;35,3;33,6;15,3;14,2;33;29;29;117;8,1;3,7;
2024/08/24;1600 UTC;0;1004,5;1005,4;1004,4;2021,1;35,6;14,1;36;34;14,7;13,7;31;27;28;101;9,1;3,1;
2024/08/24;1700 UTC;0;1003,6;1004,5;1003,5;1838,6;35,8;13,8;36,7;35;14,3;12,3;28;25;27;82;8,4;2,8;
2024/08/24;1800 UTC;0;1003,4;1003,6;1003,4;1206,8;35,6;13,5;36,6;35;13,6;12,6;27;24;27;93;6,7;1,9;
2024/08/24;1900 UTC;0;1003,2;1003,4;1003,2;865,7;35;13,1;35,8;34,8;13,4;12,3;28;25;27;70;5,6;2,1;
2024/08/24;2000 UTC;0;1003,6;1003,6;1003,2;334,7;32;16,8;35,1;32;17,1;12,6;40;26;40;54;3,7;,6;
2024/08/24;2100 UTC;0;1004,2;1004,2;1003,6;18,1;27,9;16,1;32;27,9;17,7;15,8;49;40;49;308;1,3;0;
2024/08/24;2200 UTC;0;1004,7;1004,7;1004,2;;27,2;17,7;27,9;26,6;18,2;15,8;60;48;56;337;1,5;,7;
2024/08/24;2300 UTC;0;1005,2;1005,2;1004,7;;25,8;18,1;27,4;25,7;18,7;17,6;65;55;62;289;1,5;0;
2024/08/25;0000 UTC;;;;;;;;;;;;;;;;;;
2024/08/25;0100 UTC;;;;;;;;;;;;;;;;;;
2024/08/25;0200 UTC;;;;;;;;;;;;;;;;;;
2024/08/25;0300 UTC;;;;;;;;;;;;;;;;;;
2024/08/25;0400 UTC;;;;;;;;;;;;;;;;;;
2024/08/25;0500 UTC;;;;;;;;;;;;;;;;;;
2024/08/25;0600 UTC;;;;;;;;;;;;;;;;;;
2024/08/25;0700 UTC;;;;;;;;;;;;;;;;;;
2024/08/25;0800 UTC;;;;;;;;;;;;;;;;;;
2024/08/25;0900 UTC;;;;;;;;;;;;;;;;;;
2024/08/25;1000 UTC;0;1006,5;1006,5;1005,9;337,7;23,9;19,5;23,9;20,6;20,1;18,8;90;76;76;31;,8;,2;
2024/08/25;1100 UTC;0;1007,2;1007,2;1006,5;901,1;27,4;19,5;27,4;23,9;19,8;18,5;76;62;62;120;2,4;1,3;
2024/08/25;1200 UTC;0;1007,5;1007,5;1007,2;1488,7;30;18,5;30,5;27,4;19,8;18,5;62;49;50;125;4,4;2,1;
2024/08/25;1300 UTC;0;1007,3;1007,5;1007,2;1990,9;32,3;16,7;32,7;30;18,7;15,9;51;37;39;113;5,7;2,4;
2024/08/25;1400 UTC;0;1006,6;1007,3;1006,6;2337;33,9;15;33,9;32,1;16,8;14,8;39;32;32;145;6;2,3;
2024/08/25;1500 UTC;0;1005,4;1006,6;1005,4;2486,8;34,5;14,3;34,8;33,3;14,9;14,1;33;29;30;60;5,8;1,4;
2024/08/25;1600 UTC;0;1004,1;1005,4;1004,1;2295,4;35,6;14,1;36,3;34,5;14,9;13,7;31;27;28;148;6,7;1,9;
2024/08/25;1700 UTC;0;1003,2;1004,1;1003,2;1916,9;35,7;13,7;36,4;35,3;14,7;13,4;28;26;27;139;6,2;2,5;
2024/08/25;1800 UTC;0;1002,7;1003,2;1002,7;1454,8;36;13,6;36,5;35,6;14,4;13,1;28;25;26;154;6,2;1,3;
2024/08/25;1900 UTC;0;1002,7;1002,7;1002,6;919,5;36;12,9;36,6;35,8;14,1;12,8;27;24;25;116;4,1;1;
2024/08/25;2000 UTC;0;1002,9;1002,9;1002,7;361,3;32;17,1;36,2;32;17,4;13,2;42;25;41;203;2,8;,2;
2024/08/25;2100 UTC;0;1003,1;1003,2;1002,9;15,5;28,8;16,5;32;28,8;17,4;15,9;48;41;48;263;1,7;,6;
2024/08/25;2200 UTC;0;1003,8;1003,8;1003,1;;27,5;17,4;28,9;27,5;17,4;16,3;54;46;54;252;1,9;,5;
2024/08/25;2300 UTC;0;1004,3;1004,3;1003,8;;26,2;18,4;27,5;26;18,7;17,4;64;54;62;262;1,5;,5;
2024/08/26;0000 UTC;0;1004,9;1004,9;1004,3;;24,9;19;26,2;24,9;19,2;18,4;70;62;70;43;1,3;0;
2024/08/26;0100 UTC;;;;;;;;;;;;;;;;;;
2024/08/26;0200 UTC;;;;;;;;;;;;;;;;;;
2024/08/26;0300 UTC;;;;;;;;;;;;;;;;;;
2024/08/26;0400 UTC;;;;;;;;;;;;;;;;;;
2024/08/26;0500 UTC;;;;;;;;;;;;;;;;;;
2024/08/26;0600 UTC;;;;;;;;;;;;;;;;;;
2024/08/26;0700 UTC;;;;;;;;;;;;;;;;;;
2024/08/26;0800 UTC;;;;;;;;;;;;;;;;;;
2024/08/26;0900 UTC;;;;;;;;;;;;;;;;;;
2024/08/26;1000 UTC;0;1006,2;1006,2;1005,5;339;24,1;18,8;24,1;20,7;19,8;18,7;90;72;72;105;1,3;,6;
2024/08/26;1100 UTC;0;1006,7;1006,7;1006;907,1;26,7;20,7;26,7;24,1;20,7;18,6;72;68;70;272;2,2;1,1;
2024/08/26;1200 UTC;0;1006,5;1006,8;1006,5;1465,5;28,9;20,1;29;26,6;21,2;19,9;71;59;59;278;3,7;1,7;
2024/08/26;1300 UTC;0;1006,4;1006,5;1006,4;1964,6;31,3;17,9;31,7;28,9;20,3;17,5;59;43;45;148;5,1;1,7;
2024/08/26;1400 UTC;0;1005,6;1006,4;1005,6;2334,6;33,7;15,8;34;31,3;18,1;15,6;45;34;34;119;5,3;2,5;
2024/08/26;1500 UTC;0;1004,4;1005,6;1004,4;2502,1;35,6;14,5;35,9;33,5;15,9;14,3;34;28;28;112;5,9;2,5;
2024/08/26;1600 UTC;0;1003,1;1004,4;1003,1;2306,7;36;14,2;36,4;35;14,4;13,4;28;26;27;221;5,8;1,6;
2024/08/26;1700 UTC;0;1002,1;1003,1;1002;1910,6;36,9;13,8;37,5;36,1;14,3;13,1;27;24;25;157;5,4;2,1;
2024/08/26;1800 UTC;0;1001,5;1002,1;1001,5;1439,6;37;13,3;37,7;36,5;13,8;13;26;24;24;170;6,1;1,8;
2024/08/26;1900 UTC;0;1001,5;1001,5;1001,3;919,1;36,5;13,7;37,1;36,2;14,1;12,8;27;24;26;105;4,5;1,8;
2024/08/26;2000 UTC;0;1001,8;1001,8;1001,5;378,6;32,1;17,6;36,5;32,1;18,5;13,1;42;25;42;325;3,7;,8;
2024/08/26;2100 UTC;0;1002;1002;1001,8;15,4;29,1;16,6;32,1;29;17,6;16,3;48;41;47;270;1,9;,7;
2024/08/26;2200 UTC;0;1002,6;1002,6;1002;;27,3;18;29,2;27,3;18;16,3;57;46;57;20;1,9;0;
2024/08/26;2300 UTC;0;1003,3;1003,3;1002,6;;25,8;17,6;27,3;25,8;18,4;17,6;61;57;61;243;1,2;,2;
2024/08/27;0000 UTC;0;1004,1;1004,1;1003,3;;24,9;19;26,1;24,9;19;17,5;70;60;70;156;1,4;0;
2024/08/27;0100 UTC;;;;;;;;;;;;;;;;;;
2024/08/27;0200 UTC;;;;;;;;;;;;;;;;;;
2024/08/27;0300 UTC;;;;;;;;;;;;;;;;;;
2024/08/27;0400 UTC;;;;;;;;;;;;;;;;;;
2024/08/27;0500 UTC;;;;;;;;;;;;;;;;;;
2024/08/27;0600 UTC;;;;;;;;;;;;;;;;;;
2024/08/27;0700 UTC;;;;;;;;;;;;;;;;;;
2024/08/27;0800 UTC;;;;;;;;;;;;;;;;;;
2024/08/27;0900 UTC;;;;;;;;;;;;;;;;;;
2024/08/27;1000 UTC;0;1007;1007;1006,3;268,3;24,5;21,4;24,6;23;21,7;21,3;91;82;83;323;2,9;,2;
2024/08/27;1100 UTC;0;1007,7;1007,7;1007;618,6;25,9;20,8;25,9;24,5;21,6;20,6;83;73;73;295;2,5;,4;
2024/08/27;1200 UTC;0;1008;1008;1007,7;1501,8;28,7;21,2;28,7;25,9;21,3;20,7;73;64;64;100;2,7;,9;
2024/08/27;1300 UTC;0;1007,6;1008;1007,6;2052,5;31,1;21;31,2;28,6;21,7;20,6;64;55;55;214;3,9;1,4;
2024/08/27;1400 UTC;0;1006,6;1007,7;1006,6;2469,4;32,9;19;33,2;31,1;21;18,9;55;44;44;200;4,7;1,5;
2024/08/27;1500 UTC;0;1005,3;1006,6;1005,3;2556,5;34,1;17,8;34,3;32,4;19,4;16,6;45;35;38;104;5,1;2,6;
2024/08/27;1600 UTC;0;1004,1;1005,3;1004,1;2311,8;34,9;17,5;35,5;34;18,1;16,8;38;34;36;209;6,7;2;
2024/08/27;1700 UTC;0;1003,1;1004,2;1003,1;1940,7;36,2;16,4;36,2;34,9;17,7;16,1;36;31;31;106;6;1,8;
2024/08/27;1800 UTC;0;1002,6;1003,1;1002,6;1491,3;36,7;16,2;37,2;36,1;16,9;16;32;29;30;99;5,1;2,4;
2024/08/27;1900 UTC;0;1002,3;1002,6;1002,3;963,2;36,8;14,9;37,1;36,3;16,3;14,8;31;27;27;91;5;1,1;
2024/08/27;2000 UTC;0;1002,2;1002,3;1002,2;411,8;32,5;18,4;36,8;32,5;18,4;14;43;27;43;12;3,5;,2;
2024/08/27;2100 UTC;0;1002,4;1002,4;1002,2;15,8;29,5;17,1;32,5;29,3;19,1;17;50;43;47;256;1,9;1;
2024/08/27;2200 UTC;0;1003,1;1003,1;1002,4;;27,4;19;29,8;27,4;19;17;60;47;60;323;2;,5;
2024/08/27;2300 UTC;0;1003,6;1003,7;1003,1;;26,1;19,3;27,5;26,1;19,5;18,9;66;60;66;278;1,4;,1;
2024/08/28;0000 UTC;0;1004,4;1004,4;1003,6;;25,5;19,8;26,1;25,3;19,8;19,5;71;67;71;343;1,1;0;
2024/08/28;0100 UTC;;;;;;;;;;;;;;;;;;
2024/08/28;0200 UTC;;;;;;;;;;;;;;;;;;
2024/08/28;0300 UTC;;;;;;;;;;;;;;;;;;
2024/08/28;0400 UTC;;;;;;;;;;;;;;;;;;
2024/08/28;0500 UTC;;;;;;;;;;;;;;;;;;
2024/08/28;0600 UTC;;;;;;;;;;;;;;;;;;
2024/08/28;0700 UTC;;;;;;;;;;;;;;;;;;
2024/08/28;0800 UTC;;;;;;;;;;;;;;;;;;
2024/08/28;0900 UTC;;;;;;;;;;;;;;;;;;
2024/08/28;1000 UTC;0;1007,5;1007,5;1007,1;422,9;25,3;13,8;25,3;21,1;20,8;13,8;90;49;49;132;3,5;1,3;
2024/08/28;1100 UTC;0;1008;1008;1007,5;1041,8;28,9;14,3;29;25,3;14,8;12,9;49;41;41;127;6,8;2,8;
2024/08/28;1200 UTC;0;1008;1008,2;1008;1645,9;31,2;14,8;31,2;28,7;15,3;14,4;42;37;37;132;6,5;2,7;
2024/08/28;1300 UTC;0;1007,3;1008;1007,3;2147,5;32,8;15;32,8;31;15,7;14,7;38;34;34;124;8,5;2,9;
2024/08/28;1400 UTC;0;1006,6;1007,3;1006,6;2526,3;34,5;14,9;34,5;32,8;15,5;14,5;34;31;31;136;8,2;2,8;
2024/08/28;1500 UTC;0;1005,7;1006,6;1005,6;2661,5;35;14,5;35,4;33,9;15,2;14,1;32;29;29;125;7,4;3,4;
2024/08/28;1600 UTC;0;1004,4;1005,7;1004,4;2430,5;36;14,7;36,2;35;15,1;14;30;27;28;163;8,5;2,8;
2024/08/28;1700 UTC;0;1003,5;1004,4;1003,5;2018,9;36,6;12,4;36,8;35,9;14,6;12,4;28;23;23;142;7;2,6;
2024/08/28;1800 UTC;0;1003,2;1003,5;1003,1;1561,8;36,2;12,7;37,6;36,2;14,1;11,9;26;23;24;171;6,7;3;
2024/08/28;1900 UTC;0;1003,3;1003,3;1003,2;1035,1;36,9;12,7;37,1;36,2;13,2;12,1;25;23;24;166;6,7;1,1;
2024/08/28;2000 UTC;0;1003,3;1003,3;1003,2;424,1;34,3;13,1;36,9;34,3;13,6;12,4;28;23;28;159;4,7;,7;
2024/08/28;2100 UTC;0;1003,8;1003,8;1003,3;15;30,3;14,6;34,2;30,3;14,6;13,1;38;28;38;214;2,8;,6;
2024/08/28;2200 UTC;0;1004,5;1004,5;1003,8;;28,1;17,2;30,3;28,1;17,2;14,3;52;38;52;297;1,7;0;
2024/08/28;2300 UTC;0;1005;1005;1004,5;;27,8;16,7;28,1;27,5;18;16,4;56;50;51;195;1,4;,5;
2024/08/29;0000 UTC;0;1005,8;1005,8;1005;;28,1;15,8;29,4;27,8;18,3;15,5;55;43;47;203;2,5;,9;
2024/08/29;0100 UTC;0;1006,2;1006,2;1005,8;;30,5;12,3;30,5;28,2;16;12,3;47;33;33;159;5,1;1,6;
2024/08/29;0200 UTC;;;;;;;;;;;;;;;;;;
2024/08/29;0300 UTC;;;;;;;;;;;;;;;;;;
2024/08/29;0400 UTC;;;;;;;;;;;;;;;;;;
2024/08/29;0500 UTC;;;;;;;;;;;;;;;;;;
2024/08/29;0600 UTC;;;;;;;;;;;;;;;;;;
2024/08/29;0700 UTC;;;;;;;;;;;;;;;;;;
2024/08/29;0800 UTC;;;;;;;;;;;;;;;;;;
2024/08/29;0900 UTC;0;1007,4;1007,4;1006,7;20,5;19,5;15,2;19,5;19;15,7;14,6;81;75;76;338;,9;0;
2024/08/29;1000 UTC;0;1007,8;1007,8;1007,4;473,9;26,4;13,5;26,4;19,6;17,1;12,8;78;45;45;137;6,2;2;
2024/08/29;1100 UTC;0;1008,3;1008,4;1007,8;1082,3;28,2;14,2;28,4;26,4;14,7;13,5;46;42;42;122;9,9;3,5;
2024/08/29;1200 UTC;0;1008,6;1008,7;1008,3;1682,3;30,6;13,6;30,6;28,2;14,7;13,6;43;35;35;116;9,9;3,8;
2024/08/29;1300 UTC;0;1008,3;1008,7;1008,3;2191,7;32,1;13,5;32,5;30,4;14;13,3;36;32;32;120;9;3,6;
2024/08/29;1400 UTC;0;1007,4;1008,3;1007,3;2558,6;33,5;13,4;33,7;32,1;13,9;13,2;33;30;30;120;8;3,5;
2024/08/29;1500 UTC;0;1006;1007,4;1006;2698,3;34,6;13,1;35;33,4;13,6;12,9;30;27;27;136;8;3,6;
2024/08/29;1600 UTC;0;1005;1006;1005;2456,4;35,6;12,6;35,6;34,3;13,4;12,3;28;25;25;131;9,1;2,9;
2024/08/29;1700 UTC;0;1004;1005;1003,9;2030;36,3;12,2;36,5;35,2;13;11,6;26;23;24;112;6,3;2,7;
2024/08/29;1800 UTC;0;1003,4;1004;1003,4;1559;36,2;11,6;36,7;35,8;12,5;11,3;24;22;23;140;5,7;2,3;
2024/08/29;1900 UTC;0;1003,5;1003,5;1003,4;1050,6;36,3;11;36,7;35,9;11,9;10,5;23;21;22;96;5,7;1,3;
2024/08/29;2000 UTC;0;1003,8;1003,8;1003,5;459,5;33,6;12,1;36,4;33,6;12,5;10,7;28;21;27;128;4,6;,7;
2024/08/29;2100 UTC;0;1004,2;1004,2;1003,8;13,4;28,9;12,7;33,6;28,9;13,4;12;38;27;37;186;2,4;,5;
2024/08/29;2200 UTC;0;1004,9;1004,9;1004,2;;26,8;13,4;29;26,8;14,6;12,5;46;37;44;354;1,2;0;
2024/08/29;2300 UTC;0;1005,3;1005,3;1004,9;;25,1;16,4;26,8;25,1;16,5;13,6;58;44;58;47;,6;0;
2024/08/30;0000 UTC;0;1006,1;1006,1;1005,3;;24;17,2;25,1;24;17,2;16,3;66;58;66;66;,8;,3;
2024/08/30;0100 UTC;;;;;;;;;;;;;;;;;;
2024/08/30;0200 UTC;;;;;;;;;;;;;;;;;;
2024/08/30;0300 UTC;;;;;;;;;;;;;;;;;;
2024/08/30;0400 UTC;;;;;;;;;;;;;;;;;;
2024/08/30;0500 UTC;;;;;;;;;;;;;;;;;;
2024/08/30;0600 UTC;;;;;;;;;;;;;;;;;;
2024/08/30;0700 UTC;;;;;;;;;;;;;;;;;;
2024/08/30;0800 UTC;;;;;;;;;;;;;;;;;;
2024/08/30;0900 UTC;0;1007,6;1007,6;1007,1;22,8;20,5;18,6;20,5;19,8;18,9;18,2;92;89;89;142;2,4;,6;
2024/08/30;1000 UTC;0;1008,2;1008,2;1007,6;447;26,1;13,3;26,1;20,5;18,6;13;89;45;45;129;5,6;1,8;
2024/08/30;1100 UTC;0;1008,5;1008,5;1008,2;1042,7;28,3;11;28,5;26,1;13,4;10,5;45;34;34;139;8,9;2,7;
2024/08/30;1200 UTC;0;1008,3;1008,5;1008,2;1637,7;30,6;11,3;30,9;28,3;11,6;10,7;35;30;31;116;8,3;3,6;
2024/08/30;1300 UTC;0;1007,7;1008,3;1007,7;2161,6;31,7;11,2;31,9;30,3;11,8;11,1;31;28;28;120;9,8;3,7;
2024/08/30;1400 UTC;0;1006,7;1007,8;1006,7;2542,7;33,4;11;33,6;31,7;11,7;10,6;29;25;26;113;9,8;3,7;
2024/08/30;1500 UTC;0;1005,3;1006,7;1005,3;2692,3;34,5;11,5;34,5;33,1;11,7;10,7;26;24;25;170;8,5;2,8;
2024/08/30;1600 UTC;0;1004,1;1005,3;1004,1;2502,4;35,3;11;35,4;34;11,5;10,6;25;23;23;130;9,5;2,6;
2024/08/30;1700 UTC;0;1002,8;1004,1;1002,8;2080,9;35,4;9,8;36,3;35;11,6;9,8;24;21;21;124;6,9;3;
2024/08/30;1800 UTC;0;1002,2;1002,8;1002,1;1584;36;8,7;36,3;35,3;10,5;8,4;22;18;19;128;7,6;2,6;
2024/08/30;1900 UTC;0;1002,1;1002,2;1002;1042,8;35,8;7,9;36,3;35,6;8,9;7,2;19;17;18;132;7,6;1,5;
2024/08/30;2000 UTC;0;1002,3;1002,3;1002,1;438,5;33,3;8,4;35,9;33,3;8,4;7;22;17;22;172;5,4;,8;
2024/08/30;2100 UTC;0;1002,8;1002,8;1002,3;13,6;28,8;9,5;33,3;28,8;10,2;8;30;21;30;209;3;,8;
2024/08/30;2200 UTC;0;1003,6;1003,6;1002,8;;28;9,4;28,8;27,3;10,5;9,1;35;30;31;203;2,4;,9;
2024/08/30;2300 UTC;0;1004,5;1004,5;1003,6;;26;12,2;28,1;26;12,2;9,5;42;31;42;215;2,6;1;
2024/08/31;0000 UTC;;;;;;;;;;;;;;;;;;
2024/08/31;0100 UTC;;;;;;;;;;;;;;;;;;
2024/08/31;0200 UTC;;;;;;;;;;;;;;;;;;
2024/08/31;0300 UTC;;;;;;;;;;;;;;;;;;
2024/08/31;0400 UTC;;;;;;;;;;;;;;;;;;
2024/08/31;0500 UTC;;;;;;;;;;;;;;;;;;
2024/08/31;0600 UTC;;;;;;;;;;;;;;;;;;
2024/08/31;0700 UTC;;;;;;;;;;;;;;;;;;
2024/08/31;0800 UTC;;;;;;;;;;;;;;;;;;
2024/08/31;0900 UTC;;;;;;;;;;;;;;;;;;
2024/08/31;1000 UTC;0;1007;1007;1006,5;458,2;23,1;17,1;23,1;18,7;17,4;16,2;88;68;69;329;1,1;,2;
2024/08/31;1100 UTC;0;1007,6;1007,6;1007;1066,6;28,1;13,6;28,2;23,1;17,4;13,3;69;40;41;120;6,7;2,8;
2024/08/31;1200 UTC;0;1007,5;1007,6;1007,5;1683,7;29,5;13,6;29,7;28,1;14,2;13,2;41;37;38;133;7,1;2,8;
2024/08/31;1300 UTC;0;1007,2;1007,5;1007,2;2203,4;31,7;12;31,8;29,5;13,9;11,9;38;30;30;135;9,3;3;
2024/08/31;1400 UTC;0;1006,5;1007,2;1006,5;2586;33,2;11,7;33,2;31,6;12,4;11,5;30;27;27;147;8,8;2,8;
2024/08/31;1500 UTC;0;1005,3;1006,5;1005,3;2734,3;34,2;11,4;34,4;32,7;12,3;11,3;28;25;25;107;7,7;2,5;
2024/08/31;1600 UTC;0;1004;1005,3;1004;2530,8;34,7;11,7;35,6;34,2;12,3;10,7;25;23;25;104;6,1;2,4;
2024/08/31;1700 UTC;0;1002,9;1004;1002,9;2108,1;36,1;10,8;36,1;34,7;11,7;10,3;25;22;22;104;5,7;2,3;
2024/08/31;1800 UTC;0;1002,4;1002,9;1002,4;1579,9;35,6;10,2;36,4;35,4;11,2;9,8;22;21;21;113;6,2;2,4;
2024/08/31;1900 UTC;0;1002,6;1002,6;1002,3;1038,6;35,3;10,2;36,2;34,8;10,7;9,6;22;21;22;335;5,2;1;
2024/08/31;2000 UTC;0;1002,7;1002,8;1002,6;428,4;32;13;35,7;32;13,5;9,7;32;21;32;107;2,3;,1;
2024/08/31;2100 UTC;0;1003,1;1003,2;1002,8;12,8;27,6;12,2;32;27,6;13,9;12,2;40;32;38;156;1,4;,2;
2024/08/31;2200 UTC;0;1003,7;1003,7;1003,1;;25,8;14,5;27,8;25,8;14,5;11,8;50;37;50;263;1,9;,2;
2024/08/31;2300 UTC;0;1004,3;1004,3;1003,7;;24,3;15,5;26,1;24,2;16;14,5;60;49;58;265;2,2;0;
2024/09/01;0000 UTC;;;;;;;;;;;;;;;;;;
2024/09/01;0100 UTC;;;;;;;;;;;;;;;;;;
2024/09/01;0200 UTC;;;;;;;;;;;;;;;;;;
2024/09/01;0300 UTC;;;;;;;;;;;;;;;;;;
2024/09/01;0400 UTC;;;;;;;;;;;;;;;;;;
2024/09/01;0500 UTC;;;;;;;;;;;;;;;;;;
2024/09/01;0600 UTC;;;;;;;;;;;;;;;;;;
2024/09/01;0700 UTC;;;;;;;;;;;;;;;;;;
2024/09/01;0800 UTC;;;;;;;;;;;;;;;;;;
2024/09/01;0900 UTC;0;1006,5;1006,5;1005,7;23,8;18,1;16,4;18,1;17,4;16,4;15,6;91;89;90;66;1;,2;
2024/09/01;1000 UTC;0;1007,2;1007,2;1006,5;474;22,6;16,6;22,7;18,1;17,2;16,3;90;69;69;25;1;,3;
2024/09/01;1100 UTC;0;1007,5;1007,5;1007,2;1084,2;27,5;14,5;27,6;22,6;17,1;14,5;69;45;45;135;4,7;1,4;
2024/09/01;1200 UTC;0;1007,5;1007,6;1007,5;1708,2;30,3;12;30,3;27,5;14,5;11,3;46;32;32;138;6,6;2,7;
2024/09/01;1300 UTC;0;1007,1;1007,5;1007,1;2229,9;32,4;10,8;32,9;30,2;12,5;10,6;33;26;27;124;10,7;4,3;
2024/09/01;1400 UTC;0;1006;1007,1;1006;2606,9;33,6;11,1;33,9;32,3;11,6;10,7;27;25;25;126;10,7;2,8;
2024/09/01;1500 UTC;0;1004,9;1006;1004,9;2763,6;35,1;10,2;35,4;33,3;11,4;10,2;26;22;22;118;6,2;2,7;
2024/09/01;1600 UTC;0;1003,8;1004,9;1003,8;2535,6;35,7;10,4;36;34,5;11,2;9,7;24;21;22;96;6,3;3,1;
2024/09/01;1700 UTC;0;1002,8;1003,8;1002,8;2131,1;36,2;10;36,5;35,1;10,5;9;22;19;20;118;6,3;2,2;
2024/09/01;1800 UTC;0;1002,2;1002,8;1002,2;1634;36,2;9,7;36,8;35,8;10;8,5;21;18;20;157;6,9;2,1;
2024/09/01;1900 UTC;0;1002,2;1002,3;1002;1059,3;35,5;8,8;36,3;35,4;10,1;8,2;20;18;20;121;7,3;3;
2024/09/01;2000 UTC;0;1002,4;1002,4;1002,1;429,4;33,3;9,4;35,7;33,3;9,7;8,4;23;19;23;120;7,3;1,2;
2024/09/01;2100 UTC;0;1003;1003;1002,4;11,8;28;10,7;33,3;27,9;11,8;9,6;35;23;34;203;3,3;0;
2024/09/01;2200 UTC;0;1003,5;1003,5;1003;;25,6;13,6;28;25,6;13,6;10,5;47;34;47;354;,5;0;
2024/09/01;2300 UTC;0;1004,3;1004,3;1003,5;;23,3;15,5;25,6;23,3;15,7;13,5;62;47;61;52;1,4;0;
2024/09/02;0000 UTC;;;;;;;;;;;;;;;;;;
2024/09/02;0100 UTC;;;;;;;;;;;;;;;;;;
2024/09/02;0200 UTC;;;;;;;;;;;;;;;;;;
2024/09/02;0300 UTC;;;;;;;;;;;;;;;;;;
2024/09/02;0400 UTC;;;;;;;;;;;;;;;;;;
2024/09/02;0500 UTC;;;;;;;;;;;;;;;;;;
2024/09/02;0600 UTC;;;;;;;;;;;;;;;;;;
2024/09/02;0700 UTC;;;;;;;;;;;;;;;;;;
2024/09/02;0800 UTC;;;;;;;;;;;;;;;;;;
2024/09/02;0900 UTC;0;1005,5;1005,5;1004,4;25,5;18,4;16,6;18,4;17,5;16,6;15,3;90;87;89;252;0;0;
2024/09/02;1000 UTC;0;1006,2;1006,2;1005,5;492,1;23,6;16,5;23,6;18,5;17,4;16,5;89;64;65;195;2,7;1,4;
2024/09/02;1100 UTC;0;1006,5;1006,6;1006,2;1094,3;27,4;15,5;27,4;23,6;16,7;15,4;65;48;48;148;4,1;1,4;
2024/09/02;1200 UTC;0;1006,3;1006,6;1006,3;1740;30;13,3;30,4;27,4;15,3;13,1;48;35;36;139;6,6;3,1;
2024/09/02;1300 UTC;0;1006;1006,4;1006;2276,8;31,8;13,3;31,9;30;13,8;12,8;36;32;32;134;7,8;2,7;
2024/09/02;1400 UTC;0;1005;1006,1;1005;2655,8;33,2;13,5;33,5;31,7;14,2;13,1;33;30;30;155;6,9;2,8;
2024/09/02;1500 UTC;0;1003,9;1005;1003,9;2788,1;35,3;13,4;35,3;33;13,8;13,1;31;27;27;126;7,1;2,2;
2024/09/02;1600 UTC;0;1002,6;1003,9;1002,6;2582;34,7;12,3;35,4;33,7;13,6;12;29;25;26;101;6,5;1,6;
2024/09/02;1700 UTC;0;1001,6;1002,6;1001,6;2134,8;35,6;12,4;35,7;34,4;13,5;12,1;27;25;25;167;6;1,1;
2024/09/02;1800 UTC;0;1001,1;1001,6;1001,1;1632,2;35,6;11,5;36,3;34,9;13;10,6;26;23;23;167;6,5;1,9;
2024/09/02;1900 UTC;0;1001;1001,2;1001;1081,2;35,4;12,1;36,1;35,2;12,3;11,4;25;23;24;57;4,8;1;
2024/09/02;2000 UTC;0;1001,1;1001,1;1000,9;450,8;32,2;14,5;35,7;32,2;14,7;11,8;34;24;34;68;3,5;,1;
2024/09/02;2100 UTC;0;1001,5;1001,5;1001,1;12,3;27,9;15;32,2;27,9;16;14,9;46;34;45;328;1,1;,1;
2024/09/02;2200 UTC;0;1001,9;1001,9;1001,5;;26;16,2;27,9;26;16,2;14,7;55;45;55;263;1,2;,1;
2024/09/02;2300 UTC;0;1002,6;1002,6;1001,9;;24,6;16,8;26,7;24,5;17,3;15,7;63;51;62;80;1,6;,1;
2024/09/03;0000 UTC;0;1003,4;1003,4;1002,6;;23,3;16,8;24,7;23,3;17,3;16,7;68;62;67;30;,4;0;
2024/09/03;0100 UTC;;;;;;;;;;;;;;;;;;
2024/09/03;0200 UTC;;;;;;;;;;;;;;;;;;
2024/09/03;0300 UTC;;;;;;;;;;;;;;;;;;
2024/09/03;0400 UTC;;;;;;;;;;;;;;;;;;
2024/09/03;0500 UTC;;;;;;;;;;;;;;;;;;
2024/09/03;0600 UTC;;;;;;;;;;;;;;;;;;
2024/09/03;0700 UTC;;;;;;;;;;;;;;;;;;
2024/09/03;0800 UTC;;;;;;;;;;;;;;;;;;
2024/09/03;0900 UTC;0;1004,5;1004,5;1004;29,3;21,1;19,7;21,1;19,9;19,7;18,3;93;90;91;209;1,8;,7;
2024/09/03;1000 UTC;0;1005,3;1005,3;1004,5;473,2;24,3;18,5;24,3;21,1;20;18,3;91;70;70;175;3;,9;
2024/09/03;1100 UTC;0;1005,9;1005,9;1005,3;1084,3;27,1;19;27,2;24,3;19,3;18,5;71;61;61;129;3;1,1;
2024/09/03;1200 UTC;0;1006;1006,1;1005,9;1691,3;29,1;19,2;29,4;26,7;19,6;18,8;63;54;55;102;3,5;1,4;
2024/09/03;1300 UTC;0;1005,5;1006;1005,5;2213,6;31;18,7;31,3;29;19,6;18,6;56;48;48;161;4,3;1,9;
2024/09/03;1400 UTC;0;1004,4;1005,5;1004,4;2630,9;33,7;16,4;33,7;31;19,2;16,3;49;36;36;141;5,7;2,2;
2024/09/03;1500 UTC;0;1003,2;1004,4;1003,2;2793;34,6;16,4;34,9;33,2;17,5;15,8;39;34;34;132;5,7;2,2;
2024/09/03;1600 UTC;0;1002;1003,2;1002;2520,3;35,3;15,5;35,9;34,2;16,6;15;35;30;31;156;5,8;2,5;
2024/09/03;1700 UTC;0;1001,1;1002;1001,1;2154;36,1;15,2;36,7;35,3;15,9;14,7;31;28;29;51;5,7;1,6;
2024/09/03;1800 UTC;0;1000,4;1001,1;1000,4;1619,2;36,2;14,6;36,8;35,6;15,4;14,3;29;27;28;229;5,3;1,1;
2024/09/03;1900 UTC;0;1000,3;1000,4;1000,3;1046,4;36,2;14,8;37;35,8;15,2;14,2;29;26;28;182;3,7;1,2;
2024/09/03;2000 UTC;0;1000,7;1000,7;1000,3;423,8;32,8;15,6;36,3;32,8;15,8;13,4;36;26;36;197;2,5;0;
2024/09/03;2100 UTC;0;1001,1;1001,1;1000,7;12,8;28,9;17;32,8;28,9;17;15,6;49;36;49;325;1,6;,2;
2024/09/03;2200 UTC;0;1001,7;1001,7;1001,1;;27,1;18;29;27,1;18;16,7;57;48;57;258;1,8;,2;
2024/09/03;2300 UTC;;;;;;;;;;;;;;;;;;
2024/09/04;0000 UTC;;;;;;;;;;;;;;;;;;
2024/09/04;0100 UTC;;;;;;;;;;;;;;;;;;
2024/09/04;0200 UTC;;;;;;;;;;;;;;;;;;
2024/09/04;0300 UTC;;;;;;;;;;;;;;;;;;
2024/09/04;0400 UTC;;;;;;;;;;;;;;;;;;
2024/09/04;0500 UTC;;;;;;;;;;;;;;;;;;
2024/09/04;0600 UTC;;;;;;;;;;;;;;;;;;
2024/09/04;0700 UTC;;;;;;;;;;;;;;;;;;
2024/09/04;0800 UTC;;;;;;;;;;;;;;;;;;
2024/09/04;0900 UTC;;;;;;;;;;;;;;;;;;
2024/09/04;1000 UTC;0;1005,4;1005,4;1004,5;391,1;24,6;20,9;24,6;22,3;21,5;20,7;92;80;80;143;2;,7;
2024/09/04;1100 UTC;0;1006,2;1006,2;1005,4;1107,2;27,2;20,7;27,4;24,6;21;20,4;80;66;68;90;3,7;1,9;
2024/09/04;1200 UTC;0;1006,3;1006,3;1006,1;1730,8;29,3;20,3;29,6;27,2;21,1;20,1;68;58;58;165;4,3;1,8;
2024/09/04;1300 UTC;0;1005,9;1006,3;1005,9;2248,3;31,8;18,1;32,3;29,4;20,5;17,9;58;43;44;142;6;2,2;
2024/09/04;1400 UTC;0;1005,1;1006;1005,1;2641,7;34,1;15;34,1;31,8;18;14,7;44;32;32;119;6,8;2,8;
2024/09/04;1500 UTC;0;1004,1;1005,1;1004,1;2780,3;35,2;14,1;35,2;33,8;14,8;11,9;32;25;28;193;9;2,1;
2024/09/04;1600 UTC;0;1003;1004,1;1003;2554,9;36,6;12;36,7;35;13,8;12;28;23;23;137;6,1;2;
2024/09/04;1700 UTC;0;1002;1003;1002;2117,9;36,8;11,6;37,2;35,9;12,6;11,1;24;21;22;153;6,6;2,1;
2024/09/04;1800 UTC;0;1001,5;1002;1001,4;1621,6;37,2;11,2;37,5;36,5;12,2;11,1;23;21;21;142;7;2,4;
2024/09/04;1900 UTC;0;1001,1;1001,5;1001;1063,7;36,9;12,2;37,9;36,8;12,3;11,1;23;21;23;135;6,7;1,7;
2024/09/04;2000 UTC;0;1001,1;1001,1;1001;448,5;33,5;13,5;37;33,5;13,8;10,7;30;21;30;327;4;0;
2024/09/04;2100 UTC;0;1001,2;1001,2;1001,1;13,8;29,4;14,7;33,5;29,4;14,7;13,2;41;30;41;346;1,2;,3;
2024/09/04;2200 UTC;0;1001,7;1001,7;1001,2;;27,9;15,5;29,5;27,7;15,6;14,6;48;40;47;251;2,5;1;
2024/09/04;2300 UTC;0;1002,4;1002,4;1001,7;;25,5;16,2;28;25,5;17,4;15,5;58;47;56;7;2;0;
2024/09/05;0000 UTC;;;;;;;;;;;;;;;;;;
2024/09/05;0100 UTC;;;;;;;;;;;;;;;;;;
2024/09/05;0200 UTC;;;;;;;;;;;;;;;;;;
2024/09/05;0300 UTC;;;;;;;;;;;;;;;;;;
2024/09/05;0400 UTC;;;;;;;;;;;;;;;;;;
2024/09/05;0500 UTC;;;;;;;;;;;;;;;;;;
2024/09/05;0600 UTC;;;;;;;;;;;;;;;;;;
2024/09/05;0700 UTC;;;;;;;;;;;;;;;;;;
2024/09/05;0800 UTC;;;;;;;;;;;;;;;;;;
2024/09/05;0900 UTC;;;;;;;;;;;;;;;;;;
2024/09/05;1000 UTC;0;1006;1006;1005,3;477,3;24,4;18,4;24,6;21;20,1;18,3;91;69;69;55;2;1;
2024/09/05;1100 UTC;0;1006,4;1006,4;1006;1104,8;27;19;27;24,4;19,1;18,4;70;61;61;127;3,5;1,5;
2024/09/05;1200 UTC;0;1006,7;1006,8;1006,4;1724,3;30,3;18,2;30,5;27,1;19,1;18,2;61;48;48;114;6,3;2,9;
2024/09/05;1300 UTC;0;1006,2;1006,8;1006,2;2256,7;32,7;16,6;32,8;30;18,6;16,4;50;38;38;116;6,5;2,6;
2024/09/05;1400 UTC;0;1005,2;1006,2;1005,2;2664,8;34,1;15,4;34,2;32,4;16,6;14,9;39;32;33;96;6,9;3,5;
2024/09/05;1500 UTC;0;1004,4;1005,3;1004,4;2813,7;35,4;15,7;35,7;33,8;15,7;14,6;33;29;31;149;7,2;2,5;
2024/09/05;1600 UTC;0;1003,3;1004,5;1003,2;2600,9;35,9;14,5;36,6;35;15,9;14,3;31;27;28;179;7,7;1,8;
2024/09/05;1700 UTC;0;1002,2;1003,3;1002,2;2157,8;36,7;13,8;36,8;35,7;15,2;13,7;29;26;26;154;6,2;1,9;
2024/09/05;1800 UTC;0;1001,6;1002,2;1001,6;1629,2;36,8;13,4;37,3;36,2;14;12,4;26;23;25;115;6,1;1,6;
2024/09/05;1900 UTC;0;1001,5;1001,6;1001,5;1044,9;36,5;13,2;37,1;36,4;13,7;12,8;26;24;25;92;5;2;
2024/09/05;2000 UTC;0;1001,5;1001,5;1001,4;439,6;33,4;16,1;36,6;33,4;16,1;13,1;36;25;36;187;3,5;,2;
2024/09/05;2100 UTC;0;1001,8;1001,8;1001,5;19,1;29,3;15,5;33,4;29,3;16,3;14,4;44;32;43;298;1,3;,4;
2024/09/05;2200 UTC;0;1002,1;1002,1;1001,8;;28,2;16,4;29,3;27,9;16,8;15,5;51;43;49;275;1,7;0;
2024/09/05;2300 UTC;0;1002,6;1002,6;1002,1;;25,8;18,2;28,3;25,8;18,2;16,5;63;49;63;95;1,7;,2;
2024/09/06;0000 UTC;;;;;;;;;;;;;;;;;;
2024/09/06;0100 UTC;;;;;;;;;;;;;;;;;;
2024/09/06;0200 UTC;;;;;;;;;;;;;;;;;;
2024/09/06;0300 UTC;;;;;;;;;;;;;;;;;;
2024/09/06;0400 UTC;;;;;;;;;;;;;;;;;;
2024/09/06;0500 UTC;;;;;;;;;;;;;;;;;;
2024/09/06;0600 UTC;;;;;;;;;;;;;;;;;;
2024/09/06;0700 UTC;;;;;;;;;;;;;;;;;;
2024/09/06;0800 UTC;;;;;;;;;;;;;;;;;;
2024/09/06;0900 UTC;;;;;;;;;;;;;;;;;;
2024/09/06;1000 UTC;0;1005,4;1005,4;1004,8;466,4;25,1;20,1;25,1;21,5;20,9;19,9;91;74;74;96;2,5;1,4;
2024/09/06;1100 UTC;0;1006;1006;1005,4;1095,2;27,2;19,5;27,4;25;20,4;19,4;75;62;63;58;4,2;1,8;
2024/09/06;1200 UTC;0;1006,1;1006,2;1006;1715,1;30,1;19,3;30,1;27,2;19,9;19;63;52;53;127;5,7;2,2;
2024/09/06;1300 UTC;0;1005,5;1006,2;1005,5;2257,9;32,6;16,9;32,7;30,1;19,6;16,7;53;39;39;118;7,2;3;
2024/09/06;1400 UTC;0;1004,8;1005,5;1004,8;2556,3;33,9;14,8;34;32,5;16,6;14,5;39;31;32;114;8;3,4;
2024/09/06;1500 UTC;0;1003,7;1004,8;1003,7;2397,1;34,7;14,4;34,8;33,2;15,4;14,3;34;29;30;118;7,3;3,5;
2024/09/06;1600 UTC;0;1002,3;1003,7;1002,3;2687;36,1;13,9;36,6;34,5;15;13,8;31;26;27;169;6,9;2;
2024/09/06;1700 UTC;0;1001,5;1002,3;1001,5;2226,2;36,7;13,5;37,4;35,5;14,8;13,5;28;25;25;135;7,3;2,4;
2024/09/06;1800 UTC;0;1000,7;1001,5;1000,7;1664,7;36,8;13,9;37,2;36;14,1;13,2;26;24;26;158;5,9;2;
2024/09/06;1900 UTC;0;1000,4;1000,7;1000,4;1066,2;36,5;13,7;37,2;36,1;14,1;13,1;26;24;26;147;4,8;1,7;
2024/09/06;2000 UTC;0;1000,4;1000,5;1000,3;433,9;32,9;17;36,7;32,9;17,1;13,2;39;25;39;263;4;,1;
2024/09/06;2100 UTC;0;1000,6;1000,6;1000,3;14,1;29,4;15,4;32,9;29,4;16,9;15;43;37;42;291;1;,1;
2024/09/06;2200 UTC;0;1001;1001;1000,5;;27,8;16,9;29,5;27,8;16,9;15,3;51;42;51;250;2,4;,5;
2024/09/06;2300 UTC;0;1001,9;1001,9;1001;;25,7;18,3;27,8;25,7;18,3;16,9;63;51;63;52;1,1;,8;
2024/09/07;0000 UTC;;;;;;;;;;;;;;;;;;
2024/09/07;0100 UTC;;;;;;;;;;;;;;;;;;
2024/09/07;0200 UTC;;;;;;;;;;;;;;;;;;
2024/09/07;0300 UTC;;;;;;;;;;;;;;;;;;
2024/09/07;0400 UTC;;;;;;;;;;;;;;;;;;
2024/09/07;0500 UTC;;;;;;;;;;;;;;;;;;
2024/09/07;0600 UTC;;;;;;;;;;;;;;;;;;
2024/09/07;0700 UTC;;;;;;;;;;;;;;;;;;
2024/09/07;0800 UTC;;;;;;;;;;;;;;;;;;
2024/09/07;0900 UTC;0;1004,8;1004,8;1003,8;33,6;21,7;19,7;21,7;20,3;19,7;18,3;90;88;88;98;1,5;,5;
2024/09/07;1000 UTC;0;1005,4;1005,4;1004,8;480,8;25,2;20;25,2;21,6;20,1;19,4;88;73;73;85;2,1;,8;
2024/09/07;1100 UTC;0;1005,9;1006;1005,4;1107,5;29,4;16,8;29,4;25,2;20,2;16,8;73;47;47;100;5,6;2,3;
2024/09/07;1200 UTC;0;1006;1006,1;1005,9;1735,2;31,7;16,2;31,8;29,4;16,5;15,2;47;38;40;124;7,7;2,7;
2024/09/07;1300 UTC;0;1005,6;1006;1005,6;2276,9;32,9;15,4;33,1;31,2;16,5;15,4;41;34;35;90;9,2;3,8;
2024/09/07;1400 UTC;0;1004,6;1005,6;1004,6;2643,3;34,3;15,3;34,7;32,8;15,8;14,9;35;31;32;113;8,5;3,4;
2024/09/07;1500 UTC;0;1003,5;1004,6;1003,5;2781,4;35,4;15,5;35,8;34,2;15,8;14,8;32;29;31;174;7,8;2,8;
2024/09/07;1600 UTC;0;1002;1003,5;1002;2596,4;36,4;14;37,3;35,2;15,6;14;31;26;26;115;6,9;3,2;
2024/09/07;1700 UTC;0;1001;1002,1;1001;2175,2;37;13,6;37,5;36,3;14,7;13,5;27;24;25;133;6,9;2,9;
2024/09/07;1800 UTC;0;1000,3;1001;1000,2;1626,7;37,8;14;37,8;37;14,4;12,9;25;23;24;87;8,3;2,2;
2024/09/07;1900 UTC;0;1000,2;1000,3;1000,1;1043,8;37;13,2;38;37;13,9;12,8;25;23;24;115;6,1;1,7;
2024/09/07;2000 UTC;0;1000,5;1000,5;1000,2;418,3;34,7;14,1;37,4;34,7;14,1;12,8;29;23;29;141;4,5;,6;
2024/09/07;2100 UTC;0;1000,7;1000,7;1000,5;10,7;29,7;15;34,7;29,7;15,2;13,8;41;29;41;199;2,1;,1;
2024/09/07;2200 UTC;0;1001,2;1001,2;1000,7;;29,1;16,7;29,9;29,1;17,9;14,5;50;39;47;47;1;0;
2024/09/07;2300 UTC;0;1002,1;1002,1;1001,2;;27,5;18,3;29,1;27,5;18,3;16,7;57;47;57;89;1,4;,1;
2024/09/08;0000 UTC;0;1003;1003;1002,1;;27,2;18,2;27,5;26,6;18,7;17,8;61;56;58;148;1,9;,9;
2024/09/08;0100 UTC;;;;;;;;;;;;;;;;;;
2024/09/08;0200 UTC;;;;;;;;;;;;;;;;;;
2024/09/08;0300 UTC;;;;;;;;;;;;;;;;;;
2024/09/08;0400 UTC;;;;;;;;;;;;;;;;;;
2024/09/08;0500 UTC;;;;;;;;;;;;;;;;;;
2024/09/08;0600 UTC;;;;;;;;;;;;;;;;;;
2024/09/08;0700 UTC;;;;;;;;;;;;;;;;;;
2024/09/08;0800 UTC;;;;;;;;;;;;;;;;;;
2024/09/08;0900 UTC;;;;;;;;;;;;;;;;;;
2024/09/08;1000 UTC;0;1006;1006;1005,3;449,3;26,3;20;26,3;22,5;20,7;19,6;87;68;68;62;1,4;,7;
2024/09/08;1100 UTC;0;1006,5;1006,5;1006;1063,7;30,1;16,7;30,1;26,3;20,2;16,3;69;45;45;104;5,6;3;
2024/09/08;1200 UTC;0;1006,8;1006,9;1006,5;1738,9;31,6;16;32;30;16,8;15,9;45;39;39;99;8,5;3,5;
2024/09/08;1300 UTC;0;1006,7;1006,9;1006,7;2274,3;32,9;16;33,4;31,6;16,8;15,6;40;35;36;115;7,7;2,8;
2024/09/08;1400 UTC;0;1005,7;1006,7;1005,7;2668,7;34,6;15,6;34,7;32,9;16,2;15,1;36;32;32;141;8,6;2,8;
2024/09/08;1500 UTC;0;1004,3;1005,7;1004,3;2803,1;35,8;15,3;36,1;34,3;15,9;15,2;33;29;30;141;7,6;2,9;
2024/09/08;1600 UTC;0;1002,8;1004,3;1002,8;2384,1;36,5;13,9;37,4;35,2;15,8;13,6;31;25;26;122;6,6;2,6;
2024/09/08;1700 UTC;0;1001,7;1002,8;1001,7;2180,6;38,4;11,1;38,6;36,5;14,3;10,2;26;19;19;132;8,3;2,9;
2024/09/08;1800 UTC;0;1001,2;1001,8;1001,2;982,9;36,9;10,6;38,6;36,5;12,2;9,9;23;19;21;100;6,6;2,4;
2024/09/08;1900 UTC;0;1001,2;1001,2;1001,1;1023,2;37,5;10,1;38,1;36,9;11;9,3;21;18;19;120;8,1;2,1;
2024/09/08;2000 UTC;0;1001,5;1001,5;1001,2;387;34,9;11,1;37,6;34,9;11,6;9,3;25;18;24;137;5,2;,6;
2024/09/08;2100 UTC;0;1002,1;1002,1;1001,5;18,5;31;11,6;34,9;30,9;12,5;11;32;24;30;176;1,8;,4;
2024/09/08;2200 UTC;0;1002,7;1002,7;1002,1;;29,2;14,3;31;29,2;14,9;11,4;41;30;40;11;1,5;0;
2024/09/08;2300 UTC;;;;;;;;;;;;;;;;;;
2024/09/09;0000 UTC;;;;;;;;;;;;;;;;;;
2024/09/09;0100 UTC;;;;;;;;;;;;;;;;;;
2024/09/09;0200 UTC;;;;;;;;;;;;;;;;;;
2024/09/09;0300 UTC;;;;;;;;;;;;;;;;;;
2024/09/09;0400 UTC;;;;;;;;;;;;;;;;;;
2024/09/09;0500 UTC;;;;;;;;;;;;;;;;;;
2024/09/09;0600 UTC;;;;;;;;;;;;;;;;;;
2024/09/09;0700 UTC;;;;;;;;;;;;;;;;;;
2024/09/09;0800 UTC;;;;;;;;;;;;;;;;;;
2024/09/09;0900 UTC;;;;;;;;;;;;;;;;;;
2024/09/09;1000 UTC;0;1006,3;1006,3;1005,6;519,5;26,2;14,9;26,2;21;17,2;14,4;76;50;50;60;2,4;1;
2024/09/09;1100 UTC;0;1006,5;1006,6;1006,3;1136,6;30;15,7;30,2;26,3;15,9;14,9;50;41;42;111;7;2,7;
2024/09/09;1200 UTC;0;1006,7;1006,7;1006,5;1781,6;31,8;15;32,1;30;15,8;15;42;36;36;116;9,2;3,4;
2024/09/09;1300 UTC;0;1006,2;1006,7;1006,1;2316,9;33,8;14,9;33,9;31,7;15,5;14,7;37;32;32;123;8,2;3,4;
2024/09/09;1400 UTC;0;1005,5;1006,2;1005,4;2664,5;34,4;15;35,2;33,6;15,3;14,4;33;30;31;122;8,2;3;
2024/09/09;1500 UTC;0;1004;1005,5;1004;2408,5;36,1;13,5;36,2;34,2;15,2;13,5;31;26;26;98;8,1;3,7;
2024/09/09;1600 UTC;0;1002,7;1004;1002,7;2634,6;37,5;13,8;37,6;35;14,1;12,8;28;23;24;119;9,6;2,3;
2024/09/09;1700 UTC;0;1001,8;1002,7;1001,8;1852;36,7;13;37,6;35,8;13,6;12,6;26;23;24;149;6,7;2,5;
2024/09/09;1800 UTC;0;1001,3;1001,8;1001,3;1374,8;36,6;12,3;37,7;36;13,1;11,9;25;22;23;72;6,1;1,8;
2024/09/09;1900 UTC;0;1001,4;1001,4;1001,2;936;36,4;11,9;37,4;35,7;13;11,5;25;22;23;72;6,8;2,2;
2024/09/09;2000 UTC;0;1001,5;1001,5;1001,4;432,4;34,2;13,4;36,6;34,2;13,4;11,8;29;23;29;113;4,3;,7;
2024/09/09;2100 UTC;0;1002;1002;1001,5;14,7;30,2;13,7;34,2;30,2;14,6;13,3;37;29;37;206;2,4;,6;
2024/09/09;2200 UTC;0;1002,5;1002,5;1002;;28,3;16;30,2;28,3;16;13,6;47;36;47;318;1,1;,1;
2024/09/09;2300 UTC;;;;;;;;;;;;;;;;;;
2024/09/10;0000 UTC;;;;;;;;;;;;;;;;;;
2024/09/10;0100 UTC;;;;;;;;;;;;;;;;;;
2024/09/10;0200 UTC;;;;;;;;;;;;;;;;;;
2024/09/10;0300 UTC;;;;;;;;;;;;;;;;;;
2024/09/10;0400 UTC;;;;;;;;;;;;;;;;;;
2024/09/10;0500 UTC;;;;;;;;;;;;;;;;;;
2024/09/10;0600 UTC;;;;;;;;;;;;;;;;;;
2024/09/10;0700 UTC;;;;;;;;;;;;;;;;;;
2024/09/10;0800 UTC;;;;;;;;;;;;;;;;;;
2024/09/10;0900 UTC;;;;;;;;;;;;;;;;;;
2024/09/10;1000 UTC;0;1005,9;1005,9;1005,2;477;25,4;18,8;25,4;21,2;19,8;18,6;88;67;67;38;1,4;,4;
2024/09/10;1100 UTC;0;1006,2;1006,2;1005,9;1100,2;29,3;15,2;29,3;25,4;18,9;13,8;67;41;42;103;6,2;3,1;
2024/09/10;1200 UTC;0;1006,1;1006,3;1006,1;1737,1;31,4;16,1;31,6;29,3;16,1;14,9;43;38;40;120;8,2;3,3;
2024/09/10;1300 UTC;0;1005,6;1006,2;1005,6;2273,6;32,4;16,2;32,9;31,4;16,4;15,3;40;35;38;84;8,2;2,8;
2024/09/10;1400 UTC;0;1004,8;1005,7;1004,8;2634,8;33,9;15,6;34,3;32,4;16,5;15,4;38;33;33;130;7;2,2;
2024/09/10;1500 UTC;0;1003,5;1004,8;1003,5;2784,9;34,4;14,9;34,8;33,2;15,9;14,7;35;30;31;126;7,2;2,4;
2024/09/10;1600 UTC;0;1002,3;1003,5;1002,3;2620,4;36,1;14,7;36,1;34,4;15,2;14,2;31;27;28;134;6,6;2,3;
2024/09/10;1700 UTC;0;1001,4;1002,3;1001,4;2132,5;36,4;13,2;36,9;35,3;14,7;12,5;29;24;25;141;6,7;2,1;
2024/09/10;1800 UTC;0;1000,7;1001,4;1000,7;1594,3;37,3;13,4;37,3;35,6;13,6;12,5;26;24;24;155;5,5;1,3;
2024/09/10;1900 UTC;0;1000,5;1000,7;1000,5;1004,7;36,4;12,3;37,3;36,1;13,3;11,8;25;23;23;113;5,9;1,2;
2024/09/10;2000 UTC;0;1000,7;1000,7;1000,5;375,9;33,5;14,9;36,8;33,5;15,1;12;33;23;33;34;3,2;0;
2024/09/10;2100 UTC;0;1001,2;1001,2;1000,7;13,7;29,1;15;33,4;29,1;16,2;14,3;43;33;42;340;1,3;,2;
2024/09/10;2200 UTC;;;;;;;;;;;;;;;;;;
2024/09/10;2300 UTC;;;;;;;;;;;;;;;;;;
2024/09/11;0000 UTC;;;;;;;;;;;;;;;;;;
2024/09/11;0100 UTC;;;;;;;;;;;;;;;;;;
2024/09/11;0200 UTC;;;;;;;;;;;;;;;;;;
2024/09/11;0300 UTC;;;;;;;;;;;;;;;;;;
2024/09/11;0400 UTC;;;;;;;;;;;;;;;;;;
2024/09/11;0500 UTC;;;;;;;;;;;;;;;;;;
2024/09/11;0600 UTC;;;;;;;;;;;;;;;;;;
2024/09/11;0700 UTC;;;;;;;;;;;;;;;;;;
2024/09/11;0800 UTC;;;;;;;;;;;;;;;;;;
2024/09/11;0900 UTC;;;;;;;;;;;;;;;;;;
2024/09/11;1000 UTC;0;1005,3;1005,3;1004,7;493;25,8;19,8;25,8;22;20,6;19,4;89;69;70;181;2,4;,9;
2024/09/11;1100 UTC;0;1006;1006,1;1005,3;1100,1;28;19,6;28,3;25,8;20,3;19,6;70;60;60;166;4,5;1,5;
2024/09/11;1200 UTC;0;1006,1;1006,2;1006;1734,9;30,7;17,6;30,7;28;20,1;16,9;62;45;45;115;6,8;2,9;
2024/09/11;1300 UTC;0;1005,3;1006,1;1005,3;2269;32,9;17;32,9;30,6;18,1;16,2;47;38;39;124;7,3;2,9;
2024/09/11;1400 UTC;0;1004,7;1005,3;1004,7;2651,4;33,8;15,2;34,2;32,5;16,8;15,2;39;32;33;136;6,8;2,8;
2024/09/11;1500 UTC;0;1003,6;1004,7;1003,6;2713,3;35,1;15,1;35,2;33,5;15,9;15;34;30;30;139;6,8;2,4;
2024/09/11;1600 UTC;0;1002,4;1003,6;1002,4;2567,3;35,9;14,2;36,2;34,5;15,8;14;31;27;27;158;7,3;2,5;
2024/09/11;1700 UTC;0;1001,6;1002,4;1001,6;2163,4;36,8;13,4;37,5;35,7;14,3;12,9;27;24;25;141;7,3;2,2;
2024/09/11;1800 UTC;0;1001,1;1001,6;1001,1;1560,6;37,2;13,4;37,6;36,2;13,8;12,9;25;24;24;135;5,8;2;
2024/09/11;1900 UTC;0;1001;1001,1;1001;1042,8;36,9;13;37,2;36,4;13,5;12,5;25;24;24;141;6,4;1,5;
2024/09/11;2000 UTC;0;1000,9;1001,1;1000,8;414,8;34,3;13,1;36,9;34,3;13,9;12,3;29;24;28;158;4,3;,5;
2024/09/11;2100 UTC;0;1001,3;1001,3;1000,9;13,3;29,7;14,5;34,3;29,7;14,7;13,1;40;28;40;163;2,5;0;
2024/09/11;2200 UTC;;;;;;;;;;;;;;;;;;
2024/09/11;2300 UTC;;;;;;;;;;;;;;;;;;
2024/09/12;0000 UTC;;;;;;;;;;;;;;;;;;
2024/09/12;0100 UTC;;;;;;;;;;;;;;;;;;
2024/09/12;0200 UTC;;;;;;;;;;;;;;;;;;
2024/09/12;0300 UTC;;;;;;;;;;;;;;;;;;
2024/09/12;0400 UTC;;;;;;;;;;;;;;;;;;
2024/09/12;0500 UTC;;;;;;;;;;;;;;;;;;
2024/09/12;0600 UTC;;;;;;;;;;;;;;;;;;
2024/09/12;0700 UTC;;;;;;;;;;;;;;;;;;
2024/09/12;0800 UTC;;;;;;;;;;;;;;;;;;
2024/09/12;0900 UTC;;;;;;;;;;;;;;;;;;
2024/09/12;1000 UTC;0;1006,1;1006,1;1005,4;534,6;26,5;19,5;26,5;22;20,8;19,1;90;65;65;51;2,4;1,1;
2024/09/12;1100 UTC;0;1006,6;1006,6;1006,1;1157,4;29,3;18,3;29,5;26,5;19,3;18,3;65;51;51;118;6;2,8;
2024/09/12;1200 UTC;0;1006,8;1006,9;1006,6;1674,1;30,7;17,7;31,1;29,1;18,4;17,2;52;44;46;118;8,5;3,4;
2024/09/12;1300 UTC;0;1006,4;1006,8;1006,4;1786,3;31,9;17,3;32,4;30;17,9;17,1;48;40;42;129;7,6;2,5;
2024/09/12;1400 UTC;0;1005,4;1006,4;1005,4;2366,7;34;16,6;34;31,7;17,7;16,4;43;35;36;119;8;3,6;
2024/09/12;1500 UTC;0;1004,1;1005,5;1004,1;2469,2;35,3;15,6;35,4;33,4;16,9;15,6;37;31;31;140;7,7;2,6;
2024/09/12;1600 UTC;0;1002,8;1004;1002,8;2448,6;34,7;15,5;35,8;34,4;16,1;15,3;32;30;32;86;9,5;3,2;
2024/09/12;1700 UTC;0;1002;1002,9;1002;1999,5;36,5;15,2;36,7;34,7;15,8;14,9;32;28;28;146;9,5;2,2;
2024/09/12;1800 UTC;0;1001,4;1002,1;1001,4;1327,6;36,7;14,9;37,5;35,4;15,8;14,4;31;26;27;151;5,8;1,5;
2024/09/12;1900 UTC;0;1001,4;1001,4;1001,3;919;36,2;14,3;37;35,9;15,2;13,9;29;26;27;139;4,9;,6;
2024/09/12;2000 UTC;0;1001,6;1001,6;1001,3;465,1;35,4;13,9;36,9;35,4;14,5;13,5;29;25;28;115;3,8;,9;
2024/09/12;2100 UTC;0;1002;1002;1001,6;19,8;31,2;15,6;35,4;31,2;15,8;13,9;39;28;39;310;2,1;0;
2024/09/12;2200 UTC;;;;;;;;;;;;;;;;;;
2024/09/12;2300 UTC;;;;;;;;;;;;;;;;;;
2024/09/13;0000 UTC;;;;;;;;;;;;;;;;;;
2024/09/13;0100 UTC;;;;;;;;;;;;;;;;;;
2024/09/13;0200 UTC;;;;;;;;;;;;;;;;;;
2024/09/13;0300 UTC;;;;;;;;;;;;;;;;;;
2024/09/13;0400 UTC;;;;;;;;;;;;;;;;;;
2024/09/13;0500 UTC;;;;;;;;;;;;;;;;;;
2024/09/13;0600 UTC;;;;;;;;;;;;;;;;;;
2024/09/13;0700 UTC;;;;;;;;;;;;;;;;;;
2024/09/13;0800 UTC;;;;;;;;;;;;;;;;;;
2024/09/13;0900 UTC;;;;;;;;;;;;;;;;;;
2024/09/13;1000 UTC;0;1006,3;1006,3;1005,4;548,5;25,4;19,1;25,4;22,6;20,8;18,8;88;68;68;66;3,2;1,6;
2024/09/13;1100 UTC;0;1006,7;1006,7;1006,3;1168,6;28,3;18,1;28,4;25,4;19,4;18,1;68;54;54;102;3,6;1,5;
2024/09/13;1200 UTC;0;1006,9;1007;1006,7;1781,2;30,9;17,3;30,9;28,4;18,5;17,3;54;44;44;100;7,5;3,5;
2024/09/13;1300 UTC;0;1006,2;1006,9;1006,2;2355,1;32,9;16,8;33,3;30,9;17,3;16,4;44;37;38;106;9,6;3,9;
2024/09/13;1400 UTC;0;1005;1006,2;1005;2651;33,5;15,8;34,4;32,7;17;15,8;39;33;35;98;9,2;3,1;
2024/09/13;1500 UTC;0;1003,8;1005;1003,8;2343;33,9;15,2;36,1;33,5;16,2;15,1;35;29;33;120;7,1;3,5;
2024/09/13;1600 UTC;0;1002,4;1003,8;1002,4;2580,7;36;14,4;36,6;33,9;15,8;14,4;33;27;27;121;8,1;3,2;
2024/09/13;1700 UTC;0;1001,7;1002,4;1001,5;1559,3;35,4;13,7;37,2;34,8;14,9;12,5;30;24;27;130;7,7;2,9;
2024/09/13;1800 UTC;0;1001,1;1001,7;1001,1;1391,7;36,9;12,8;37,6;35;14,1;12,8;28;23;24;170;6,9;2,2;
2024/09/13;1900 UTC;0;1001,2;1001,2;1001,1;1110;36,8;12,4;37,5;36,6;13,2;11,3;24;22;23;147;6,7;1,8;
2024/09/13;2000 UTC;0;1001,5;1001,5;1001,2;451,6;34;13,1;36,9;34;13,4;11,5;29;23;28;157;5;,3;
2024/09/13;2100 UTC;0;1001,9;1001,9;1001,5;11,1;29,9;13,7;34;29,9;13,8;12,5;37;27;37;136;3,1;,1;
2024/09/13;2200 UTC;0;1002,4;1002,4;1001,9;;27,8;14,2;29,8;27,8;15,2;13,7;45;37;43;57;,6;0;
2024/09/13;2300 UTC;;;;;;;;;;;;;;;;;;
2024/09/14;0000 UTC;;;;;;;;;;;;;;;;;;
2024/09/14;0100 UTC;;;;;;;;;;;;;;;;;;
2024/09/14;0200 UTC;;;;;;;;;;;;;;;;;;
2024/09/14;0300 UTC;;;;;;;;;;;;;;;;;;
2024/09/14;0400 UTC;;;;;;;;;;;;;;;;;;
2024/09/14;0500 UTC;;;;;;;;;;;;;;;;;;
2024/09/14;0600 UTC;;;;;;;;;;;;;;;;;;
2024/09/14;0700 UTC;;;;;;;;;;;;;;;;;;
2024/09/14;0800 UTC;;;;;;;;;;;;;;;;;;
2024/09/14;0900 UTC;;;;;;;;;;;;;;;;;;
2024/09/14;1000 UTC;0;1006,1;1006,2;1005,3;550,7;25,2;19,1;25,2;20,8;19,2;18,5;89;69;69;109;1,7;,9;
2024/09/14;1100 UTC;0;1006,5;1006,5;1006,1;1183,1;28,7;18;28,7;25,2;19,4;17,6;69;52;52;92;5,3;2;
2024/09/14;1200 UTC;0;1006,8;1006,8;1006,4;1831;30,7;16,1;30,7;28,7;18;16,1;52;41;42;102;7;3,3;
2024/09/14;1300 UTC;0;1006,2;1006,8;1006,1;2366,8;32,9;15,8;32,9;30,7;16,5;15,2;42;35;36;121;7,7;2,9;
2024/09/14;1400 UTC;0;1005;1006,2;1005;2621,7;33,3;15,1;34,2;32,7;15,8;15,1;36;33;34;101;6,5;2,7;
2024/09/14;1500 UTC;0;1003,6;1005;1003,6;2537,2;33,9;15,1;35,7;33,3;15,5;14,5;34;29;33;102;6,6;2,3;
2024/09/14;1600 UTC;0;1002,3;1003,6;1002,3;2020,7;36,3;13,5;36,7;33,4;15,2;13,3;33;25;26;128;5,6;1,7;
2024/09/14;1700 UTC;0;1001,4;1002,3;1001,4;2030,6;36,6;13,2;37;35,2;14,2;12,8;28;24;25;186;5,9;1,4;
2024/09/14;1800 UTC;0;1001,1;1001,5;1001,1;1704,7;36,7;13;37,6;36,1;14;12,6;26;24;24;77;6,5;1,3;
2024/09/14;1900 UTC;0;1001,2;1001,2;1001,1;1087;36,2;12,8;37,3;36,1;13,3;12,5;25;23;25;63;4,9;2;
2024/09/14;2000 UTC;0;1001,5;1001,5;1001,2;415,3;34,4;13,6;36,4;34,4;13,8;12,3;29;24;29;68;4,2;1,2;
2024/09/14;2100 UTC;0;1001,9;1001,9;1001,5;12,1;29,6;14,6;34,3;29,6;15,9;13,6;41;29;40;337;2,7;0;
2024/09/14;2200 UTC;0;1002,6;1002,6;1001,9;;27,9;16,1;29,5;27,9;16,1;14,6;49;40;49;317;1,1;,2;
2024/09/14;2300 UTC;;;;;;;;;;;;;;;;;;
2024/09/15;0000 UTC;;;;;;;;;;;;;;;;;;
2024/09/15;0100 UTC;;;;;;;;;;;;;;;;;;
2024/09/15;0200 UTC;;;;;;;;;;;;;;;;;;
2024/09/15;0300 UTC;;;;;;;;;;;;;;;;;;
2024/09/15;0400 UTC;;;;;;;;;;;;;;;;;;
2024/09/15;0500 UTC;;;;;;;;;;;;;;;;;;
2024/09/15;0600 UTC;;;;;;;;;;;;;;;;;;
2024/09/15;0700 UTC;;;;;;;;;;;;;;;;;;
2024/09/15;0800 UTC;;;;;;;;;;;;;;;;;;
2024/09/15;0900 UTC;;;;;;;;;;;;;;;;;;
2024/09/15;1000 UTC;0;1006,3;1006,3;1005,5;555,9;25,3;18,9;25,3;21,7;20,1;18,8;89;68;68;30;2,4;1;
2024/09/15;1100 UTC;0;1006,8;1006,8;1006,3;1179,6;27,9;19,3;28,1;25,2;19,5;18,7;68;59;60;48;3,4;1,4;
2024/09/15;1200 UTC;0;1007,1;1007,3;1006,8;1808,2;30,7;18,8;30,7;27,9;19,4;18,6;60;49;49;120;4,9;1,9;
2024/09/15;1300 UTC;0;1006,5;1007,1;1006,5;2332,6;32,4;17,3;33,3;30,4;19;16,9;50;39;41;149;5,6;2,4;
2024/09/15;1400 UTC;0;1005,5;1006,5;1005,5;2727,6;34,3;16,4;34,5;32,4;17,7;16,2;41;34;34;107;7,5;2,6;
2024/09/15;1500 UTC;0;1004,1;1005,4;1004,1;2869,6;35,8;15,9;36;34,2;16,6;15,7;34;30;31;149;8,4;2,6;
2024/09/15;1600 UTC;0;1002,9;1004,1;1002,9;2703,6;36,8;14,8;37,3;35,6;16,2;14,5;31;26;27;174;6,2;2;
2024/09/15;1700 UTC;0;1001,9;1002,9;1001,9;2235,1;37,3;14,7;38,1;36,7;15,3;14,3;28;25;26;154;6;1,7;
2024/09/15;1800 UTC;0;1001,3;1001,9;1001,3;1681,5;37,7;13,7;38,3;37,2;15,2;13,7;27;24;24;133;5,4;1,6;
2024/09/15;1900 UTC;0;1001,2;1001,3;1001,1;835,6;38;14,2;38;35,7;14,7;13,7;29;24;24;158;5,1;,7;
2024/09/15;2000 UTC;0;1001,3;1001,3;1001,2;407,1;35,2;16,3;38;35,2;16,3;13,5;32;24;32;178;3,6;,1;
2024/09/15;2100 UTC;0;1001,8;1001,8;1001,3;11,2;30,4;16;35,2;30,4;16,5;15,3;43;31;42;276;1,3;,3;
2024/09/15;2200 UTC;0;1002,4;1002,4;1001,8;;29,3;16,2;30,5;29,2;16,9;15,8;47;41;45;248;1,3;,2;
2024/09/15;2300 UTC;;;;;;;;;;;;;;;;;;
2024/09/16;0000 UTC;;;;;;;;;;;;;;;;;;
2024/09/16;0100 UTC;;;;;;;;;;;;;;;;;;
2024/09/16;0200 UTC;;;;;;;;;;;;;;;;;;
2024/09/16;0300 UTC;;;;;;;;;;;;;;;;;;
2024/09/16;0400 UTC;;;;;;;;;;;;;;;;;;
2024/09/16;0500 UTC;;;;;;;;;;;;;;;;;;
2024/09/16;0600 UTC;;;;;;;;;;;;;;;;;;
2024/09/16;0700 UTC;;;;;;;;;;;;;;;;;;
2024/09/16;0800 UTC;;;;;;;;;;;;;;;;;;
2024/09/16;0900 UTC;;;;;;;;;;;;;;;;;;
2024/09/16;1000 UTC;0;1006,7;1006,7;1005,8;535,7;26,4;19,1;26,5;23;20,5;19,1;85;64;64;93;2,1;,7;
2024/09/16;1100 UTC;0;1007,1;1007,1;1006,7;1146,5;29,2;19,6;29,2;26,4;19,7;19,2;65;56;56;125;3,3;1,6;
2024/09/16;1200 UTC;0;1007,1;1007,3;1007,1;1788,6;32,1;18;32,1;29,2;19,7;17,7;56;43;43;107;7,9;3;
2024/09/16;1300 UTC;0;1006,6;1007,2;1006,6;2317;33,8;16;33,8;32,1;17,8;16;43;35;35;123;8,8;3,9;
2024/09/16;1400 UTC;0;1005,8;1006,6;1005,8;2700,5;35;15,9;35,1;33,6;16,3;15,5;35;31;32;131;7,7;2,6;
2024/09/16;1500 UTC;0;1004,4;1005,8;1004,4;2782,2;35,3;15,3;35,9;34,8;16;14,9;32;29;30;76;7;1,6;
2024/09/16;1600 UTC;0;1003,1;1004,4;1003,1;2606;36,9;14,9;37,5;35,3;15,8;14,6;31;26;27;175;6,7;2,3;
2024/09/16;1700 UTC;0;1002,1;1003,1;1002;2141,5;37,3;14,6;37,7;36,4;15;14;27;25;26;112;6,5;2,5;
2024/09/16;1800 UTC;0;1001,7;1002,1;1001,7;1642,5;37,2;14,2;38;36,6;15;14;26;25;26;308;6,5;,9;
2024/09/16;1900 UTC;0;1001,6;1001,7;1001,5;902,2;37;14,6;38;36,7;15,1;14,3;27;25;26;60;5,5;1,1;
2024/09/16;2000 UTC;0;1001,8;1001,8;1001,6;374,7;34,8;16,2;37,2;34,8;16,2;14,1;33;26;33;172;3,9;,5;
2024/09/16;2100 UTC;0;1002,2;1002,2;1001,8;10,9;31,1;16,1;34,8;31,1;17,1;15,9;42;33;41;262;1,7;0;
2024/09/16;2200 UTC;0;1002,9;1002,9;1002,2;;30,7;16,7;31,3;30,2;17;16;45;40;43;265;2;,9;
2024/09/16;2300 UTC;0;1003,4;1003,4;1002,9;;28,2;18,3;30,7;28,2;18,6;16,7;55;43;55;229;1,9;,3;
2024/09/17;0000 UTC;;;;;;;;;;;;;;;;;;
2024/09/17;0100 UTC;;;;;;;;;;;;;;;;;;
2024/09/17;0200 UTC;;;;;;;;;;;;;;;;;;
2024/09/17;0300 UTC;;;;;;;;;;;;;;;;;;
2024/09/17;0400 UTC;;;;;;;;;;;;;;;;;;
2024/09/17;0500 UTC;;;;;;;;;;;;;;;;;;
2024/09/17;0600 UTC;;;;;;;;;;;;;;;;;;
2024/09/17;0700 UTC;;;;;;;;;;;;;;;;;;
2024/09/17;0800 UTC;;;;;;;;;;;;;;;;;;
2024/09/17;0900 UTC;0;1005,3;1005,3;1004,5;56,3;23,5;20,2;23,5;22,9;20,3;19,3;83;78;82;91;2,4;,4;
2024/09/17;1000 UTC;0;1006;1006;1005,3;553,1;25,9;19,3;25,9;23,5;20,3;18,9;82;67;67;54;3,5;1,7;
2024/09/17;1100 UTC;0;1006,3;1006,3;1006;1190,8;27,8;18,9;28;25,9;19,6;18,5;67;57;58;43;4,8;2,1;
2024/09/17;1200 UTC;0;1006,2;1006,3;1006,2;1840,4;31,4;18,1;31,4;27,8;19;17,7;59;45;45;90;6,1;3,4;
2024/09/17;1300 UTC;0;1005,4;1006,2;1005,4;2383,1;33,3;16,5;33,4;30,9;18;16,4;45;36;37;70;6,7;3,6;
2024/09/17;1400 UTC;0;1004,3;1005,4;1004,3;2761,6;35,5;14,7;35,6;33,3;16,7;14,7;37;29;29;51;6,8;3;
2024/09/17;1500 UTC;0;1003;1004,3;1002,9;2901,9;37,1;13,6;37,5;35,1;15;13,2;29;24;25;80;6,7;3,6;
2024/09/17;1600 UTC;0;1001,7;1003;1001,7;2654,6;37,9;13,8;38,1;36,2;14;13,1;26;23;24;89;6,7;1,8;
2024/09/17;1700 UTC;0;1000,6;1001,7;1000,6;2199,9;38,5;14;38,7;37,4;14,1;13,2;25;23;23;124;5,2;2,1;
2024/09/17;1800 UTC;0;999,8;1000,6;999,8;1639,5;39;13,1;39,2;38,2;14,2;12,7;24;21;22;148;5,3;1,9;
2024/09/17;1900 UTC;0;999,7;999,8;999,7;1049,2;38,3;12,9;39;38,3;13,7;12,7;23;21;22;112;4,7;1,1;
2024/09/17;2000 UTC;0;999,9;999,9;999,7;398,6;34,9;15,4;38,6;34,9;15,5;12,7;31;22;31;18;3;0;
2024/09/17;2100 UTC;0;1000,2;1000,2;999,8;10,5;30,6;15,2;34,9;30,6;15,7;14,6;39;31;39;324;,6;0;
2024/09/17;2200 UTC;0;1000,7;1000,7;1000,2;;29,3;17,1;31,3;29,3;17,1;14,7;48;37;48;258;1,5;,4;
2024/09/17;2300 UTC;;;;;;;;;;;;;;;;;;
2024/09/18;0000 UTC;;;;;;;;;;;;;;;;;;
2024/09/18;0100 UTC;;;;;;;;;;;;;;;;;;
2024/09/18;0200 UTC;;;;;;;;;;;;;;;;;;
2024/09/18;0300 UTC;;;;;;;;;;;;;;;;;;
2024/09/18;0400 UTC;;;;;;;;;;;;;;;;;;
2024/09/18;0500 UTC;;;;;;;;;;;;;;;;;;
2024/09/18;0600 UTC;;;;;;;;;;;;;;;;;;
2024/09/18;0700 UTC;;;;;;;;;;;;;;;;;;
2024/09/18;0800 UTC;;;;;;;;;;;;;;;;;;
2024/09/18;0900 UTC;0;1004,8;1004,8;1004,1;57,3;23,1;20,2;23,1;22,3;20,4;19,8;87;84;84;79;1,3;,1;
2024/09/18;1000 UTC;0;1005,7;1005,7;1004,8;552,3;26,4;19,1;26,4;23,1;20,2;18,7;84;64;64;112;2,5;1;
2024/09/18;1100 UTC;0;1006,1;1006,1;1005,6;1183,4;29,3;19;29,3;26,4;19,5;18,7;64;54;54;77;5,5;3,2;
2024/09/18;1200 UTC;0;1006,3;1006,3;1006,1;1831,3;31,9;17,8;31,9;29,2;19;17,4;54;43;43;112;8,3;3;
2024/09/18;1300 UTC;0;1005,7;1006,3;1005,7;2346,8;34,1;15,7;34,2;31,8;17,9;15,7;43;33;33;115;7,8;3,5;
2024/09/18;1400 UTC;0;1004,8;1005,7;1004,8;2736,5;35;15,6;35,2;33,6;16,3;15,3;35;31;31;100;8;3,5;
2024/09/18;1500 UTC;0;1003,4;1004,8;1003,4;2789,8;36,2;15,2;36,8;34,6;16,2;15;32;28;29;153;9,3;3;
2024/09/18;1600 UTC;0;1002;1003,4;1002;2654,8;37,3;14,6;37,3;35,7;15,7;14,5;30;26;26;133;9,3;2,2;
2024/09/18;1700 UTC;0;1000,9;1002;1000,9;2196,5;37,8;14,3;38,2;37,1;14,8;13,8;26;24;25;104;7,4;2,4;
2024/09/18;1800 UTC;0;1000,1;1000,9;1000,1;1640,4;38,1;13,8;38,4;37,1;14,6;13,6;26;24;24;154;6,9;1,6;
2024/09/18;1900 UTC;0;1000;1000,1;999,9;1002,6;37,7;13,8;38,5;37,2;14,2;13,4;25;23;24;154;5;1,6;
2024/09/18;2000 UTC;0;1000;1000;999,8;338,1;34,7;16,8;38;34,7;16,8;13,5;35;24;35;221;3,9;0;
2024/09/18;2100 UTC;0;1000,4;1000,4;1000;15,5;30,7;16,1;34,7;30,7;17,1;15,5;43;33;41;325;,8;0;
2024/09/18;2200 UTC;0;1001,1;1001,1;1000,4;;31,3;16,5;31,3;30,6;17;15,8;44;40;41;191;2,1;,3;
2024/09/18;2300 UTC;0;1002;1002,1;1001,1;;30,5;17,7;31,7;30;19,3;16,7;53;41;46;257;6,9;,9;
2024/09/19;0000 UTC;;;;;;;;;;;;;;;;;;
2024/09/19;0100 UTC;;;;;;;;;;;;;;;;;;
2024/09/19;0200 UTC;;;;;;;;;;;;;;;;;;
2024/09/19;0300 UTC;;;;;;;;;;;;;;;;;;
2024/09/19;0400 UTC;;;;;;;;;;;;;;;;;;
2024/09/19;0500 UTC;;;;;;;;;;;;;;;;;;
2024/09/19;0600 UTC;;;;;;;;;;;;;;;;;;
2024/09/19;0700 UTC;;;;;;;;;;;;;;;;;;
2024/09/19;0800 UTC;;;;;;;;;;;;;;;;;;
2024/09/19;0900 UTC;0;1004,6;1004,6;1003,4;55,6;23,6;20,8;23,6;22,6;20,9;20,2;87;85;85;83;,7;,2;
2024/09/19;1000 UTC;0;1005,5;1005,5;1004,6;551,4;27,2;19,5;27,2;23,6;21,2;19,2;85;63;63;129;4;2,1;
2024/09/19;1100 UTC;0;1006,2;1006,2;1005,5;1175,5;29,2;19,2;29,4;27,1;19,9;19;63;54;55;104;8,2;3,2;
2024/09/19;1200 UTC;0;1006,2;1006,3;1006,2;1826,6;31,9;18,3;32;29,2;19,4;17,9;55;43;44;83;7,5;3,1;
2024/09/19;1300 UTC;0;1005,6;1006,2;1005,6;2378,4;33,7;16,9;34,3;31,9;18,2;16,6;45;36;37;108;9,3;3,6;
2024/09/19;1400 UTC;;;;;;;;;;;;;;;;;;
2024/09/19;1500 UTC;;;;;;;;;;;;;;;;;;
2024/09/19;1600 UTC;;;;;;;;;;;;;;;;;;
2024/09/19;1700 UTC;;;;;;;;;;;;;;;;;;
2024/09/19;1800 UTC;;;;;;;;;;;;;;;;;;
2024/09/19;1900 UTC;;;;;;;;;;;;;;;;;;
2024/09/19;2000 UTC;;;;;;;;;;;;;;;;;;
2024/09/19;2100 UTC;;;;;;;;;;;;;;;;;;
2024/09/19;2200 UTC;;;;;;;;;;;;;;;;;;
2024/09/19;2300 UTC;;;;;;;;;;;;;;;;;;
2024/09/20;0000 UTC;;;;;;;;;;;;;;;;;;
2024/09/20;0100 UTC;;;;;;;;;;;;;;;;;;
2024/09/20;0200 UTC;;;;;;;;;;;;;;;;;;
2024/09/20;0300 UTC;;;;;;;;;;;;;;;;;;
2024/09/20;0400 UTC;;;;;;;;;;;;;;;;;;
2024/09/20;0500 UTC;;;;;;;;;;;;;;;;;;
2024/09/20;0600 UTC;;;;;;;;;;;;;;;;;;
2024/09/20;0700 UTC;;;;;;;;;;;;;;;;;;
2024/09/20;0800 UTC;;;;;;;;;;;;;;;;;;
2024/09/20;0900 UTC;;;;;;;;;;;;;;;;;;
2024/09/20;1000 UTC;;;;;;;;;;;;;;;;;;
2024/09/20;1100 UTC;;;;;;;;;;;;;;;;;;
2024/09/20;1200 UTC;;;;;;;;;;;;;;;;;;
2024/09/20;1300 UTC;;;;;;;;;;;;;;;;;;
2024/09/20;1400 UTC;;;;;;;;;;;;;;;;;;
2024/09/20;1500 UTC;;;;;;;;;;;;;;;;;;
2024/09/20;1600 UTC;;;;;;;;;;;;;;;;;;
2024/09/20;1700 UTC;;;;;;;;;;;;;;;;;;
2024/09/20;1800 UTC;;;;;;;;;;;;;;;;;;
2024/09/20;1900 UTC;;;;;;;;;;;;;;;;;;
2024/09/20;2000 UTC;;;;;;;;;;;;;;;;;;
2024/09/20;2100 UTC;;;;;;;;;;;;;;;;;;
2024/09/20;2200 UTC;;;;;;;;;;;;;;;;;;
2024/09/20;2300 UTC;;;;;;;;;;;;;;;;;;
2024/09/21;0000 UTC;;;;;;;;;;;;;;;;;;
2024/09/21;0100 UTC;;;;;;;;;;;;;;;;;;
2024/09/21;0200 UTC;;;;;;;;;;;;;;;;;;
2024/09/21;0300 UTC;;;;;;;;;;;;;;;;;;
2024/09/21;0400 UTC;;;;;;;;;;;;;;;;;;
2024/09/21;0500 UTC;;;;;;;;;;;;;;;;;;
2024/09/21;0600 UTC;;;;;;;;;;;;;;;;;;
2024/09/21;0700 UTC;;;;;;;;;;;;;;;;;;
2024/09/21;0800 UTC;;;;;;;;;;;;;;;;;;
2024/09/21;0900 UTC;;;;;;;;;;;;;;;;;;
2024/09/21;1000 UTC;;;;;;;;;;;;;;;;;;
2024/09/21;1100 UTC;;;;;;;;;;;;;;;;;;
2024/09/21;1200 UTC;;;;;;;;;;;;;;;;;;
2024/09/21;1300 UTC;;;;;;;;;;;;;;;;;;
2024/09/21;1400 UTC;;;;;;;;;;;;;;;;;;
2024/09/21;1500 UTC;;;;;;;;;;;;;;;;;;
2024/09/21;1600 UTC;;;;;;;;;;;;;;;;;;
2024/09/21;1700 UTC;;;;;;;;;;;;;;;;;;
2024/09/21;1800 UTC;;;;;;;;;;;;;;;;;;
2024/09/21;1900 UTC;;;;;;;;;;;;;;;;;;
2024/09/21;2000 UTC;;;;;;;;;;;;;;;;;;
2024/09/21;2100 UTC;;;;;;;;;;;;;;;;;;
2024/09/21;2200 UTC;;;;;;;;;;;;;;;;;;
2024/09/21;2300 UTC;;;;;;;;;;;;;;;;;;
2024/09/22;0000 UTC;;;;;;;;;;;;;;;;;;
2024/09/22;0100 UTC;;;;;;;;;;;;;;;;;;
2024/09/22;0200 UTC;;;;;;;;;;;;;;;;;;
2024/09/22;0300 UTC;;;;;;;;;;;;;;;;;;
2024/09/22;0400 UTC;;;;;;;;;;;;;;;;;;
2024/09/22;0500 UTC;;;;;;;;;;;;;;;;;;
2024/09/22;0600 UTC;;;;;;;;;;;;;;;;;;
2024/09/22;0700 UTC;;;;;;;;;;;;;;;;;;
2024/09/22;0800 UTC;;;;;;;;;;;;;;;;;;
2024/09/22;0900 UTC;;;;;;;;;;;;;;;;;;
2024/09/22;1000 UTC;;;;;;;;;;;;;;;;;;
2024/09/22;1100 UTC;;;;;;;;;;;;;;;;;;
2024/09/22;1200 UTC;;;;;;;;;;;;;;;;;;
2024/09/22;1300 UTC;;;;;;;;;;;;;;;;;;
2024/09/22;1400 UTC;;;;;;;;;;;;;;;;;;
2024/09/22;1500 UTC;;;;;;;;;;;;;;;;;;
2024/09/22;1600 UTC;;;;;;;;;;;;;;;;;;
2024/09/22;1700 UTC;;;;;;;;;;;;;;;;;;
2024/09/22;1800 UTC;;;;;;;;;;;;;;;;;;
2024/09/22;1900 UTC;;;;;;;;;;;;;;;;;;
2024/09/22;2000 UTC;;;;;;;;;;;;;;;;;;
2024/09/22;2100 UTC;;;;;;;;;;;;;;;;;;
2024/09/22;2200 UTC;;;;;;;;;;;;;;;;;;
2024/09/22;2300 UTC;;;;;;;;;;;;;;;;;;
2024/09/23;0000 UTC;;;;;;;;;;;;;;;;;;
2024/09/23;0100 UTC;;;;;;;;;;;;;;;;;;
2024/09/23;0200 UTC;;;;;;;;;;;;;;;;;;
2024/09/23;0300 UTC;;;;;;;;;;;;;;;;;;
2024/09/23;0400 UTC;;;;;;;;;;;;;;;;;;
2024/09/23;0500 UTC;;;;;;;;;;;;;;;;;;
2024/09/23;0600 UTC;;;;;;;;;;;;;;;;;;
2024/09/23;0700 UTC;;;;;;;;;;;;;;;;;;
2024/09/23;0800 UTC;;;;;;;;;;;;;;;;;;
2024/09/23;0900 UTC;;;;;;;;;;;;;;;;;;
2024/09/23;1000 UTC;;;;;;;;;;;;;;;;;;
2024/09/23;1100 UTC;;;;;;;;;;;;;;;;;;
2024/09/23;1200 UTC;;;;;;;;;;;;;;;;;;
2024/09/23;1300 UTC;;;;;;;;;;;;;;;;;;
2024/09/23;1400 UTC;;;;;;;;;;;;;;;;;;
2024/09/23;1500 UTC;;;;;;;;;;;;;;;;;;
2024/09/23;1600 UTC;;;;;;;;;;;;;;;;;;
2024/09/23;1700 UTC;;;;;;;;;;;;;;;;;;
2024/09/23;1800 UTC;;;;;;;;;;;;;;;;;;
2024/09/23;1900 UTC;;;;;;;;;;;;;;;;;;
2024/09/23;2000 UTC;;;;;;;;;;;;;;;;;;
2024/09/23;2100 UTC;;;;;;;;;;;;;;;;;;
2024/09/23;2200 UTC;;;;;;;;;;;;;;;;;;
2024/09/23;2300 UTC;;;;;;;;;;;;;;;;;;
2024/09/24;0000 UTC;;;;;;;;;;;;;;;;;;
2024/09/24;0100 UTC;;;;;;;;;;;;;;;;;;
2024/09/24;0200 UTC;;;;;;;;;;;;;;;;;;
2024/09/24;0300 UTC;;;;;;;;;;;;;;;;;;
2024/09/24;0400 UTC;;;;;;;;;;;;;;;;;;
2024/09/24;0500 UTC;;;;;;;;;;;;;;;;;;
2024/09/24;0600 UTC;;;;;;;;;;;;;;;;;;
2024/09/24;0700 UTC;;;;;;;;;;;;;;;;;;
2024/09/24;0800 UTC;;;;;;;;;;;;;;;;;;
2024/09/24;0900 UTC;;;;;;;;;;;;;;;;;;
2024/09/24;1000 UTC;;;;;;;;;;;;;;;;;;
2024/09/24;1100 UTC;;;;;;;;;;;;;;;;;;
2024/09/24;1200 UTC;;;;;;;;;;;;;;;;;;
2024/09/24;1300 UTC;;;;;;;;;;;;;;;;;;
2024/09/24;1400 UTC;;;;;;;;;;;;;;;;;;
2024/09/24;1500 UTC;;;;;;;;;;;;;;;;;;
2024/09/24;1600 UTC;;;;;;;;;;;;;;;;;;
2024/09/24;1700 UTC;;;;;;;;;;;;;;;;;;
2024/09/24;1800 UTC;;;;;;;;;;;;;;;;;;
2024/09/24;1900 UTC;;;;;;;;;;;;;;;;;;
2024/09/24;2000 UTC;;;;;;;;;;;;;;;;;;
2024/09/24;2100 UTC;;;;;;;;;;;;;;;;;;
2024/09/24;2200 UTC;;;;;;;;;;;;;;;;;;
2024/09/24;2300 UTC;;;;;;;;;;;;;;;;;;
2024/09/25;0000 UTC;;;;;;;;;;;;;;;;;;
2024/09/25;0100 UTC;;;;;;;;;;;;;;;;;;
2024/09/25;0200 UTC;;;;;;;;;;;;;;;;;;
2024/09/25;0300 UTC;;;;;;;;;;;;;;;;;;
2024/09/25;0400 UTC;;;;;;;;;;;;;;;;;;
2024/09/25;0500 UTC;;;;;;;;;;;;;;;;;;
2024/09/25;0600 UTC;;;;;;;;;;;;;;;;;;
2024/09/25;0700 UTC;;;;;;;;;;;;;;;;;;
2024/09/25;0800 UTC;;;;;;;;;;;;;;;;;;
2024/09/25;0900 UTC;;;;;;;;;;;;;;;;;;
2024/09/25;1000 UTC;;;;;;;;;;;;;;;;;;
2024/09/25;1100 UTC;;;;;;;;;;;;;;;;;;
2024/09/25;1200 UTC;;;;;;;;;;;;;;;;;;
2024/09/25;1300 UTC;;;;;;;;;;;;;;;;;;
2024/09/25;1400 UTC;;;;;;;;;;;;;;;;;;
2024/09/25;1500 UTC;;;;;;;;;;;;;;;;;;
2024/09/25;1600 UTC;;;;;;;;;;;;;;;;;;
2024/09/25;1700 UTC;;;;;;;;;;;;;;;;;;
2024/09/25;1800 UTC;;;;;;;;;;;;;;;;;;
2024/09/25;1900 UTC;;;;;;;;;;;;;;;;;;
2024/09/25;2000 UTC;;;;;;;;;;;;;;;;;;
2024/09/25;2100 UTC;;;;;;;;;;;;;;;;;;
2024/09/25;2200 UTC;;;;;;;;;;;;;;;;;;
2024/09/25;2300 UTC;;;;;;;;;;;;;;;;;;
2024/09/26;0000 UTC;;;;;;;;;;;;;;;;;;
2024/09/26;0100 UTC;;;;;;;;;;;;;;;;;;
2024/09/26;0200 UTC;;;;;;;;;;;;;;;;;;
2024/09/26;0300 UTC;;;;;;;;;;;;;;;;;;
2024/09/26;0400 UTC;;;;;;;;;;;;;;;;;;
2024/09/26;0500 UTC;;;;;;;;;;;;;;;;;;
2024/09/26;0600 UTC;;;;;;;;;;;;;;;;;;
2024/09/26;0700 UTC;;;;;;;;;;;;;;;;;;
2024/09/26;0800 UTC;;;;;;;;;;;;;;;;;;
2024/09/26;0900 UTC;;;;;;;;;;;;;;;;;;
2024/09/26;1000 UTC;;;;;;;;;;;;;;;;;;
2024/09/26;1100 UTC;;;;;;;;;;;;;;;;;;
2024/09/26;1200 UTC;;;;;;;;;;;;;;;;;;
2024/09/26;1300 UTC;;;;;;;;;;;;;;;;;;
2024/09/26;1400 UTC;;;;;;;;;;;;;;;;;;
2024/09/26;1500 UTC;;;;;;;;;;;;;;;;;;
2024/09/26;1600 UTC;;;;;;;;;;;;;;;;;;
2024/09/26;1700 UTC;;;;;;;;;;;;;;;;;;
2024/09/26;1800 UTC;;;;;;;;;;;;;;;;;;
2024/09/26;1900 UTC;;;;;;;;;;;;;;;;;;
2024/09/26;2000 UTC;;;;;;;;;;;;;;;;;;
2024/09/26;2100 UTC;;;;;;;;;;;;;;;;;;
2024/09/26;2200 UTC;;;;;;;;;;;;;;;;;;
2024/09/26;2300 UTC;;;;;;;;;;;;;;;;;;
2024/09/27;0000 UTC;;;;;;;;;;;;;;;;;;
2024/09/27;0100 UTC;;;;;;;;;;;;;;;;;;
2024/09/27;0200 UTC;;;;;;;;;;;;;;;;;;
2024/09/27;0300 UTC;;;;;;;;;;;;;;;;;;
2024/09/27;0400 UTC;;;;;;;;;;;;;;;;;;
2024/09/27;0500 UTC;;;;;;;;;;;;;;;;;;
2024/09/27;0600 UTC;;;;;;;;;;;;;;;;;;
2024/09/27;0700 UTC;;;;;;;;;;;;;;;;;;
2024/09/27;0800 UTC;;;;;;;;;;;;;;;;;;
2024/09/27;0900 UTC;;;;;;;;;;;;;;;;;;
2024/09/27;1000 UTC;;;;;;;;;;;;;;;;;;
2024/09/27;1100 UTC;;;;;;;;;;;;;;;;;;
2024/09/27;1200 UTC;;;;;;;;;;;;;;;;;;
2024/09/27;1300 UTC;;;;;;;;;;;;;;;;;;
2024/09/27;1400 UTC;;;;;;;;;;;;;;;;;;
2024/09/27;1500 UTC;;;;;;;;;;;;;;;;;;
2024/09/27;1600 UTC;;;;;;;;;;;;;;;;;;
2024/09/27;1700 UTC;;;;;;;;;;;;;;;;;;
2024/09/27;1800 UTC;;;;;;;;;;;;;;;;;;
2024/09/27;1900 UTC;;;;;;;;;;;;;;;;;;
2024/09/27;2000 UTC;;;;;;;;;;;;;;;;;;
2024/09/27;2100 UTC;;;;;;;;;;;;;;;;;;
2024/09/27;2200 UTC;;;;;;;;;;;;;;;;;;
2024/09/27;2300 UTC;;;;;;;;;;;;;;;;;;
2024/09/28;0000 UTC;;;;;;;;;;;;;;;;;;
2024/09/28;0100 UTC;;;;;;;;;;;;;;;;;;
2024/09/28;0200 UTC;;;;;;;;;;;;;;;;;;
2024/09/28;0300 UTC;;;;;;;;;;;;;;;;;;
2024/09/28;0400 UTC;;;;;;;;;;;;;;;;;;
2024/09/28;0500 UTC;;;;;;;;;;;;;;;;;;
2024/09/28;0600 UTC;;;;;;;;;;;;;;;;;;
2024/09/28;0700 UTC;;;;;;;;;;;;;;;;;;
2024/09/28;0800 UTC;;;;;;;;;;;;;;;;;;
2024/09/28;0900 UTC;;;;;;;;;;;;;;;;;;
2024/09/28;1000 UTC;;;;;;;;;;;;;;;;;;
2024/09/28;1100 UTC;;;;;;;;;;;;;;;;;;
2024/09/28;1200 UTC;;;;;;;;;;;;;;;;;;
2024/09/28;1300 UTC;;;;;;;;;;;;;;;;;;
2024/09/28;1400 UTC;;;;;;;;;;;;;;;;;;
2024/09/28;1500 UTC;;;;;;;;;;;;;;;;;;
2024/09/28;1600 UTC;;;;;;;;;;;;;;;;;;
2024/09/28;1700 UTC;;;;;;;;;;;;;;;;;;
2024/09/28;1800 UTC;;;;;;;;;;;;;;;;;;
2024/09/28;1900 UTC;;;;;;;;;;;;;;;;;;
2024/09/28;2000 UTC;;;;;;;;;;;;;;;;;;
2024/09/28;2100 UTC;;;;;;;;;;;;;;;;;;
2024/09/28;2200 UTC;;;;;;;;;;;;;;;;;;
2024/09/28;2300 UTC;;;;;;;;;;;;;;;;;;
2024/09/29;0000 UTC;;;;;;;;;;;;;;;;;;
2024/09/29;0100 UTC;;;;;;;;;;;;;;;;;;
2024/09/29;0200 UTC;;;;;;;;;;;;;;;;;;
2024/09/29;0300 UTC;;;;;;;;;;;;;;;;;;
2024/09/29;0400 UTC;;;;;;;;;;;;;;;;;;
2024/09/29;0500 UTC;;;;;;;;;;;;;;;;;;
2024/09/29;0600 UTC;;;;;;;;;;;;;;;;;;
2024/09/29;0700 UTC;;;;;;;;;;;;;;;;;;
2024/09/29;0800 UTC;;;;;;;;;;;;;;;;;;
2024/09/29;0900 UTC;;;;;;;;;;;;;;;;;;
2024/09/29;1000 UTC;;;;;;;;;;;;;;;;;;
2024/09/29;1100 UTC;;;;;;;;;;;;;;;;;;
2024/09/29;1200 UTC;;;;;;;;;;;;;;;;;;
2024/09/29;1300 UTC;;;;;;;;;;;;;;;;;;
2024/09/29;1400 UTC;;;;;;;;;;;;;;;;;;
2024/09/29;1500 UTC;;;;;;;;;;;;;;;;;;
2024/09/29;1600 UTC;;;;;;;;;;;;;;;;;;
2024/09/29;1700 UTC;;;;;;;;;;;;;;;;;;
2024/09/29;1800 UTC;;;;;;;;;;;;;;;;;;
2024/09/29;1900 UTC;;;;;;;;;;;;;;;;;;
2024/09/29;2000 UTC;;;;;;;;;;;;;;;;;;
2024/09/29;2100 UTC;;;;;;;;;;;;;;;;;;
2024/09/29;2200 UTC;;;;;;;;;;;;;;;;;;
2024/09/29;2300 UTC;;;;;;;;;;;;;;;;;;
2024/09/30;0000 UTC;;;;;;;;;;;;;;;;;;
2024/09/30;0100 UTC;;;;;;;;;;;;;;;;;;
2024/09/30;0200 UTC;;;;;;;;;;;;;;;;;;
2024/09/30;0300 UTC;;;;;;;;;;;;;;;;;;
2024/09/30;0400 UTC;;;;;;;;;;;;;;;;;;
2024/09/30;0500 UTC;;;;;;;;;;;;;;;;;;
2024/09/30;0600 UTC;;;;;;;;;;;;;;;;;;
2024/09/30;0700 UTC;;;;;;;;;;;;;;;;;;
2024/09/30;0800 UTC;;;;;;;;;;;;;;;;;;
2024/09/30;0900 UTC;;;;;;;;;;;;;;;;;;
2024/09/30;1000 UTC;;;;;;;;;;;;;;;;;;
2024/09/30;1100 UTC;;;;;;;;;;;;;;;;;;
2024/09/30;1200 UTC;;;;;;;;;;;;;;;;;;
2024/09/30;1300 UTC;;;;;;;;;;;;;;;;;;
2024/09/30;1400 UTC;;;;;;;;;;;;;;;;;;
2024/09/30;1500 UTC;;;;;;;;;;;;;;;;;;
2024/09/30;1600 UTC;;;;;;;;;;;;;;;;;;
2024/09/30;1700 UTC;;;;;;;;;;;;;;;;;;
2024/09/30;1800 UTC;;;;;;;;;;;;;;;;;;
2024/09/30;1900 UTC;;;;;;;;;;;;;;;;;;
2024/09/30;2000 UTC;;;;;;;;;;;;;;;;;;
2024/09/30;2100 UTC;;;;;;;;;;;;;;;;;;
2024/09/30;2200 UTC;;;;;;;;;;;;;;;;;;
2024/09/30;2300 UTC;;;;;;;;;;;;;;;;;;
2024/10/01;0000 UTC;;;;;;;;;;;;;;;;;;
2024/10/01;0100 UTC;;;;;;;;;;;;;;;;;;
2024/10/01;0200 UTC;;;;;;;;;;;;;;;;;;
2024/10/01;0300 UTC;;;;;;;;;;;;;;;;;;
2024/10/01;0400 UTC;;;;;;;;;;;;;;;;;;
2024/10/01;0500 UTC;;;;;;;;;;;;;;;;;;
2024/10/01;0600 UTC;;;;;;;;;;;;;;;;;;
2024/10/01;0700 UTC;;;;;;;;;;;;;;;;;;
2024/10/01;0800 UTC;;;;;;;;;;;;;;;;;;
2024/10/01;0900 UTC;;;;;;;;;;;;;;;;;;
2024/10/01;1000 UTC;;;;;;;;;;;;;;;;;;
2024/10/01;1100 UTC;;;;;;;;;;;;;;;;;;
2024/10/01;1200 UTC;;;;;;;;;;;;;;;;;;
2024/10/01;1300 UTC;;;;;;;;;;;;;;;;;;
2024/10/01;1400 UTC;;;;;;;;;;;;;;;;;;
2024/10/01;1500 UTC;;;;;;;;;;;;;;;;;;
2024/10/01;1600 UTC;;;;;;;;;;;;;;;;;;
2024/10/01;1700 UTC;;;;;;;;;;;;;;;;;;
2024/10/01;1800 UTC;;;;;;;;;;;;;;;;;;
2024/10/01;1900 UTC;;;;;;;;;;;;;;;;;;
2024/10/01;2000 UTC;;;;;;;;;;;;;;;;;;
2024/10/01;2100 UTC;;;;;;;;;;;;;;;;;;
2024/10/01;2200 UTC;;;;;;;;;;;;;;;;;;
2024/10/01;2300 UTC;;;;;;;;;;;;;;;;;;
2024/10/02;0000 UTC;;;;;;;;;;;;;;;;;;
2024/10/02;0100 UTC;;;;;;;;;;;;;;;;;;
2024/10/02;0200 UTC;;;;;;;;;;;;;;;;;;
2024/10/02;0300 UTC;;;;;;;;;;;;;;;;;;
2024/10/02;0400 UTC;;;;;;;;;;;;;;;;;;
2024/10/02;0500 UTC;;;;;;;;;;;;;;;;;;
2024/10/02;0600 UTC;;;;;;;;;;;;;;;;;;
2024/10/02;0700 UTC;;;;;;;;;;;;;;;;;;
2024/10/02;0800 UTC;;;;;;;;;;;;;;;;;;
2024/10/02;0900 UTC;;;;;;;;;;;;;;;;;;
2024/10/02;1000 UTC;;;;;;;;;;;;;;;;;;
2024/10/02;1100 UTC;;;;;;;;;;;;;;;;;;
2024/10/02;1200 UTC;;;;;;;;;;;;;;;;;;
2024/10/02;1300 UTC;;;;;;;;;;;;;;;;;;
2024/10/02;1400 UTC;;;;;;;;;;;;;;;;;;
2024/10/02;1500 UTC;;;;;;;;;;;;;;;;;;
2024/10/02;1600 UTC;;;;;;;;;;;;;;;;;;
2024/10/02;1700 UTC;;;;;;;;;;;;;;;;;;
2024/10/02;1800 UTC;;;;;;;;;;;;;;;;;;
2024/10/02;1900 UTC;;;;;;;;;;;;;;;;;;
2024/10/02;2000 UTC;;;;;;;;;;;;;;;;;;
2024/10/02;2100 UTC;;;;;;;;;;;;;;;;;;
2024/10/02;2200 UTC;;;;;;;;;;;;;;;;;;
2024/10/02;2300 UTC;;;;;;;;;;;;;;;;;;
2024/10/03;0000 UTC;;;;;;;;;;;;;;;;;;
2024/10/03;0100 UTC;;;;;;;;;;;;;;;;;;
2024/10/03;0200 UTC;;;;;;;;;;;;;;;;;;
2024/10/03;0300 UTC;;;;;;;;;;;;;;;;;;
2024/10/03;0400 UTC;;;;;;;;;;;;;;;;;;
2024/10/03;0500 UTC;;;;;;;;;;;;;;;;;;
2024/10/03;0600 UTC;;;;;;;;;;;;;;;;;;
2024/10/03;0700 UTC;;;;;;;;;;;;;;;;;;
2024/10/03;0800 UTC;;;;;;;;;;;;;;;;;;
2024/10/03;0900 UTC;;;;;;;;;;;;;;;;;;
2024/10/03;1000 UTC;;;;;;;;;;;;;;;;;;
2024/10/03;1100 UTC;;;;;;;;;;;;;;;;;;
2024/10/03;1200 UTC;;;;;;;;;;;;;;;;;;
2024/10/03;1300 UTC;;;;;;;;;;;;;;;;;;
2024/10/03;1400 UTC;;;;;;;;;;;;;;;;;;
2024/10/03;1500 UTC;;;;;;;;;;;;;;;;;;
2024/10/03;1600 UTC;;;;;;;;;;;;;;;;;;
2024/10/03;1700 UTC;;;;;;;;;;;;;;;;;;
2024/10/03;1800 UTC;;;;;;;;;;;;;;;;;;
2024/10/03;1900 UTC;;;;;;;;;;;;;;;;;;
2024/10/03;2000 UTC;;;;;;;;;;;;;;;;;;
2024/10/03;2100 UTC;;;;;;;;;;;;;;;;;;
2024/10/03;2200 UTC;;;;;;;;;;;;;;;;;;
2024/10/03;2300 UTC;;;;;;;;;;;;;;;;;;
2024/10/04;0000 UTC;;;;;;;;;;;;;;;;;;
2024/10/04;0100 UTC;;;;;;;;;;;;;;;;;;
2024/10/04;0200 UTC;;;;;;;;;;;;;;;;;;
2024/10/04;0300 UTC;;;;;;;;;;;;;;;;;;
2024/10/04;0400 UTC;;;;;;;;;;;;;;;;;;
2024/10/04;0500 UTC;;;;;;;;;;;;;;;;;;
2024/10/04;0600 UTC;;;;;;;;;;;;;;;;;;
2024/10/04;0700 UTC;;;;;;;;;;;;;;;;;;
2024/10/04;0800 UTC;;;;;;;;;;;;;;;;;;
2024/10/04;0900 UTC;;;;;;;;;;;;;;;;;;
2024/10/04;1000 UTC;;;;;;;;;;;;;;;;;;
2024/10/04;1100 UTC;;;;;;;;;;;;;;;;;;
2024/10/04;1200 UTC;;;;;;;;;;;;;;;;;;
2024/10/04;1300 UTC;;;;;;;;;;;;;;;;;;
2024/10/04;1400 UTC;;;;;;;;;;;;;;;;;;
2024/10/04;1500 UTC;;;;;;;;;;;;;;;;;;
2024/10/04;1600 UTC;;;;;;;;;;;;;;;;;;
2024/10/04;1700 UTC;;;;;;;;;;;;;;;;;;
2024/10/04;1800 UTC;;;;;;;;;;;;;;;;;;
2024/10/04;1900 UTC;;;;;;;;;;;;;;;;;;
2024/10/04;2000 UTC;;;;;;;;;;;;;;;;;;
2024/10/04;2100 UTC;;;;;;;;;;;;;;;;;;
2024/10/04;2200 UTC;;;;;;;;;;;;;;;;;;
2024/10/04;2300 UTC;;;;;;;;;;;;;;;;;;
2024/10/05;0000 UTC;;;;;;;;;;;;;;;;;;
2024/10/05;0100 UTC;;;;;;;;;;;;;;;;;;
2024/10/05;0200 UTC;;;;;;;;;;;;;;;;;;
2024/10/05;0300 UTC;;;;;;;;;;;;;;;;;;
2024/10/05;0400 UTC;;;;;;;;;;;;;;;;;;
2024/10/05;0500 UTC;;;;;;;;;;;;;;;;;;
2024/10/05;0600 UTC;;;;;;;;;;;;;;;;;;
2024/10/05;0700 UTC;;;;;;;;;;;;;;;;;;
2024/10/05;0800 UTC;;;;;;;;;;;;;;;;;;
2024/10/05;0900 UTC;;;;;;;;;;;;;;;;;;
2024/10/05;1000 UTC;;;;;;;;;;;;;;;;;;
2024/10/05;1100 UTC;;;;;;;;;;;;;;;;;;
2024/10/05;1200 UTC;;;;;;;;;;;;;;;;;;
2024/10/05;1300 UTC;;;;;;;;;;;;;;;;;;
2024/10/05;1400 UTC;;;;;;;;;;;;;;;;;;
2024/10/05;1500 UTC;;;;;;;;;;;;;;;;;;
2024/10/05;1600 UTC;;;;;;;;;;;;;;;;;;
2024/10/05;1700 UTC;;;;;;;;;;;;;;;;;;
2024/10/05;1800 UTC;;;;;;;;;;;;;;;;;;
2024/10/05;1900 UTC;;;;;;;;;;;;;;;;;;
2024/10/05;2000 UTC;;;;;;;;;;;;;;;;;;
2024/10/05;2100 UTC;;;;;;;;;;;;;;;;;;
2024/10/05;2200 UTC;;;;;;;;;;;;;;;;;;
2024/10/05;2300 UTC;;;;;;;;;;;;;;;;;;
2024/10/06;0000 UTC;;;;;;;;;;;;;;;;;;
2024/10/06;0100 UTC;;;;;;;;;;;;;;;;;;
2024/10/06;0200 UTC;;;;;;;;;;;;;;;;;;
2024/10/06;0300 UTC;;;;;;;;;;;;;;;;;;
2024/10/06;0400 UTC;;;;;;;;;;;;;;;;;;
2024/10/06;0500 UTC;;;;;;;;;;;;;;;;;;
2024/10/06;0600 UTC;;;;;;;;;;;;;;;;;;
2024/10/06;0700 UTC;;;;;;;;;;;;;;;;;;
2024/10/06;0800 UTC;;;;;;;;;;;;;;;;;;
2024/10/06;0900 UTC;;;;;;;;;;;;;;;;;;
2024/10/06;1000 UTC;;;;;;;;;;;;;;;;;;
2024/10/06;1100 UTC;;;;;;;;;;;;;;;;;;
2024/10/06;1200 UTC;;;;;;;;;;;;;;;;;;
2024/10/06;1300 UTC;;;;;;;;;;;;;;;;;;
2024/10/06;1400 UTC;;;;;;;;;;;;;;;;;;
2024/10/06;1500 UTC;;;;;;;;;;;;;;;;;;
2024/10/06;1600 UTC;;;;;;;;;;;;;;;;;;
2024/10/06;1700 UTC;;;;;;;;;;;;;;;;;;
2024/10/06;1800 UTC;;;;;;;;;;;;;;;;;;
2024/10/06;1900 UTC;;;;;;;;;;;;;;;;;;
2024/10/06;2000 UTC;;;;;;;;;;;;;;;;;;
2024/10/06;2100 UTC;;;;;;;;;;;;;;;;;;
2024/10/06;2200 UTC;;;;;;;;;;;;;;;;;;
2024/10/06;2300 UTC;;;;;;;;;;;;;;;;;;
2024/10/07;0000 UTC;;;;;;;;;;;;;;;;;;
2024/10/07;0100 UTC;;;;;;;;;;;;;;;;;;
2024/10/07;0200 UTC;;;;;;;;;;;;;;;;;;
2024/10/07;0300 UTC;;;;;;;;;;;;;;;;;;
2024/10/07;0400 UTC;;;;;;;;;;;;;;;;;;
2024/10/07;0500 UTC;;;;;;;;;;;;;;;;;;
2024/10/07;0600 UTC;;;;;;;;;;;;;;;;;;
2024/10/07;0700 UTC;;;;;;;;;;;;;;;;;;
2024/10/07;0800 UTC;;;;;;;;;;;;;;;;;;
2024/10/07;0900 UTC;;;;;;;;;;;;;;;;;;
2024/10/07;1000 UTC;;;;;;;;;;;;;;;;;;
2024/10/07;1100 UTC;;;;;;;;;;;;;;;;;;
2024/10/07;1200 UTC;;;;;;;;;;;;;;;;;;
2024/10/07;1300 UTC;;;;;;;;;;;;;;;;;;
2024/10/07;1400 UTC;;;;;;;;;;;;;;;;;;
2024/10/07;1500 UTC;;;;;;;;;;;;;;;;;;
2024/10/07;1600 UTC;;;;;;;;;;;;;;;;;;
2024/10/07;1700 UTC;;;;;;;;;;;;;;;;;;
2024/10/07;1800 UTC;;;;;;;;;;;;;;;;;;
2024/10/07;1900 UTC;;;;;;;;;;;;;;;;;;
2024/10/07;2000 UTC;;;;;;;;;;;;;;;;;;
2024/10/07;2100 UTC;;;;;;;;;;;;;;;;;;
2024/10/07;2200 UTC;;;;;;;;;;;;;;;;;;
2024/10/07;2300 UTC;;;;;;;;;;;;;;;;;;
2024/10/08;0000 UTC;;;;;;;;;;;;;;;;;;
2024/10/08;0100 UTC;;;;;;;;;;;;;;;;;;
2024/10/08;0200 UTC;;;;;;;;;;;;;;;;;;
2024/10/08;0300 UTC;;;;;;;;;;;;;;;;;;
2024/10/08;0400 UTC;;;;;;;;;;;;;;;;;;
2024/10/08;0500 UTC;;;;;;;;;;;;;;;;;;
2024/10/08;0600 UTC;;;;;;;;;;;;;;;;;;
2024/10/08;0700 UTC;;;;;;;;;;;;;;;;;;
2024/10/08;0800 UTC;;;;;;;;;;;;;;;;;;
2024/10/08;0900 UTC;;;;;;;;;;;;;;;;;;
2024/10/08;1000 UTC;;;;;;;;;;;;;;;;;;
2024/10/08;1100 UTC;;;;;;;;;;;;;;;;;;
2024/10/08;1200 UTC;;;;;;;;;;;;;;;;;;
2024/10/08;1300 UTC;;;;;;;;;;;;;;;;;;
2024/10/08;1400 UTC;;;;;;;;;;;;;;;;;;
2024/10/08;1500 UTC;;;;;;;;;;;;;;;;;;
2024/10/08;1600 UTC;;;;;;;;;;;;;;;;;;
2024/10/08;1700 UTC;;;;;;;;;;;;;;;;;;
2024/10/08;1800 UTC;;;;;;;;;;;;;;;;;;
2024/10/08;1900 UTC;;;;;;;;;;;;;;;;;;
2024/10/08;2000 UTC;;;;;;;;;;;;;;;;;;
2024/10/08;2100 UTC;;;;;;;;;;;;;;;;;;
2024/10/08;2200 UTC;;;;;;;;;;;;;;;;;;
2024/10/08;2300 UTC;;;;;;;;;;;;;;;;;;
2024/10/09;0000 UTC;;;;;;;;;;;;;;;;;;
2024/10/09;0100 UTC;;;;;;;;;;;;;;;;;;
2024/10/09;0200 UTC;;;;;;;;;;;;;;;;;;
2024/10/09;0300 UTC;;;;;;;;;;;;;;;;;;
2024/10/09;0400 UTC;;;;;;;;;;;;;;;;;;
2024/10/09;0500 UTC;;;;;;;;;;;;;;;;;;
2024/10/09;0600 UTC;;;;;;;;;;;;;;;;;;
2024/10/09;0700 UTC;;;;;;;;;;;;;;;;;;
2024/10/09;0800 UTC;;;;;;;;;;;;;;;;;;
2024/10/09;0900 UTC;;;;;;;;;;;;;;;;;;
2024/10/09;1000 UTC;;;;;;;;;;;;;;;;;;
2024/10/09;1100 UTC;;;;;;;;;;;;;;;;;;
2024/10/09;1200 UTC;;;;;;;;;;;;;;;;;;
2024/10/09;1300 UTC;;;;;;;;;;;;;;;;;;
2024/10/09;1400 UTC;;;;;;;;;;;;;;;;;;
2024/10/09;1500 UTC;;;;;;;;;;;;;;;;;;
2024/10/09;1600 UTC;;;;;;;;;;;;;;;;;;
2024/10/09;1700 UTC;;;;;;;;;;;;;;;;;;
2024/10/09;1800 UTC;;;;;;;;;;;;;;;;;;
2024/10/09;1900 UTC;;;;;;;;;;;;;;;;;;
2024/10/09;2000 UTC;;;;;;;;;;;;;;;;;;
2024/10/09;2100 UTC;;;;;;;;;;;;;;;;;;
2024/10/09;2200 UTC;;;;;;;;;;;;;;;;;;
2024/10/09;2300 UTC;;;;;;;;;;;;;;;;;;
2024/10/10;0000 UTC;;;;;;;;;;;;;;;;;;
2024/10/10;0100 UTC;;;;;;;;;;;;;;;;;;
2024/10/10;0200 UTC;;;;;;;;;;;;;;;;;;
2024/10/10;0300 UTC;;;;;;;;;;;;;;;;;;
2024/10/10;0400 UTC;;;;;;;;;;;;;;;;;;
2024/10/10;0500 UTC;;;;;;;;;;;;;;;;;;
2024/10/10;0600 UTC;;;;;;;;;;;;;;;;;;
2024/10/10;0700 UTC;;;;;;;;;;;;;;;;;;
2024/10/10;0800 UTC;;;;;;;;;;;;;;;;;;
2024/10/10;0900 UTC;;;;;;;;;;;;;;;;;;
2024/10/10;1000 UTC;;;;;;;;;;;;;;;;;;
2024/10/10;1100 UTC;;;;;;;;;;;;;;;;;;
2024/10/10;1200 UTC;;;;;;;;;;;;;;;;;;
2024/10/10;1300 UTC;;;;;;;;;;;;;;;;;;
2024/10/10;1400 UTC;;;;;;;;;;;;;;;;;;
2024/10/10;1500 UTC;;;;;;;;;;;;;;;;;;
2024/10/10;1600 UTC;;;;;;;;;;;;;;;;;;
2024/10/10;1700 UTC;;;;;;;;;;;;;;;;;;
2024/10/10;1800 UTC;;;;;;;;;;;;;;;;;;
2024/10/10;1900 UTC;;;;;;;;;;;;;;;;;;
2024/10/10;2000 UTC;;;;;;;;;;;;;;;;;;
2024/10/10;2100 UTC;;;;;;;;;;;;;;;;;;
2024/10/10;2200 UTC;;;;;;;;;;;;;;;;;;
2024/10/10;2300 UTC;;;;;;;;;;;;;;;;;;
2024/10/11;0000 UTC;;;;;;;;;;;;;;;;;;
2024/10/11;0100 UTC;;;;;;;;;;;;;;;;;;
2024/10/11;0200 UTC;;;;;;;;;;;;;;;;;;
2024/10/11;0300 UTC;;;;;;;;;;;;;;;;;;
2024/10/11;0400 UTC;;;;;;;;;;;;;;;;;;
2024/10/11;0500 UTC;;;;;;;;;;;;;;;;;;
2024/10/11;0600 UTC;;;;;;;;;;;;;;;;;;
2024/10/11;0700 UTC;;;;;;;;;;;;;;;;;;
2024/10/11;0800 UTC;;;;;;;;;;;;;;;;;;
2024/10/11;0900 UTC;;;;;;;;;;;;;;;;;;
2024/10/11;1000 UTC;;;;;;;;;;;;;;;;;;
2024/10/11;1100 UTC;;;;;;;;;;;;;;;;;;
2024/10/11;1200 UTC;;;;;;;;;;;;;;;;;;
2024/10/11;1300 UTC;;;;;;;;;;;;;;;;;;
2024/10/11;1400 UTC;;;;;;;;;;;;;;;;;;
2024/10/11;1500 UTC;;;;;;;;;;;;;;;;;;
2024/10/11;1600 UTC;;;;;;;;;;;;;;;;;;
2024/10/11;1700 UTC;;;;;;;;;;;;;;;;;;
2024/10/11;1800 UTC;;;;;;;;;;;;;;;;;;
2024/10/11;1900 UTC;;;;;;;;;;;;;;;;;;
2024/10/11;2000 UTC;;;;;;;;;;;;;;;;;;
2024/10/11;2100 UTC;;;;;;;;;;;;;;;;;;
2024/10/11;2200 UTC;;;;;;;;;;;;;;;;;;
2024/10/11;2300 UTC;;;;;;;;;;;;;;;;;;
2024/10/12;0000 UTC;;;;;;;;;;;;;;;;;;
2024/10/12;0100 UTC;;;;;;;;;;;;;;;;;;
2024/10/12;0200 UTC;;;;;;;;;;;;;;;;;;
2024/10/12;0300 UTC;;;;;;;;;;;;;;;;;;
2024/10/12;0400 UTC;;;;;;;;;;;;;;;;;;
2024/10/12;0500 UTC;;;;;;;;;;;;;;;;;;
2024/10/12;0600 UTC;;;;;;;;;;;;;;;;;;
2024/10/12;0700 UTC;;;;;;;;;;;;;;;;;;
2024/10/12;0800 UTC;;;;;;;;;;;;;;;;;;
2024/10/12;0900 UTC;;;;;;;;;;;;;;;;;;
2024/10/12;1000 UTC;;;;;;;;;;;;;;;;;;
2024/10/12;1100 UTC;;;;;;;;;;;;;;;;;;
2024/10/12;1200 UTC;;;;;;;;;;;;;;;;;;
2024/10/12;1300 UTC;;;;;;;;;;;;;;;;;;
2024/10/12;1400 UTC;;;;;;;;;;;;;;;;;;
2024/10/12;1500 UTC;;;;;;;;;;;;;;;;;;
2024/10/12;1600 UTC;;;;;;;;;;;;;;;;;;
2024/10/12;1700 UTC;;;;;;;;;;;;;;;;;;
2024/10/12;1800 UTC;;;;;;;;;;;;;;;;;;
2024/10/12;1900 UTC;;;;;;;;;;;;;;;;;;
2024/10/12;2000 UTC;;;;;;;;;;;;;;;;;;
2024/10/12;2100 UTC;;;;;;;;;;;;;;;;;;
2024/10/12;2200 UTC;;;;;;;;;;;;;;;;;;
2024/10/12;2300 UTC;;;;;;;;;;;;;;;;;;
2024/10/13;0000 UTC;;;;;;;;;;;;;;;;;;
2024/10/13;0100 UTC;;;;;;;;;;;;;;;;;;
2024/10/13;0200 UTC;;;;;;;;;;;;;;;;;;
2024/10/13;0300 UTC;;;;;;;;;;;;;;;;;;
2024/10/13;0400 UTC;;;;;;;;;;;;;;;;;;
2024/10/13;0500 UTC;;;;;;;;;;;;;;;;;;
2024/10/13;0600 UTC;;;;;;;;;;;;;;;;;;
2024/10/13;0700 UTC;;;;;;;;;;;;;;;;;;
2024/10/13;0800 UTC;;;;;;;;;;;;;;;;;;
2024/10/13;0900 UTC;;;;;;;;;;;;;;;;;;
2024/10/13;1000 UTC;;;;;;;;;;;;;;;;;;
2024/10/13;1100 UTC;;;;;;;;;;;;;;;;;;
2024/10/13;1200 UTC;;;;;;;;;;;;;;;;;;
2024/10/13;1300 UTC;;;;;;;;;;;;;;;;;;
2024/10/13;1400 UTC;;;;;;;;;;;;;;;;;;
2024/10/13;1500 UTC;;;;;;;;;;;;;;;;;;
2024/10/13;1600 UTC;;;;;;;;;;;;;;;;;;
2024/10/13;1700 UTC;;;;;;;;;;;;;;;;;;
2024/10/13;1800 UTC;;;;;;;;;;;;;;;;;;
2024/10/13;1900 UTC;;;;;;;;;;;;;;;;;;
2024/10/13;2000 UTC;;;;;;;;;;;;;;;;;;
2024/10/13;2100 UTC;;;;;;;;;;;;;;;;;;
2024/10/13;2200 UTC;;;;;;;;;;;;;;;;;;
2024/10/13;2300 UTC;;;;;;;;;;;;;;;;;;
2024/10/14;0000 UTC;;;;;;;;;;;;;;;;;;
2024/10/14;0100 UTC;;;;;;;;;;;;;;;;;;
2024/10/14;0200 UTC;;;;;;;;;;;;;;;;;;
2024/10/14;0300 UTC;;;;;;;;;;;;;;;;;;
2024/10/14;0400 UTC;;;;;;;;;;;;;;;;;;
2024/10/14;0500 UTC;;;;;;;;;;;;;;;;;;
2024/10/14;0600 UTC;;;;;;;;;;;;;;;;;;
2024/10/14;0700 UTC;;;;;;;;;;;;;;;;;;
2024/10/14;0800 UTC;;;;;;;;;;;;;;;;;;
2024/10/14;0900 UTC;;;;;;;;;;;;;;;;;;
2024/10/14;1000 UTC;;;;;;;;;;;;;;;;;;
2024/10/14;1100 UTC;;;;;;;;;;;;;;;;;;
2024/10/14;1200 UTC;;;;;;;;;;;;;;;;;;
2024/10/14;1300 UTC;;;;;;;;;;;;;;;;;;
2024/10/14;1400 UTC;;;;;;;;;;;;;;;;;;
2024/10/14;1500 UTC;;;;;;;;;;;;;;;;;;
2024/10/14;1600 UTC;;;;;;;;;;;;;;;;;;
2024/10/14;1700 UTC;;;;;;;;;;;;;;;;;;
2024/10/14;1800 UTC;;;;;;;;;;;;;;;;;;
2024/10/14;1900 UTC;;;;;;;;;;;;;;;;;;
2024/10/14;2000 UTC;;;;;;;;;;;;;;;;;;
2024/10/14;2100 UTC;;;;;;;;;;;;;;;;;;
2024/10/14;2200 UTC;;;;;;;;;;;;;;;;;;
2024/10/14;2300 UTC;;;;;;;;;;;;;;;;;;
2024/10/15;0000 UTC;;;;;;;;;;;;;;;;;;
2024/10/15;0100 UTC;;;;;;;;;;;;;;;;;;
2024/10/15;0200 UTC;;;;;;;;;;;;;;;;;;
2024/10/15;0300 UTC;;;;;;;;;;;;;;;;;;
2024/10/15;0400 UTC;;;;;;;;;;;;;;;;;;
2024/10/15;0500 UTC;;;;;;;;;;;;;;;;;;
2024/10/15;0600 UTC;;;;;;;;;;;;;;;;;;
2024/10/15;0700 UTC;;;;;;;;;;;;;;;;;;
2024/10/15;0800 UTC;;;;;;;;;;;;;;;;;;
2024/10/15;0900 UTC;;;;;;;;;;;;;;;;;;
2024/10/15;1000 UTC;;;;;;;;;;;;;;;;;;
2024/10/15;1100 UTC;;;;;;;;;;;;;;;;;;
2024/10/15;1200 UTC;;;;;;;;;;;;;;;;;;
2024/10/15;1300 UTC;;;;;;;;;;;;;;;;;;
2024/10/15;1400 UTC;;;;;;;;;;;;;;;;;;
2024/10/15;1500 UTC;;;;;;;;;;;;;;;;;;
2024/10/15;1600 UTC;;;;;;;;;;;;;;;;;;
2024/10/15;1700 UTC;;;;;;;;;;;;;;;;;;
2024/10/15;1800 UTC;;;;;;;;;;;;;;;;;;
2024/10/15;1900 UTC;;;;;;;;;;;;;;;;;;
2024/10/15;2000 UTC;;;;;;;;;;;;;;;;;;
2024/10/15;2100 UTC;;;;;;;;;;;;;;;;;;
2024/10/15;2200 UTC;;;;;;;;;;;;;;;;;;
2024/10/15;2300 UTC;;;;;;;;;;;;;;;;;;
2024/10/16;0000 UTC;;;;;;;;;;;;;;;;;;
2024/10/16;0100 UTC;;;;;;;;;;;;;;;;;;
2024/10/16;0200 UTC;;;;;;;;;;;;;;;;;;
2024/10/16;0300 UTC;;;;;;;;;;;;;;;;;;
2024/10/16;0400 UTC;;;;;;;;;;;;;;;;;;
2024/10/16;0500 UTC;;;;;;;;;;;;;;;;;;
2024/10/16;0600 UTC;;;;;;;;;;;;;;;;;;
2024/10/16;0700 UTC;;;;;;;;;;;;;;;;;;
2024/10/16;0800 UTC;;;;;;;;;;;;;;;;;;
2024/10/16;0900 UTC;;;;;;;;;;;;;;;;;;
2024/10/16;1000 UTC;;;;;;;;;;;;;;;;;;
2024/10/16;1100 UTC;;;;;;;;;;;;;;;;;;
2024/10/16;1200 UTC;;;;;;;;;;;;;;;;;;
2024/10/16;1300 UTC;;;;;;;;;;;;;;;;;;
2024/10/16;1400 UTC;;;;;;;;;;;;;;;;;;
2024/10/16;1500 UTC;;;;;;;;;;;;;;;;;;
2024/10/16;1600 UTC;;;;;;;;;;;;;;;;;;
2024/10/16;1700 UTC;;;;;;;;;;;;;;;;;;
2024/10/16;1800 UTC;;;;;;;;;;;;;;;;;;
2024/10/16;1900 UTC;;;;;;;;;;;;;;;;;;
2024/10/16;2000 UTC;;;;;;;;;;;;;;;;;;
2024/10/16;2100 UTC;;;;;;;;;;;;;;;;;;
2024/10/16;2200 UTC;;;;;;;;;;;;;;;;;;
2024/10/16;2300 UTC;;;;;;;;;;;;;;;;;;
2024/10/17;0000 UTC;;;;;;;;;;;;;;;;;;
2024/10/17;0100 UTC;;;;;;;;;;;;;;;;;;
2024/10/17;0200 UTC;;;;;;;;;;;;;;;;;;
2024/10/17;0300 UTC;;;;;;;;;;;;;;;;;;
2024/10/17;0400 UTC;;;;;;;;;;;;;;;;;;
2024/10/17;0500 UTC;;;;;;;;;;;;;;;;;;
2024/10/17;0600 UTC;;;;;;;;;;;;;;;;;;
2024/10/17;0700 UTC;;;;;;;;;;;;;;;;;;
2024/10/17;0800 UTC;;;;;;;;;;;;;;;;;;
2024/10/17;0900 UTC;;;;;;;;;;;;;;;;;;
2024/10/17;1000 UTC;;;;;;;;;;;;;;;;;;
2024/10/17;1100 UTC;;;;;;;;;;;;;;;;;;
2024/10/17;1200 UTC;;;;;;;;;;;;;;;;;;
2024/10/17;1300 UTC;;;;;;;;;;;;;;;;;;
2024/10/17;1400 UTC;;;;;;;;;;;;;;;;;;
2024/10/17;1500 UTC;;;;;;;;;;;;;;;;;;
2024/10/17;1600 UTC;;;;;;;;;;;;;;;;;;
2024/10/17;1700 UTC;;;;;;;;;;;;;;;;;;
2024/10/17;1800 UTC;;;;;;;;;;;;;;;;;;
2024/10/17;1900 UTC;;;;;;;;;;;;;;;;;;
2024/10/17;2000 UTC;;;;;;;;;;;;;;;;;;
2024/10/17;2100 UTC;;;;;;;;;;;;;;;;;;
2024/10/17;2200 UTC;;;;;;;;;;;;;;;;;;
2024/10/17;2300 UTC;;;;;;;;;;;;;;;;;;
2024/10/18;0000 UTC;;;;;;;;;;;;;;;;;;
2024/10/18;0100 UTC;;;;;;;;;;;;;;;;;;
2024/10/18;0200 UTC;;;;;;;;;;;;;;;;;;
2024/10/18;0300 UTC;;;;;;;;;;;;;;;;;;
2024/10/18;0400 UTC;;;;;;;;;;;;;;;;;;
2024/10/18;0500 UTC;;;;;;;;;;;;;;;;;;
2024/10/18;0600 UTC;;;;;;;;;;;;;;;;;;
2024/10/18;0700 UTC;;;;;;;;;;;;;;;;;;
2024/10/18;0800 UTC;;;;;;;;;;;;;;;;;;
2024/10/18;0900 UTC;;;;;;;;;;;;;;;;;;
2024/10/18;1000 UTC;;;;;;;;;;;;;;;;;;
2024/10/18;1100 UTC;;;;;;;;;;;;;;;;;;
2024/10/18;1200 UTC;;;;;;;;;;;;;;;;;;
2024/10/18;1300 UTC;;;;;;;;;;;;;;;;;;
2024/10/18;1400 UTC;;;;;;;;;;;;;;;;;;
2024/10/18;1500 UTC;0;1004,1;1005,7;1004,1;2534,1;31,8;17,1;32,8;30,3;19,4;16,9;52;40;42;37;4,3;1,5;
2024/10/18;1600 UTC;0;1003;1004,1;1003;1200,9;31,4;18,3;32,4;31,3;18,9;16,2;47;39;46;196;5,9;2,4;
2024/10/18;1700 UTC;0;1002,1;1003;1002,1;1479,6;32,4;17,2;32,7;31,2;18,9;16,3;48;38;40;223;6,1;1,1;
2024/10/18;1800 UTC;0;1001,4;1002,1;1001,4;896,5;32,8;17,7;32,8;31,9;17,9;17,1;42;40;41;255;4,2;1,2;
2024/10/18;1900 UTC;;;;;;;;;;;;;;;;;;
2024/10/18;2000 UTC;;;;;;;;;;;;;;;;;;
2024/10/18;2100 UTC;;;;;;;;;;;;;;;;;;
2024/10/18;2200 UTC;;;;;;;;;;;;;;;;;;
2024/10/18;2300 UTC;;;;;;;;;;;;;;;;;;
2024/10/19;0000 UTC;;;;;;;;;;;;;;;;;;
2024/10/19;0100 UTC;;;;;;;;;;;;;;;;;;
2024/10/19;0200 UTC;;;;;;;;;;;;;;;;;;
2024/10/19;0300 UTC;;;;;;;;;;;;;;;;;;
2024/10/19;0400 UTC;;;;;;;;;;;;;;;;;;
2024/10/19;0500 UTC;;;;;;;;;;;;;;;;;;
2024/10/19;0600 UTC;;;;;;;;;;;;;;;;;;
2024/10/19;0700 UTC;;;;;;;;;;;;;;;;;;
2024/10/19;0800 UTC;;;;;;;;;;;;;;;;;;
2024/10/19;0900 UTC;;;;;;;;;;;;;;;;;;
2024/10/19;1000 UTC;;;;;;;;;;;;;;;;;;
2024/10/19;1100 UTC;;;;;;;;;;;;;;;;;;
2024/10/19;1200 UTC;;;;;;;;;;;;;;;;;;
2024/10/19;1300 UTC;;;;;;;;;;;;;;;;;;
2024/10/19;1400 UTC;;;;;;;;;;;;;;;;;;
2024/10/19;1500 UTC;;;;;;;;;;;;;;;;;;
2024/10/19;1600 UTC;;;;;;;;;;;;;;;;;;
2024/10/19;1700 UTC;;;;;;;;;;;;;;;;;;
2024/10/19;1800 UTC;;;;;;;;;;;;;;;;;;
2024/10/19;1900 UTC;;;;;;;;;;;;;;;;;;
2024/10/19;2000 UTC;;;;;;;;;;;;;;;;;;
2024/10/19;2100 UTC;;;;;;;;;;;;;;;;;;
2024/10/19;2200 UTC;;;;;;;;;;;;;;;;;;
2024/10/19;2300 UTC;;;;;;;;;;;;;;;;;;
2024/10/20;0000 UTC;;;;;;;;;;;;;;;;;;
2024/10/20;0100 UTC;;;;;;;;;;;;;;;;;;
2024/10/20;0200 UTC;;;;;;;;;;;;;;;;;;
2024/10/20;0300 UTC;;;;;;;;;;;;;;;;;;
2024/10/20;0400 UTC;;;;;;;;;;;;;;;;;;
2024/10/20;0500 UTC;;;;;;;;;;;;;;;;;;
2024/10/20;0600 UTC;;;;;;;;;;;;;;;;;;
2024/10/20;0700 UTC;;;;;;;;;;;;;;;;;;
2024/10/20;0800 UTC;;;;;;;;;;;;;;;;;;
2024/10/20;0900 UTC;;;;;;;;;;;;;;;;;;
2024/10/20;1000 UTC;;;;;;;;;;;;;;;;;;
2024/10/20;1100 UTC;;;;;;;;;;;;;;;;;;
2024/10/20;1200 UTC;;;;;;;;;;;;;;;;;;
2024/10/20;1300 UTC;;;;;;;;;;;;;;;;;;
2024/10/20;1400 UTC;;;;;;;;;;;;;;;;;;
2024/10/20;1500 UTC;;;;;;;;;;;;;;;;;;
2024/10/20;1600 UTC;;;;;;;;;;;;;;;;;;
2024/10/20;1700 UTC;;;;;;;;;;;;;;;;;;
2024/10/20;1800 UTC;;;;;;;;;;;;;;;;;;
2024/10/20;1900 UTC;;;;;;;;;;;;;;;;;;
2024/10/20;2000 UTC;;;;;;;;;;;;;;;;;;
2024/10/20;2100 UTC;;;;;;;;;;;;;;;;;;
2024/10/20;2200 UTC;;;;;;;;;;;;;;;;;;
2024/10/20;2300 UTC;;;;;;;;;;;;;;;;;;
2024/10/21;0000 UTC;;;;;;;;;;;;;;;;;;
2024/10/21;0100 UTC;;;;;;;;;;;;;;;;;;
2024/10/21;0200 UTC;;;;;;;;;;;;;;;;;;
2024/10/21;0300 UTC;;;;;;;;;;;;;;;;;;
2024/10/21;0400 UTC;;;;;;;;;;;;;;;;;;
2024/10/21;0500 UTC;;;;;;;;;;;;;;;;;;
2024/10/21;0600 UTC;;;;;;;;;;;;;;;;;;
2024/10/21;0700 UTC;;;;;;;;;;;;;;;;;;
2024/10/21;0800 UTC;;;;;;;;;;;;;;;;;;
2024/10/21;0900 UTC;;;;;;;;;;;;;;;;;;
2024/10/21;1000 UTC;;;;;;;;;;;;;;;;;;
2024/10/21;1100 UTC;;;;;;;;;;;;;;;;;;
2024/10/21;1200 UTC;;;;;;;;;;;;;;;;;;
2024/10/21;1300 UTC;;;;;;;;;;;;;;;;;;
2024/10/21;1400 UTC;;;;;;;;;;;;;;;;;;
2024/10/21;1500 UTC;;;;;;;;;;;;;;;;;;
2024/10/21;1600 UTC;;;;;;;;;;;;;;;;;;
2024/10/21;1700 UTC;;;;;;;;;;;;;;;;;;
2024/10/21;1800 UTC;;;;;;;;;;;;;;;;;;
2024/10/21;1900 UTC;;;;;;;;;;;;;;;;;;
2024/10/21;2000 UTC;;;;;;;;;;;;;;;;;;
2024/10/21;2100 UTC;;;;;;;;;;;;;;;;;;
2024/10/21;2200 UTC;;;;;;;;;;;;;;;;;;
2024/10/21;2300 UTC;;;;;;;;;;;;;;;;;;
2024/10/22;0000 UTC;;;;;;;;;;;;;;;;;;
2024/10/22;0100 UTC;;;;;;;;;;;;;;;;;;
2024/10/22;0200 UTC;;;;;;;;;;;;;;;;;;
2024/10/22;0300 UTC;;;;;;;;;;;;;;;;;;
2024/10/22;0400 UTC;;;;;;;;;;;;;;;;;;
2024/10/22;0500 UTC;;;;;;;;;;;;;;;;;;
2024/10/22;0600 UTC;;;;;;;;;;;;;;;;;;
2024/10/22;0700 UTC;;;;;;;;;;;;;;;;;;
2024/10/22;0800 UTC;;;;;;;;;;;;;;;;;;
2024/10/22;0900 UTC;;;;;;;;;;;;;;;;;;
2024/10/22;1000 UTC;;;;;;;;;;;;;;;;;;
2024/10/22;1100 UTC;;;;;;;;;;;;;;;;;;
2024/10/22;1200 UTC;;;;;;;;;;;;;;;;;;
2024/10/22;1300 UTC;;;;;;;;;;;;;;;;;;
2024/10/22;1400 UTC;;;;;;;;;;;;;;;;;;
2024/10/22;1500 UTC;;;;;;;;;;;;;;;;;;
2024/10/22;1600 UTC;;;;;;;;;;;;;;;;;;
2024/10/22;1700 UTC;;;;;;;;;;;;;;;;;;
2024/10/22;1800 UTC;;;;;;;;;;;;;;;;;;
2024/10/22;1900 UTC;;;;;;;;;;;;;;;;;;
2024/10/22;2000 UTC;;;;;;;;;;;;;;;;;;
2024/10/22;2100 UTC;;;;;;;;;;;;;;;;;;
2024/10/22;2200 UTC;;;;;;;;;;;;;;;;;;
2024/10/22;2300 UTC;;;;;;;;;;;;;;;;;;
2024/10/23;0000 UTC;;;;;;;;;;;;;;;;;;
2024/10/23;0100 UTC;;;;;;;;;;;;;;;;;;
2024/10/23;0200 UTC;;;;;;;;;;;;;;;;;;
2024/10/23;0300 UTC;;;;;;;;;;;;;;;;;;
2024/10/23;0400 UTC;;;;;;;;;;;;;;;;;;
2024/10/23;0500 UTC;;;;;;;;;;;;;;;;;;
2024/10/23;0600 UTC;;;;;;;;;;;;;;;;;;
2024/10/23;0700 UTC;;;;;;;;;;;;;;;;;;
2024/10/23;0800 UTC;;;;;;;;;;;;;;;;;;
2024/10/23;0900 UTC;;;;;;;;;;;;;;;;;;
2024/10/23;1000 UTC;;;;;;;;;;;;;;;;;;
2024/10/23;1100 UTC;;;;;;;;;;;;;;;;;;
2024/10/23;1200 UTC;;;;;;;;;;;;;;;;;;
2024/10/23;1300 UTC;;;;;;;;;;;;;;;;;;
2024/10/23;1400 UTC;;;;;;;;;;;;;;;;;;
2024/10/23;1500 UTC;;;;;;;;;;;;;;;;;;
2024/10/23;1600 UTC;;;;;;;;;;;;;;;;;;
2024/10/23;1700 UTC;;;;;;;;;;;;;;;;;;
2024/10/23;1800 UTC;;;;;;;;;;;;;;;;;;
2024/10/23;1900 UTC;;;;;;;;;;;;;;;;;;
2024/10/23;2000 UTC;;;;;;;;;;;;;;;;;;
2024/10/23;2100 UTC;;;;;;;;;;;;;;;;;;
2024/10/23;2200 UTC;;;;;;;;;;;;;;;;;;
2024/10/23;2300 UTC;;;;;;;;;;;;;;;;;;
2024/10/24;0000 UTC;;;;;;;;;;;;;;;;;;
2024/10/24;0100 UTC;;;;;;;;;;;;;;;;;;
2024/10/24;0200 UTC;;;;;;;;;;;;;;;;;;
2024/10/24;0300 UTC;;;;;;;;;;;;;;;;;;
2024/10/24;0400 UTC;;;;;;;;;;;;;;;;;;
2024/10/24;0500 UTC;;;;;;;;;;;;;;;;;;
2024/10/24;0600 UTC;;;;;;;;;;;;;;;;;;
2024/10/24;0700 UTC;;;;;;;;;;;;;;;;;;
2024/10/24;0800 UTC;;;;;;;;;;;;;;;;;;
2024/10/24;0900 UTC;;;;;;;;;;;;;;;;;;
2024/10/24;1000 UTC;;;;;;;;;;;;;;;;;;
2024/10/24;1100 UTC;;;;;;;;;;;;;;;;;;
2024/10/24;1200 UTC;;;;;;;;;;;;;;;;;;
2024/10/24;1300 UTC;;;;;;;;;;;;;;;;;;
2024/10/24;1400 UTC;;;;;;;;;;;;;;;;;;
2024/10/24;1500 UTC;;;;;;;;;;;;;;;;;;
2024/10/24;1600 UTC;;;;;;;;;;;;;;;;;;
2024/10/24;1700 UTC;;;;;;;;;;;;;;;;;;
2024/10/24;1800 UTC;;;;;;;;;;;;;;;;;;
2024/10/24;1900 UTC;;;;;;;;;;;;;;;;;;
2024/10/24;2000 UTC;;;;;;;;;;;;;;;;;;
2024/10/24;2100 UTC;;;;;;;;;;;;;;;;;;
2024/10/24;2200 UTC;;;;;;;;;;;;;;;;;;
2024/10/24;2300 UTC;;;;;;;;;;;;;;;;;;
2024/10/25;0000 UTC;;;;;;;;;;;;;;;;;;
2024/10/25;0100 UTC;;;;;;;;;;;;;;;;;;
2024/10/25;0200 UTC;;;;;;;;;;;;;;;;;;
2024/10/25;0300 UTC;;;;;;;;;;;;;;;;;;
2024/10/25;0400 UTC;;;;;;;;;;;;;;;;;;
2024/10/25;0500 UTC;;;;;;;;;;;;;;;;;;
2024/10/25;0600 UTC;;;;;;;;;;;;;;;;;;
2024/10/25;0700 UTC;;;;;;;;;;;;;;;;;;
2024/10/25;0800 UTC;;;;;;;;;;;;;;;;;;
2024/10/25;0900 UTC;;;;;;;;;;;;;;;;;;
2024/10/25;1000 UTC;;;;;;;;;;;;;;;;;;
2024/10/25;1100 UTC;;;;;;;;;;;;;;;;;;
2024/10/25;1200 UTC;;;;;;;;;;;;;;;;;;
2024/10/25;1300 UTC;;;;;;;;;;;;;;;;;;
2024/10/25;1400 UTC;;;;;;;;;;;;;;;;;;
2024/10/25;1500 UTC;;;;;;;;;;;;;;;;;;
2024/10/25;1600 UTC;;;;;;;;;;;;;;;;;;
2024/10/25;1700 UTC;;;;;;;;;;;;;;;;;;
2024/10/25;1800 UTC;;;;;;;;;;;;;;;;;;
2024/10/25;1900 UTC;;;;;;;;;;;;;;;;;;
2024/10/25;2000 UTC;;;;;;;;;;;;;;;;;;
2024/10/25;2100 UTC;;;;;;;;;;;;;;;;;;
2024/10/25;2200 UTC;;;;;;;;;;;;;;;;;;
2024/10/25;2300 UTC;;;;;;;;;;;;;;;;;;
2024/10/26;0000 UTC;;;;;;;;;;;;;;;;;;
2024/10/26;0100 UTC;;;;;;;;;;;;;;;;;;
2024/10/26;0200 UTC;;;;;;;;;;;;;;;;;;
2024/10/26;0300 UTC;;;;;;;;;;;;;;;;;;
2024/10/26;0400 UTC;;;;;;;;;;;;;;;;;;
2024/10/26;0500 UTC;;;;;;;;;;;;;;;;;;
2024/10/26;0600 UTC;;;;;;;;;;;;;;;;;;
2024/10/26;0700 UTC;;;;;;;;;;;;;;;;;;
2024/10/26;0800 UTC;;;;;;;;;;;;;;;;;;
2024/10/26;0900 UTC;;;;;;;;;;;;;;;;;;
2024/10/26;1000 UTC;;;;;;;;;;;;;;;;;;
2024/10/26;1100 UTC;;;;;;;;;;;;;;;;;;
2024/10/26;1200 UTC;;;;;;;;;;;;;;;;;;
2024/10/26;1300 UTC;;;;;;;;;;;;;;;;;;
2024/10/26;1400 UTC;;;;;;;;;;;;;;;;;;
2024/10/26;1500 UTC;;;;;;;;;;;;;;;;;;
2024/10/26;1600 UTC;;;;;;;;;;;;;;;;;;
2024/10/26;1700 UTC;;;;;;;;;;;;;;;;;;
2024/10/26;1800 UTC;;;;;;;;;;;;;;;;;;
2024/10/26;1900 UTC;;;;;;;;;;;;;;;;;;
2024/10/26;2000 UTC;;;;;;;;;;;;;;;;;;
2024/10/26;2100 UTC;;;;;;;;;;;;;;;;;;
2024/10/26;2200 UTC;;;;;;;;;;;;;;;;;;
2024/10/26;2300 UTC;;;;;;;;;;;;;;;;;;
2024/10/27;0000 UTC;;;;;;;;;;;;;;;;;;
2024/10/27;0100 UTC;;;;;;;;;;;;;;;;;;
2024/10/27;0200 UTC;;;;;;;;;;;;;;;;;;
2024/10/27;0300 UTC;;;;;;;;;;;;;;;;;;
2024/10/27;0400 UTC;;;;;;;;;;;;;;;;;;
2024/10/27;0500 UTC;;;;;;;;;;;;;;;;;;
2024/10/27;0600 UTC;;;;;;;;;;;;;;;;;;
2024/10/27;0700 UTC;;;;;;;;;;;;;;;;;;
2024/10/27;0800 UTC;;;;;;;;;;;;;;;;;;
2024/10/27;0900 UTC;;;;;;;;;;;;;;;;;;
2024/10/27;1000 UTC;;;;;;;;;;;;;;;;;;
2024/10/27;1100 UTC;;;;;;;;;;;;;;;;;;
2024/10/27;1200 UTC;;;;;;;;;;;;;;;;;;
2024/10/27;1300 UTC;;;;;;;;;;;;;;;;;;
2024/10/27;1400 UTC;;;;;;;;;;;;;;;;;;
2024/10/27;1500 UTC;;;;;;;;;;;;;;;;;;
2024/10/27;1600 UTC;;;;;;;;;;;;;;;;;;
2024/10/27;1700 UTC;;;;;;;;;;;;;;;;;;
2024/10/27;1800 UTC;;;;;;;;;;;;;;;;;;
2024/10/27;1900 UTC;;;;;;;;;;;;;;;;;;
2024/10/27;2000 UTC;;;;;;;;;;;;;;;;;;
2024/10/27;2100 UTC;;;;;;;;;;;;;;;;;;
2024/10/27;2200 UTC;;;;;;;;;;;;;;;;;;
2024/10/27;2300 UTC;;;;;;;;;;;;;;;;;;
2024/10/28;0000 UTC;;;;;;;;;;;;;;;;;;
2024/10/28;0100 UTC;;;;;;;;;;;;;;;;;;
2024/10/28;0200 UTC;;;;;;;;;;;;;;;;;;
2024/10/28;0300 UTC;;;;;;;;;;;;;;;;;;
2024/10/28;0400 UTC;;;;;;;;;;;;;;;;;;
2024/10/28;0500 UTC;;;;;;;;;;;;;;;;;;
2024/10/28;0600 UTC;;;;;;;;;;;;;;;;;;
2024/10/28;0700 UTC;;;;;;;;;;;;;;;;;;
2024/10/28;0800 UTC;;;;;;;;;;;;;;;;;;
2024/10/28;0900 UTC;;;;;;;;;;;;;;;;;;
2024/10/28;1000 UTC;;;;;;;;;;;;;;;;;;
2024/10/28;1100 UTC;;;;;;;;;;;;;;;;;;
2024/10/28;1200 UTC;;;;;;;;;;;;;;;;;;
2024/10/28;1300 UTC;;;;;;;;;;;;;;;;;;
2024/10/28;1400 UTC;;;;;;;;;;;;;;;;;;
2024/10/28;1500 UTC;;;;;;;;;;;;;;;;;;
2024/10/28;1600 UTC;;;;;;;;;;;;;;;;;;
2024/10/28;1700 UTC;;;;;;;;;;;;;;;;;;
2024/10/28;1800 UTC;;;;;;;;;;;;;;;;;;
2024/10/28;1900 UTC;;;;;;;;;;;;;;;;;;
2024/10/28;2000 UTC;;;;;;;;;;;;;;;;;;
2024/10/28;2100 UTC;;;;;;;;;;;;;;;;;;
2024/10/28;2200 UTC;;;;;;;;;;;;;;;;;;
2024/10/28;2300 UTC;;;;;;;;;;;;;;;;;;
2024/10/29;0000 UTC;;;;;;;;;;;;;;;;;;
2024/10/29;0100 UTC;;;;;;;;;;;;;;;;;;
2024/10/29;0200 UTC;;;;;;;;;;;;;;;;;;
2024/10/29;0300 UTC;;;;;;;;;;;;;;;;;;
2024/10/29;0400 UTC;;;;;;;;;;;;;;;;;;
2024/10/29;0500 UTC;;;;;;;;;;;;;;;;;;
2024/10/29;0600 UTC;;;;;;;;;;;;;;;;;;
2024/10/29;0700 UTC;;;;;;;;;;;;;;;;;;
2024/10/29;0800 UTC;;;;;;;;;;;;;;;;;;
2024/10/29;0900 UTC;;;;;;;;;;;;;;;;;;
2024/10/29;1000 UTC;;;;;;;;;;;;;;;;;;
2024/10/29;1100 UTC;;;;;;;;;;;;;;;;;;
2024/10/29;1200 UTC;;;;;;;;;;;;;;;;;;
2024/10/29;1300 UTC;;;;;;;;;;;;;;;;;;
2024/10/29;1400 UTC;;;;;;;;;;;;;;;;;;
2024/10/29;1500 UTC;;;;;;;;;;;;;;;;;;
2024/10/29;1600 UTC;;;;;;;;;;;;;;;;;;
2024/10/29;1700 UTC;;;;;;;;;;;;;;;;;;
2024/10/29;1800 UTC;;;;;;;;;;;;;;;;;;
2024/10/29;1900 UTC;;;;;;;;;;;;;;;;;;
2024/10/29;2000 UTC;;;;;;;;;;;;;;;;;;
2024/10/29;2100 UTC;;;;;;;;;;;;;;;;;;
2024/10/29;2200 UTC;;;;;;;;;;;;;;;;;;
2024/10/29;2300 UTC;;;;;;;;;;;;;;;;;;
2024/10/30;0000 UTC;;;;;;;;;;;;;;;;;;
2024/10/30;0100 UTC;;;;;;;;;;;;;;;;;;
2024/10/30;0200 UTC;;;;;;;;;;;;;;;;;;
2024/10/30;0300 UTC;;;;;;;;;;;;;;;;;;
2024/10/30;0400 UTC;;;;;;;;;;;;;;;;;;
2024/10/30;0500 UTC;;;;;;;;;;;;;;;;;;
2024/10/30;0600 UTC;;;;;;;;;;;;;;;;;;
2024/10/30;0700 UTC;;;;;;;;;;;;;;;;;;
2024/10/30;0800 UTC;;;;;;;;;;;;;;;;;;
2024/10/30;0900 UTC;;;;;;;;;;;;;;;;;;
2024/10/30;1000 UTC;;;;;;;;;;;;;;;;;;
2024/10/30;1100 UTC;;;;;;;;;;;;;;;;;;
2024/10/30;1200 UTC;;;;;;;;;;;;;;;;;;
2024/10/30;1300 UTC;;;;;;;;;;;;;;;;;;
2024/10/30;1400 UTC;;;;;;;;;;;;;;;;;;
2024/10/30;1500 UTC;;;;;;;;;;;;;;;;;;
2024/10/30;1600 UTC;;;;;;;;;;;;;;;;;;
2024/10/30;1700 UTC;;;;;;;;;;;;;;;;;;
2024/10/30;1800 UTC;;;;;;;;;;;;;;;;;;
2024/10/30;1900 UTC;;;;;;;;;;;;;;;;;;
2024/10/30;2000 UTC;;;;;;;;;;;;;;;;;;
2024/10/30;2100 UTC;;;;;;;;;;;;;;;;;;
2024/10/30;2200 UTC;;;;;;;;;;;;;;;;;;
2024/10/30;2300 UTC;;;;;;;;;;;;;;;;;;
2024/10/31;0000 UTC;;;;;;;;;;;;;;;;;;
2024/10/31;0100 UTC;;;;;;;;;;;;;;;;;;
2024/10/31;0200 UTC;;;;;;;;;;;;;;;;;;
2024/10/31;0300 UTC;;;;;;;;;;;;;;;;;;
2024/10/31;0400 UTC;;;;;;;;;;;;;;;;;;
2024/10/31;0500 UTC;;;;;;;;;;;;;;;;;;
2024/10/31;0600 UTC;;;;;;;;;;;;;;;;;;
2024/10/31;0700 UTC;;;;;;;;;;;;;;;;;;
2024/10/31;0800 UTC;;;;;;;;;;;;;;;;;;
2024/10/31;0900 UTC;;;;;;;;;;;;;;;;;;
2024/10/31;1000 UTC;;;;;;;;;;;;;;;;;;
2024/10/31;1100 UTC;;;;;;;;;;;;;;;;;;
2024/10/31;1200 UTC;;;;;;;;;;;;;;;;;;
2024/10/31;1300 UTC;;;;;;;;;;;;;;;;;;
2024/10/31;1400 UTC;;;;;;;;;;;;;;;;;;
2024/10/31;1500 UTC;;;;;;;;;;;;;;;;;;
2024/10/31;1600 UTC;;;;;;;;;;;;;;;;;;
2024/10/31;1700 UTC;;;;;;;;;;;;;;;;;;
2024/10/31;1800 UTC;;;;;;;;;;;;;;;;;;
2024/10/31;1900 UTC;;;;;;;;;;;;;;;;;;
2024/10/31;2000 UTC;;;;;;;;;;;;;;;;;;
2024/10/31;2100 UTC;;;;;;;;;;;;;;;;;;
2024/10/31;2200 UTC;;;;;;;;;;;;;;;;;;
2024/10/31;2300 UTC;;;;;;;;;;;;;;;;;;
2024/11/01;0000 UTC;;;;;;;;;;;;;;;;;;
2024/11/01;0100 UTC;;;;;;;;;;;;;;;;;;
2024/11/01;0200 UTC;;;;;;;;;;;;;;;;;;
2024/11/01;0300 UTC;;;;;;;;;;;;;;;;;;
2024/11/01;0400 UTC;;;;;;;;;;;;;;;;;;
2024/11/01;0500 UTC;;;;;;;;;;;;;;;;;;
2024/11/01;0600 UTC;;;;;;;;;;;;;;;;;;
2024/11/01;0700 UTC;;;;;;;;;;;;;;;;;;
2024/11/01;0800 UTC;;;;;;;;;;;;;;;;;;
2024/11/01;0900 UTC;;;;;;;;;;;;;;;;;;
2024/11/01;1000 UTC;;;;;;;;;;;;;;;;;;
2024/11/01;1100 UTC;;;;;;;;;;;;;;;;;;
2024/11/01;1200 UTC;;;;;;;;;;;;;;;;;;
2024/11/01;1300 UTC;;;;;;;;;;;;;;;;;;
2024/11/01;1400 UTC;;;;;;;;;;;;;;;;;;
2024/11/01;1500 UTC;;;;;;;;;;;;;;;;;;
2024/11/01;1600 UTC;;;;;;;;;;;;;;;;;;
2024/11/01;1700 UTC;;;;;;;;;;;;;;;;;;
2024/11/01;1800 UTC;;;;;;;;;;;;;;;;;;
2024/11/01;1900 UTC;;;;;;;;;;;;;;;;;;
2024/11/01;2000 UTC;;;;;;;;;;;;;;;;;;
2024/11/01;2100 UTC;;;;;;;;;;;;;;;;;;
2024/11/01;2200 UTC;;;;;;;;;;;;;;;;;;
2024/11/01;2300 UTC;;;;;;;;;;;;;;;;;;
2024/11/02;0000 UTC;;;;;;;;;;;;;;;;;;
2024/11/02;0100 UTC;;;;;;;;;;;;;;;;;;
2024/11/02;0200 UTC;;;;;;;;;;;;;;;;;;
2024/11/02;0300 UTC;;;;;;;;;;;;;;;;;;
2024/11/02;0400 UTC;;;;;;;;;;;;;;;;;;
2024/11/02;0500 UTC;;;;;;;;;;;;;;;;;;
2024/11/02;0600 UTC;;;;;;;;;;;;;;;;;;
2024/11/02;0700 UTC;;;;;;;;;;;;;;;;;;
2024/11/02;0800 UTC;;;;;;;;;;;;;;;;;;
2024/11/02;0900 UTC;;;;;;;;;;;;;;;;;;
2024/11/02;1000 UTC;;;;;;;;;;;;;;;;;;
2024/11/02;1100 UTC;;;;;;;;;;;;;;;;;;
2024/11/02;1200 UTC;;;;;;;;;;;;;;;;;;
2024/11/02;1300 UTC;;;;;;;;;;;;;;;;;;
2024/11/02;1400 UTC;;;;;;;;;;;;;;;;;;
2024/11/02;1500 UTC;;;;;;;;;;;;;;;;;;
2024/11/02;1600 UTC;;;;;;;;;;;;;;;;;;
2024/11/02;1700 UTC;;;;;;;;;;;;;;;;;;
2024/11/02;1800 UTC;;;;;;;;;;;;;;;;;;
2024/11/02;1900 UTC;;;;;;;;;;;;;;;;;;
2024/11/02;2000 UTC;;;;;;;;;;;;;;;;;;
2024/11/02;2100 UTC;;;;;;;;;;;;;;;;;;
2024/11/02;2200 UTC;;;;;;;;;;;;;;;;;;
2024/11/02;2300 UTC;;;;;;;;;;;;;;;;;;
2024/11/03;0000 UTC;;;;;;;;;;;;;;;;;;
2024/11/03;0100 UTC;;;;;;;;;;;;;;;;;;
2024/11/03;0200 UTC;;;;;;;;;;;;;;;;;;
2024/11/03;0300 UTC;;;;;;;;;;;;;;;;;;
2024/11/03;0400 UTC;;;;;;;;;;;;;;;;;;
2024/11/03;0500 UTC;;;;;;;;;;;;;;;;;;
2024/11/03;0600 UTC;;;;;;;;;;;;;;;;;;
2024/11/03;0700 UTC;;;;;;;;;;;;;;;;;;
2024/11/03;0800 UTC;;;;;;;;;;;;;;;;;;
2024/11/03;0900 UTC;;;;;;;;;;;;;;;;;;
2024/11/03;1000 UTC;;;;;;;;;;;;;;;;;;
2024/11/03;1100 UTC;;;;;;;;;;;;;;;;;;
2024/11/03;1200 UTC;;;;;;;;;;;;;;;;;;
2024/11/03;1300 UTC;;;;;;;;;;;;;;;;;;
2024/11/03;1400 UTC;;;;;;;;;;;;;;;;;;
2024/11/03;1500 UTC;;;;;;;;;;;;;;;;;;
2024/11/03;1600 UTC;;;;;;;;;;;;;;;;;;
2024/11/03;1700 UTC;;;;;;;;;;;;;;;;;;
2024/11/03;1800 UTC;;;;;;;;;;;;;;;;;;
2024/11/03;1900 UTC;;;;;;;;;;;;;;;;;;
2024/11/03;2000 UTC;;;;;;;;;;;;;;;;;;
2024/11/03;2100 UTC;;;;;;;;;;;;;;;;;;
2024/11/03;2200 UTC;;;;;;;;;;;;;;;;;;
2024/11/03;2300 UTC;;;;;;;;;;;;;;;;;;
2024/11/04;0000 UTC;;;;;;;;;;;;;;;;;;
2024/11/04;0100 UTC;;;;;;;;;;;;;;;;;;
2024/11/04;0200 UTC;;;;;;;;;;;;;;;;;;
2024/11/04;0300 UTC;;;;;;;;;;;;;;;;;;
2024/11/04;0400 UTC;;;;;;;;;;;;;;;;;;
2024/11/04;0500 UTC;;;;;;;;;;;;;;;;;;
2024/11/04;0600 UTC;;;;;;;;;;;;;;;;;;
2024/11/04;0700 UTC;;;;;;;;;;;;;;;;;;
2024/11/04;0800 UTC;;;;;;;;;;;;;;;;;;
2024/11/04;0900 UTC;;;;;;;;;;;;;;;;;;
2024/11/04;1000 UTC;;;;;;;;;;;;;;;;;;
2024/11/04;1100 UTC;;;;;;;;;;;;;;;;;;
2024/11/04;1200 UTC;;;;;;;;;;;;;;;;;;
2024/11/04;1300 UTC;;;;;;;;;;;;;;;;;;
2024/11/04;1400 UTC;;;;;;;;;;;;;;;;;;
2024/11/04;1500 UTC;;;;;;;;;;;;;;;;;;
2024/11/04;1600 UTC;;;;;;;;;;;;;;;;;;
2024/11/04;1700 UTC;;;;;;;;;;;;;;;;;;
2024/11/04;1800 UTC;;;;;;;;;;;;;;;;;;
2024/11/04;1900 UTC;;;;;;;;;;;;;;;;;;
2024/11/04;2000 UTC;;;;;;;;;;;;;;;;;;
2024/11/04;2100 UTC;;;;;;;;;;;;;;;;;;
2024/11/04;2200 UTC;;;;;;;;;;;;;;;;;;
2024/11/04;2300 UTC;;;;;;;;;;;;;;;;;;
2024/11/05;0000 UTC;;;;;;;;;;;;;;;;;;
2024/11/05;0100 UTC;;;;;;;;;;;;;;;;;;
2024/11/05;0200 UTC;;;;;;;;;;;;;;;;;;
2024/11/05;0300 UTC;;;;;;;;;;;;;;;;;;
2024/11/05;0400 UTC;;;;;;;;;;;;;;;;;;
2024/11/05;0500 UTC;;;;;;;;;;;;;;;;;;
2024/11/05;0600 UTC;;;;;;;;;;;;;;;;;;
2024/11/05;0700 UTC;;;;;;;;;;;;;;;;;;
2024/11/05;0800 UTC;;;;;;;;;;;;;;;;;;
2024/11/05;0900 UTC;;;;;;;;;;;;;;;;;;
2024/11/05;1000 UTC;;;;;;;;;;;;;;;;;;
2024/11/05;1100 UTC;;;;;;;;;;;;;;;;;;
2024/11/05;1200 UTC;;;;;;;;;;;;;;;;;;
2024/11/05;1300 UTC;;;;;;;;;;;;;;;;;;
2024/11/05;1400 UTC;;;;;;;;;;;;;;;;;;
2024/11/05;1500 UTC;;;;;;;;;;;;;;;;;;
2024/11/05;1600 UTC;;;;;;;;;;;;;;;;;;
2024/11/05;1700 UTC;;;;;;;;;;;;;;;;;;
2024/11/05;1800 UTC;;;;;;;;;;;;;;;;;;
2024/11/05;1900 UTC;;;;;;;;;;;;;;;;;;
2024/11/05;2000 UTC;;;;;;;;;;;;;;;;;;
2024/11/05;2100 UTC;;;;;;;;;;;;;;;;;;
2024/11/05;2200 UTC;;;;;;;;;;;;;;;;;;
2024/11/05;2300 UTC;;;;;;;;;;;;;;;;;;
2024/11/06;0000 UTC;;;;;;;;;;;;;;;;;;
2024/11/06;0100 UTC;;;;;;;;;;;;;;;;;;
2024/11/06;0200 UTC;;;;;;;;;;;;;;;;;;
2024/11/06;0300 UTC;;;;;;;;;;;;;;;;;;
2024/11/06;0400 UTC;;;;;;;;;;;;;;;;;;
2024/11/06;0500 UTC;;;;;;;;;;;;;;;;;;
2024/11/06;0600 UTC;;;;;;;;;;;;;;;;;;
2024/11/06;0700 UTC;;;;;;;;;;;;;;;;;;
2024/11/06;0800 UTC;;;;;;;;;;;;;;;;;;
2024/11/06;0900 UTC;;;;;;;;;;;;;;;;;;
2024/11/06;1000 UTC;;;;;;;;;;;;;;;;;;
2024/11/06;1100 UTC;;;;;;;;;;;;;;;;;;
2024/11/06;1200 UTC;;;;;;;;;;;;;;;;;;
2024/11/06;1300 UTC;;;;;;;;;;;;;;;;;;
2024/11/06;1400 UTC;;;;;;;;;;;;;;;;;;
2024/11/06;1500 UTC;;;;;;;;;;;;;;;;;;
2024/11/06;1600 UTC;;;;;;;;;;;;;;;;;;
2024/11/06;1700 UTC;;;;;;;;;;;;;;;;;;
2024/11/06;1800 UTC;;;;;;;;;;;;;;;;;;
2024/11/06;1900 UTC;;;;;;;;;;;;;;;;;;
2024/11/06;2000 UTC;;;;;;;;;;;;;;;;;;
2024/11/06;2100 UTC;;;;;;;;;;;;;;;;;;
2024/11/06;2200 UTC;;;;;;;;;;;;;;;;;;
2024/11/06;2300 UTC;;;;;;;;;;;;;;;;;;
2024/11/07;0000 UTC;;;;;;;;;;;;;;;;;;
2024/11/07;0100 UTC;;;;;;;;;;;;;;;;;;
2024/11/07;0200 UTC;;;;;;;;;;;;;;;;;;
2024/11/07;0300 UTC;;;;;;;;;;;;;;;;;;
2024/11/07;0400 UTC;;;;;;;;;;;;;;;;;;
2024/11/07;0500 UTC;;;;;;;;;;;;;;;;;;
2024/11/07;0600 UTC;;;;;;;;;;;;;;;;;;
2024/11/07;0700 UTC;;;;;;;;;;;;;;;;;;
2024/11/07;0800 UTC;;;;;;;;;;;;;;;;;;
2024/11/07;0900 UTC;;;;;;;;;;;;;;;;;;
2024/11/07;1000 UTC;;;;;;;;;;;;;;;;;;
2024/11/07;1100 UTC;;;;;;;;;;;;;;;;;;
2024/11/07;1200 UTC;;;;;;;;;;;;;;;;;;
2024/11/07;1300 UTC;;;;;;;;;;;;;;;;;;
2024/11/07;1400 UTC;;;;;;;;;;;;;;;;;;
2024/11/07;1500 UTC;;;;;;;;;;;;;;;;;;
2024/11/07;1600 UTC;;;;;;;;;;;;;;;;;;
2024/11/07;1700 UTC;;;;;;;;;;;;;;;;;;
2024/11/07;1800 UTC;;;;;;;;;;;;;;;;;;
2024/11/07;1900 UTC;;;;;;;;;;;;;;;;;;
2024/11/07;2000 UTC;;;;;;;;;;;;;;;;;;
2024/11/07;2100 UTC;;;;;;;;;;;;;;;;;;
2024/11/07;2200 UTC;;;;;;;;;;;;;;;;;;
2024/11/07;2300 UTC;;;;;;;;;;;;;;;;;;
2024/11/08;0000 UTC;;;;;;;;;;;;;;;;;;
2024/11/08;0100 UTC;;;;;;;;;;;;;;;;;;
2024/11/08;0200 UTC;;;;;;;;;;;;;;;;;;
2024/11/08;0300 UTC;;;;;;;;;;;;;;;;;;
2024/11/08;0400 UTC;;;;;;;;;;;;;;;;;;
2024/11/08;0500 UTC;;;;;;;;;;;;;;;;;;
2024/11/08;0600 UTC;;;;;;;;;;;;;;;;;;
2024/11/08;0700 UTC;;;;;;;;;;;;;;;;;;
2024/11/08;0800 UTC;;;;;;;;;;;;;;;;;;
2024/11/08;0900 UTC;;;;;;;;;;;;;;;;;;
2024/11/08;1000 UTC;;;;;;;;;;;;;;;;;;
2024/11/08;1100 UTC;;;;;;;;;;;;;;;;;;
2024/11/08;1200 UTC;;;;;;;;;;;;;;;;;;
2024/11/08;1300 UTC;;;;;;;;;;;;;;;;;;
2024/11/08;1400 UTC;;;;;;;;;;;;;;;;;;
2024/11/08;1500 UTC;;;;;;;;;;;;;;;;;;
2024/11/08;1600 UTC;;;;;;;;;;;;;;;;;;
2024/11/08;1700 UTC;;;;;;;;;;;;;;;;;;
2024/11/08;1800 UTC;;;;;;;;;;;;;;;;;;
2024/11/08;1900 UTC;;;;;;;;;;;;;;;;;;
2024/11/08;2000 UTC;;;;;;;;;;;;;;;;;;
2024/11/08;2100 UTC;;;;;;;;;;;;;;;;;;
2024/11/08;2200 UTC;;;;;;;;;;;;;;;;;;
2024/11/08;2300 UTC;;;;;;;;;;;;;;;;;;
2024/11/09;0000 UTC;;;;;;;;;;;;;;;;;;
2024/11/09;0100 UTC;;;;;;;;;;;;;;;;;;
2024/11/09;0200 UTC;;;;;;;;;;;;;;;;;;
2024/11/09;0300 UTC;;;;;;;;;;;;;;;;;;
2024/11/09;0400 UTC;;;;;;;;;;;;;;;;;;
2024/11/09;0500 UTC;;;;;;;;;;;;;;;;;;
2024/11/09;0600 UTC;;;;;;;;;;;;;;;;;;
2024/11/09;0700 UTC;;;;;;;;;;;;;;;;;;
2024/11/09;0800 UTC;;;;;;;;;;;;;;;;;;
2024/11/09;0900 UTC;;;;;;;;;;;;;;;;;;
2024/11/09;1000 UTC;;;;;;;;;;;;;;;;;;
2024/11/09;1100 UTC;;;;;;;;;;;;;;;;;;
2024/11/09;1200 UTC;;;;;;;;;;;;;;;;;;
2024/11/09;1300 UTC;;;;;;;;;;;;;;;;;;
2024/11/09;1400 UTC;;;;;;;;;;;;;;;;;;
2024/11/09;1500 UTC;;;;;;;;;;;;;;;;;;
2024/11/09;1600 UTC;;;;;;;;;;;;;;;;;;
2024/11/09;1700 UTC;;;;;;;;;;;;;;;;;;
2024/11/09;1800 UTC;;;;;;;;;;;;;;;;;;
2024/11/09;1900 UTC;;;;;;;;;;;;;;;;;;
2024/11/09;2000 UTC;;;;;;;;;;;;;;;;;;
2024/11/09;2100 UTC;;;;;;;;;;;;;;;;;;
2024/11/09;2200 UTC;;;;;;;;;;;;;;;;;;
2024/11/09;2300 UTC;;;;;;;;;;;;;;;;;;
2024/11/10;0000 UTC;;;;;;;;;;;;;;;;;;
2024/11/10;0100 UTC;;;;;;;;;;;;;;;;;;
2024/11/10;0200 UTC;;;;;;;;;;;;;;;;;;
2024/11/10;0300 UTC;;;;;;;;;;;;;;;;;;
2024/11/10;0400 UTC;;;;;;;;;;;;;;;;;;
2024/11/10;0500 UTC;;;;;;;;;;;;;;;;;;
2024/11/10;0600 UTC;;;;;;;;;;;;;;;;;;
2024/11/10;0700 UTC;;;;;;;;;;;;;;;;;;
2024/11/10;0800 UTC;;;;;;;;;;;;;;;;;;
2024/11/10;0900 UTC;;;;;;;;;;;;;;;;;;
2024/11/10;1000 UTC;;;;;;;;;;;;;;;;;;
2024/11/10;1100 UTC;;;;;;;;;;;;;;;;;;
2024/11/10;1200 UTC;;;;;;;;;;;;;;;;;;
2024/11/10;1300 UTC;;;;;;;;;;;;;;;;;;
2024/11/10;1400 UTC;;;;;;;;;;;;;;;;;;
2024/11/10;1500 UTC;;;;;;;;;;;;;;;;;;
2024/11/10;1600 UTC;;;;;;;;;;;;;;;;;;
2024/11/10;1700 UTC;;;;;;;;;;;;;;;;;;
2024/11/10;1800 UTC;;;;;;;;;;;;;;;;;;
2024/11/10;1900 UTC;;;;;;;;;;;;;;;;;;
2024/11/10;2000 UTC;;;;;;;;;;;;;;;;;;
2024/11/10;2100 UTC;;;;;;;;;;;;;;;;;;
2024/11/10;2200 UTC;;;;;;;;;;;;;;;;;;
2024/11/10;2300 UTC;;;;;;;;;;;;;;;;;;
2024/11/11;0000 UTC;;;;;;;;;;;;;;;;;;
2024/11/11;0100 UTC;;;;;;;;;;;;;;;;;;
2024/11/11;0200 UTC;;;;;;;;;;;;;;;;;;
2024/11/11;0300 UTC;;;;;;;;;;;;;;;;;;
2024/11/11;0400 UTC;;;;;;;;;;;;;;;;;;
2024/11/11;0500 UTC;;;;;;;;;;;;;;;;;;
2024/11/11;0600 UTC;;;;;;;;;;;;;;;;;;
2024/11/11;0700 UTC;;;;;;;;;;;;;;;;;;
2024/11/11;0800 UTC;;;;;;;;;;;;;;;;;;
2024/11/11;0900 UTC;;;;;;;;;;;;;;;;;;
2024/11/11;1000 UTC;;;;;;;;;;;;;;;;;;
2024/11/11;1100 UTC;;;;;;;;;;;;;;;;;;
2024/11/11;1200 UTC;;;;;;;;;;;;;;;;;;
2024/11/11;1300 UTC;;;;;;;;;;;;;;;;;;
2024/11/11;1400 UTC;;;;;;;;;;;;;;;;;;
2024/11/11;1500 UTC;;;;;;;;;;;;;;;;;;
2024/11/11;1600 UTC;;;;;;;;;;;;;;;;;;
2024/11/11;1700 UTC;;;;;;;;;;;;;;;;;;
2024/11/11;1800 UTC;;;;;;;;;;;;;;;;;;
2024/11/11;1900 UTC;;;;;;;;;;;;;;;;;;
2024/11/11;2000 UTC;;;;;;;;;;;;;;;;;;
2024/11/11;2100 UTC;;;;;;;;;;;;;;;;;;
2024/11/11;2200 UTC;;;;;;;;;;;;;;;;;;
2024/11/11;2300 UTC;;;;;;;;;;;;;;;;;;
2024/11/12;0000 UTC;;;;;;;;;;;;;;;;;;
2024/11/12;0100 UTC;;;;;;;;;;;;;;;;;;
2024/11/12;0200 UTC;;;;;;;;;;;;;;;;;;
2024/11/12;0300 UTC;;;;;;;;;;;;;;;;;;
2024/11/12;0400 UTC;;;;;;;;;;;;;;;;;;
2024/11/12;0500 UTC;;;;;;;;;;;;;;;;;;
2024/11/12;0600 UTC;;;;;;;;;;;;;;;;;;
2024/11/12;0700 UTC;;;;;;;;;;;;;;;;;;
2024/11/12;0800 UTC;;;;;;;;;;;;;;;;;;
2024/11/12;0900 UTC;;;;;;;;;;;;;;;;;;
2024/11/12;1000 UTC;;;;;;;;;;;;;;;;;;
2024/11/12;1100 UTC;;;;;;;;;;;;;;;;;;
2024/11/12;1200 UTC;;;;;;;;;;;;;;;;;;
2024/11/12;1300 UTC;;;;;;;;;;;;;;;;;;
2024/11/12;1400 UTC;;;;;;;;;;;;;;;;;;
2024/11/12;1500 UTC;;;;;;;;;;;;;;;;;;
2024/11/12;1600 UTC;;;;;;;;;;;;;;;;;;
2024/11/12;1700 UTC;;;;;;;;;;;;;;;;;;
2024/11/12;1800 UTC;;;;;;;;;;;;;;;;;;
2024/11/12;1900 UTC;;;;;;;;;;;;;;;;;;
2024/11/12;2000 UTC;;;;;;;;;;;;;;;;;;
2024/11/12;2100 UTC;;;;;;;;;;;;;;;;;;
2024/11/12;2200 UTC;;;;;;;;;;;;;;;;;;
2024/11/12;2300 UTC;;;;;;;;;;;;;;;;;;
2024/11/13;0000 UTC;;;;;;;;;;;;;;;;;;
2024/11/13;0100 UTC;;;;;;;;;;;;;;;;;;
2024/11/13;0200 UTC;;;;;;;;;;;;;;;;;;
2024/11/13;0300 UTC;;;;;;;;;;;;;;;;;;
2024/11/13;0400 UTC;;;;;;;;;;;;;;;;;;
2024/11/13;0500 UTC;;;;;;;;;;;;;;;;;;
2024/11/13;0600 UTC;;;;;;;;;;;;;;;;;;
2024/11/13;0700 UTC;;;;;;;;;;;;;;;;;;
2024/11/13;0800 UTC;;;;;;;;;;;;;;;;;;
2024/11/13;0900 UTC;;;;;;;;;;;;;;;;;;
2024/11/13;1000 UTC;;;;;;;;;;;;;;;;;;
2024/11/13;1100 UTC;;;;;;;;;;;;;;;;;;
2024/11/13;1200 UTC;;;;;;;;;;;;;;;;;;
2024/11/13;1300 UTC;;;;;;;;;;;;;;;;;;
2024/11/13;1400 UTC;;;;;;;;;;;;;;;;;;
2024/11/13;1500 UTC;;;;;;;;;;;;;;;;;;
2024/11/13;1600 UTC;;;;;;;;;;;;;;;;;;
2024/11/13;1700 UTC;;;;;;;;;;;;;;;;;;
2024/11/13;1800 UTC;;;;;;;;;;;;;;;;;;
2024/11/13;1900 UTC;;;;;;;;;;;;;;;;;;
2024/11/13;2000 UTC;;;;;;;;;;;;;;;;;;
2024/11/13;2100 UTC;;;;;;;;;;;;;;;;;;
2024/11/13;2200 UTC;;;;;;;;;;;;;;;;;;
2024/11/13;2300 UTC;;;;;;;;;;;;;;;;;;
2024/11/14;0000 UTC;;;;;;;;;;;;;;;;;;
2024/11/14;0100 UTC;;;;;;;;;;;;;;;;;;
2024/11/14;0200 UTC;;;;;;;;;;;;;;;;;;
2024/11/14;0300 UTC;;;;;;;;;;;;;;;;;;
2024/11/14;0400 UTC;;;;;;;;;;;;;;;;;;
2024/11/14;0500 UTC;;;;;;;;;;;;;;;;;;
2024/11/14;0600 UTC;;;;;;;;;;;;;;;;;;
2024/11/14;0700 UTC;;;;;;;;;;;;;;;;;;
2024/11/14;0800 UTC;;;;;;;;;;;;;;;;;;
2024/11/14;0900 UTC;;;;;;;;;;;;;;;;;;
2024/11/14;1000 UTC;;;;;;;;;;;;;;;;;;
2024/11/14;1100 UTC;;;;;;;;;;;;;;;;;;
2024/11/14;1200 UTC;;;;;;;;;;;;;;;;;;
2024/11/14;1300 UTC;;;;;;;;;;;;;;;;;;
2024/11/14;1400 UTC;;;;;;;;;;;;;;;;;;
2024/11/14;1500 UTC;;;;;;;;;;;;;;;;;;
2024/11/14;1600 UTC;;;;;;;;;;;;;;;;;;
2024/11/14;1700 UTC;;;;;;;;;;;;;;;;;;
2024/11/14;1800 UTC;;;;;;;;;;;;;;;;;;
2024/11/14;1900 UTC;;;;;;;;;;;;;;;;;;
2024/11/14;2000 UTC;;;;;;;;;;;;;;;;;;
2024/11/14;2100 UTC;;;;;;;;;;;;;;;;;;
2024/11/14;2200 UTC;;;;;;;;;;;;;;;;;;
2024/11/14;2300 UTC;;;;;;;;;;;;;;;;;;
2024/11/15;0000 UTC;;;;;;;;;;;;;;;;;;
2024/11/15;0100 UTC;;;;;;;;;;;;;;;;;;
2024/11/15;0200 UTC;;;;;;;;;;;;;;;;;;
2024/11/15;0300 UTC;;;;;;;;;;;;;;;;;;
2024/11/15;0400 UTC;;;;;;;;;;;;;;;;;;
2024/11/15;0500 UTC;;;;;;;;;;;;;;;;;;
2024/11/15;0600 UTC;;;;;;;;;;;;;;;;;;
2024/11/15;0700 UTC;;;;;;;;;;;;;;;;;;
2024/11/15;0800 UTC;;;;;;;;;;;;;;;;;;
2024/11/15;0900 UTC;;;;;;;;;;;;;;;;;;
2024/11/15;1000 UTC;;;;;;;;;;;;;;;;;;
2024/11/15;1100 UTC;;;;;;;;;;;;;;;;;;
2024/11/15;1200 UTC;;;;;;;;;;;;;;;;;;
2024/11/15;1300 UTC;;;;;;;;;;;;;;;;;;
2024/11/15;1400 UTC;;;;;;;;;;;;;;;;;;
2024/11/15;1500 UTC;;;;;;;;;;;;;;;;;;
2024/11/15;1600 UTC;;;;;;;;;;;;;;;;;;
2024/11/15;1700 UTC;;;;;;;;;;;;;;;;;;
2024/11/15;1800 UTC;;;;;;;;;;;;;;;;;;
2024/11/15;1900 UTC;;;;;;;;;;;;;;;;;;
2024/11/15;2000 UTC;;;;;;;;;;;;;;;;;;
2024/11/15;2100 UTC;;;;;;;;;;;;;;;;;;
2024/11/15;2200 UTC;;;;;;;;;;;;;;;;;;
2024/11/15;2300 UTC;;;;;;;;;;;;;;;;;;
2024/11/16;0000 UTC;;;;;;;;;;;;;;;;;;
2024/11/16;0100 UTC;;;;;;;;;;;;;;;;;;
2024/11/16;0200 UTC;;;;;;;;;;;;;;;;;;
2024/11/16;0300 UTC;;;;;;;;;;;;;;;;;;
2024/11/16;0400 UTC;;;;;;;;;;;;;;;;;;
2024/11/16;0500 UTC;;;;;;;;;;;;;;;;;;
2024/11/16;0600 UTC;;;;;;;;;;;;;;;;;;
2024/11/16;0700 UTC;;;;;;;;;;;;;;;;;;
2024/11/16;0800 UTC;;;;;;;;;;;;;;;;;;
2024/11/16;0900 UTC;;;;;;;;;;;;;;;;;;
2024/11/16;1000 UTC;;;;;;;;;;;;;;;;;;
2024/11/16;1100 UTC;;;;;;;;;;;;;;;;;;
2024/11/16;1200 UTC;;;;;;;;;;;;;;;;;;
2024/11/16;1300 UTC;;;;;;;;;;;;;;;;;;
2024/11/16;1400 UTC;;;;;;;;;;;;;;;;;;
2024/11/16;1500 UTC;;;;;;;;;;;;;;;;;;
2024/11/16;1600 UTC;;;;;;;;;;;;;;;;;;
2024/11/16;1700 UTC;;;;;;;;;;;;;;;;;;
2024/11/16;1800 UTC;;;;;;;;;;;;;;;;;;
2024/11/16;1900 UTC;;;;;;;;;;;;;;;;;;
2024/11/16;2000 UTC;;;;;;;;;;;;;;;;;;
2024/11/16;2100 UTC;;;;;;;;;;;;;;;;;;
2024/11/16;2200 UTC;;;;;;;;;;;;;;;;;;
2024/11/16;2300 UTC;;;;;;;;;;;;;;;;;;
2024/11/17;0000 UTC;;;;;;;;;;;;;;;;;;
2024/11/17;0100 UTC;;;;;;;;;;;;;;;;;;
2024/11/17;0200 UTC;;;;;;;;;;;;;;;;;;
2024/11/17;0300 UTC;;;;;;;;;;;;;;;;;;
2024/11/17;0400 UTC;;;;;;;;;;;;;;;;;;
2024/11/17;0500 UTC;;;;;;;;;;;;;;;;;;
2024/11/17;0600 UTC;;;;;;;;;;;;;;;;;;
2024/11/17;0700 UTC;;;;;;;;;;;;;;;;;;
2024/11/17;0800 UTC;;;;;;;;;;;;;;;;;;
2024/11/17;0900 UTC;;;;;;;;;;;;;;;;;;
2024/11/17;1000 UTC;;;;;;;;;;;;;;;;;;
2024/11/17;1100 UTC;;;;;;;;;;;;;;;;;;
2024/11/17;1200 UTC;;;;;;;;;;;;;;;;;;
2024/11/17;1300 UTC;;;;;;;;;;;;;;;;;;
2024/11/17;1400 UTC;;;;;;;;;;;;;;;;;;
2024/11/17;1500 UTC;;;;;;;;;;;;;;;;;;
2024/11/17;1600 UTC;;;;;;;;;;;;;;;;;;
2024/11/17;1700 UTC;;;;;;;;;;;;;;;;;;
2024/11/17;1800 UTC;;;;;;;;;;;;;;;;;;
2024/11/17;1900 UTC;;;;;;;;;;;;;;;;;;
2024/11/17;2000 UTC;;;;;;;;;;;;;;;;;;
2024/11/17;2100 UTC;;;;;;;;;;;;;;;;;;
2024/11/17;2200 UTC;;;;;;;;;;;;;;;;;;
2024/11/17;2300 UTC;;;;;;;;;;;;;;;;;;
2024/11/18;0000 UTC;;;;;;;;;;;;;;;;;;
2024/11/18;0100 UTC;;;;;;;;;;;;;;;;;;
2024/11/18;0200 UTC;;;;;;;;;;;;;;;;;;
2024/11/18;0300 UTC;;;;;;;;;;;;;;;;;;
2024/11/18;0400 UTC;;;;;;;;;;;;;;;;;;
2024/11/18;0500 UTC;;;;;;;;;;;;;;;;;;
2024/11/18;0600 UTC;;;;;;;;;;;;;;;;;;
2024/11/18;0700 UTC;;;;;;;;;;;;;;;;;;
2024/11/18;0800 UTC;;;;;;;;;;;;;;;;;;
2024/11/18;0900 UTC;;;;;;;;;;;;;;;;;;
2024/11/18;1000 UTC;;;;;;;;;;;;;;;;;;
2024/11/18;1100 UTC;;;;;;;;;;;;;;;;;;
2024/11/18;1200 UTC;;;;;;;;;;;;;;;;;;
2024/11/18;1300 UTC;;;;;;;;;;;;;;;;;;
2024/11/18;1400 UTC;;;;;;;;;;;;;;;;;;
2024/11/18;1500 UTC;;;;;;;;;;;;;;;;;;
2024/11/18;1600 UTC;;;;;;;;;;;;;;;;;;
2024/11/18;1700 UTC;;;;;;;;;;;;;;;;;;
2024/11/18;1800 UTC;;;;;;;;;;;;;;;;;;
2024/11/18;1900 UTC;;;;;;;;;;;;;;;;;;
2024/11/18;2000 UTC;;;;;;;;;;;;;;;;;;
2024/11/18;2100 UTC;;;;;;;;;;;;;;;;;;
2024/11/18;2200 UTC;;;;;;;;;;;;;;;;;;
2024/11/18;2300 UTC;;;;;;;;;;;;;;;;;;
2024/11/19;0000 UTC;;;;;;;;;;;;;;;;;;
2024/11/19;0100 UTC;;;;;;;;;;;;;;;;;;
2024/11/19;0200 UTC;;;;;;;;;;;;;;;;;;
2024/11/19;0300 UTC;;;;;;;;;;;;;;;;;;
2024/11/19;0400 UTC;;;;;;;;;;;;;;;;;;
2024/11/19;0500 UTC;;;;;;;;;;;;;;;;;;
2024/11/19;0600 UTC;;;;;;;;;;;;;;;;;;
2024/11/19;0700 UTC;;;;;;;;;;;;;;;;;;
2024/11/19;0800 UTC;;;;;;;;;;;;;;;;;;
2024/11/19;0900 UTC;;;;;;;;;;;;;;;;;;
2024/11/19;1000 UTC;;;;;;;;;;;;;;;;;;
2024/11/19;1100 UTC;;;;;;;;;;;;;;;;;;
2024/11/19;1200 UTC;;;;;;;;;;;;;;;;;;
2024/11/19;1300 UTC;;;;;;;;;;;;;;;;;;
2024/11/19;1400 UTC;;;;;;;;;;;;;;;;;;
2024/11/19;1500 UTC;;;;;;;;;;;;;;;;;;
2024/11/19;1600 UTC;;;;;;;;;;;;;;;;;;
2024/11/19;1700 UTC;;;;;;;;;;;;;;;;;;
2024/11/19;1800 UTC;;;;;;;;;;;;;;;;;;
2024/11/19;1900 UTC;;;;;;;;;;;;;;;;;;
2024/11/19;2000 UTC;;;;;;;;;;;;;;;;;;
2024/11/19;2100 UTC;;;;;;;;;;;;;;;;;;
2024/11/19;2200 UTC;;;;;;;;;;;;;;;;;;
2024/11/19;2300 UTC;;;;;;;;;;;;;;;;;;
2024/11/20;0000 UTC;;;;;;;;;;;;;;;;;;
2024/11/20;0100 UTC;;;;;;;;;;;;;;;;;;
2024/11/20;0200 UTC;;;;;;;;;;;;;;;;;;
2024/11/20;0300 UTC;;;;;;;;;;;;;;;;;;
2024/11/20;0400 UTC;;;;;;;;;;;;;;;;;;
2024/11/20;0500 UTC;;;;;;;;;;;;;;;;;;
2024/11/20;0600 UTC;;;;;;;;;;;;;;;;;;
2024/11/20;0700 UTC;;;;;;;;;;;;;;;;;;
2024/11/20;0800 UTC;;;;;;;;;;;;;;;;;;
2024/11/20;0900 UTC;;;;;;;;;;;;;;;;;;
2024/11/20;1000 UTC;;;;;;;;;;;;;;;;;;
2024/11/20;1100 UTC;;;;;;;;;;;;;;;;;;
2024/11/20;1200 UTC;;;;;;;;;;;;;;;;;;
2024/11/20;1300 UTC;;;;;;;;;;;;;;;;;;
2024/11/20;1400 UTC;;;;;;;;;;;;;;;;;;
2024/11/20;1500 UTC;;;;;;;;;;;;;;;;;;
2024/11/20;1600 UTC;;;;;;;;;;;;;;;;;;
2024/11/20;1700 UTC;;;;;;;;;;;;;;;;;;
2024/11/20;1800 UTC;;;;;;;;;;;;;;;;;;
2024/11/20;1900 UTC;;;;;;;;;;;;;;;;;;
2024/11/20;2000 UTC;;;;;;;;;;;;;;;;;;
2024/11/20;2100 UTC;;;;;;;;;;;;;;;;;;
2024/11/20;2200 UTC;;;;;;;;;;;;;;;;;;
2024/11/20;2300 UTC;;;;;;;;;;;;;;;;;;
2024/11/21;0000 UTC;;;;;;;;;;;;;;;;;;
2024/11/21;0100 UTC;;;;;;;;;;;;;;;;;;
2024/11/21;0200 UTC;;;;;;;;;;;;;;;;;;
2024/11/21;0300 UTC;;;;;;;;;;;;;;;;;;
2024/11/21;0400 UTC;;;;;;;;;;;;;;;;;;
2024/11/21;0500 UTC;;;;;;;;;;;;;;;;;;
2024/11/21;0600 UTC;;;;;;;;;;;;;;;;;;
2024/11/21;0700 UTC;;;;;;;;;;;;;;;;;;
2024/11/21;0800 UTC;;;;;;;;;;;;;;;;;;
2024/11/21;0900 UTC;;;;;;;;;;;;;;;;;;
2024/11/21;1000 UTC;;;;;;;;;;;;;;;;;;
2024/11/21;1100 UTC;;;;;;;;;;;;;;;;;;
2024/11/21;1200 UTC;;;;;;;;;;;;;;;;;;
2024/11/21;1300 UTC;;;;;;;;;;;;;;;;;;
2024/11/21;1400 UTC;;;;;;;;;;;;;;;;;;
2024/11/21;1500 UTC;;;;;;;;;;;;;;;;;;
2024/11/21;1600 UTC;;;;;;;;;;;;;;;;;;
2024/11/21;1700 UTC;;;;;;;;;;;;;;;;;;
2024/11/21;1800 UTC;;;;;;;;;;;;;;;;;;
2024/11/21;1900 UTC;;;;;;;;;;;;;;;;;;
2024/11/21;2000 UTC;;;;;;;;;;;;;;;;;;
2024/11/21;2100 UTC;;;;;;;;;;;;;;;;;;
2024/11/21;2200 UTC;;;;;;;;;;;;;;;;;;
2024/11/21;2300 UTC;;;;;;;;;;;;;;;;;;
2024/11/22;0000 UTC;;;;;;;;;;;;;;;;;;
2024/11/22;0100 UTC;;;;;;;;;;;;;;;;;;
2024/11/22;0200 UTC;;;;;;;;;;;;;;;;;;
2024/11/22;0300 UTC;;;;;;;;;;;;;;;;;;
2024/11/22;0400 UTC;;;;;;;;;;;;;;;;;;
2024/11/22;0500 UTC;;;;;;;;;;;;;;;;;;
2024/11/22;0600 UTC;;;;;;;;;;;;;;;;;;
2024/11/22;0700 UTC;;;;;;;;;;;;;;;;;;
2024/11/22;0800 UTC;;;;;;;;;;;;;;;;;;
2024/11/22;0900 UTC;;;;;;;;;;;;;;;;;;
2024/11/22;1000 UTC;;;;;;;;;;;;;;;;;;
2024/11/22;1100 UTC;;;;;;;;;;;;;;;;;;
2024/11/22;1200 UTC;;;;;;;;;;;;;;;;;;
2024/11/22;1300 UTC;;;;;;;;;;;;;;;;;;
2024/11/22;1400 UTC;;;;;;;;;;;;;;;;;;
2024/11/22;1500 UTC;;;;;;;;;;;;;;;;;;
2024/11/22;1600 UTC;;;;;;;;;;;;;;;;;;
2024/11/22;1700 UTC;;;;;;;;;;;;;;;;;;
2024/11/22;1800 UTC;;;;;;;;;;;;;;;;;;
2024/11/22;1900 UTC;;;;;;;;;;;;;;;;;;
2024/11/22;2000 UTC;;;;;;;;;;;;;;;;;;
2024/11/22;2100 UTC;;;;;;;;;;;;;;;;;;
2024/11/22;2200 UTC;;;;;;;;;;;;;;;;;;
2024/11/22;2300 UTC;;;;;;;;;;;;;;;;;;
2024/11/23;0000 UTC;;;;;;;;;;;;;;;;;;
2024/11/23;0100 UTC;;;;;;;;;;;;;;;;;;
2024/11/23;0200 UTC;;;;;;;;;;;;;;;;;;
2024/11/23;0300 UTC;;;;;;;;;;;;;;;;;;
2024/11/23;0400 UTC;;;;;;;;;;;;;;;;;;
2024/11/23;0500 UTC;;;;;;;;;;;;;;;;;;
2024/11/23;0600 UTC;;;;;;;;;;;;;;;;;;
2024/11/23;0700 UTC;;;;;;;;;;;;;;;;;;
2024/11/23;0800 UTC;;;;;;;;;;;;;;;;;;
2024/11/23;0900 UTC;;;;;;;;;;;;;;;;;;
2024/11/23;1000 UTC;;;;;;;;;;;;;;;;;;
2024/11/23;1100 UTC;;;;;;;;;;;;;;;;;;
2024/11/23;1200 UTC;;;;;;;;;;;;;;;;;;
2024/11/23;1300 UTC;;;;;;;;;;;;;;;;;;
2024/11/23;1400 UTC;;;;;;;;;;;;;;;;;;
2024/11/23;1500 UTC;;;;;;;;;;;;;;;;;;
2024/11/23;1600 UTC;;;;;;;;;;;;;;;;;;
2024/11/23;1700 UTC;;;;;;;;;;;;;;;;;;
2024/11/23;1800 UTC;;;;;;;;;;;;;;;;;;
2024/11/23;1900 UTC;;;;;;;;;;;;;;;;;;
2024/11/23;2000 UTC;;;;;;;;;;;;;;;;;;
2024/11/23;2100 UTC;;;;;;;;;;;;;;;;;;
2024/11/23;2200 UTC;;;;;;;;;;;;;;;;;;
2024/11/23;2300 UTC;;;;;;;;;;;;;;;;;;
2024/11/24;0000 UTC;;;;;;;;;;;;;;;;;;
2024/11/24;0100 UTC;;;;;;;;;;;;;;;;;;
2024/11/24;0200 UTC;;;;;;;;;;;;;;;;;;
2024/11/24;0300 UTC;;;;;;;;;;;;;;;;;;
2024/11/24;0400 UTC;;;;;;;;;;;;;;;;;;
2024/11/24;0500 UTC;;;;;;;;;;;;;;;;;;
2024/11/24;0600 UTC;;;;;;;;;;;;;;;;;;
2024/11/24;0700 UTC;;;;;;;;;;;;;;;;;;
2024/11/24;0800 UTC;;;;;;;;;;;;;;;;;;
2024/11/24;0900 UTC;;;;;;;;;;;;;;;;;;
2024/11/24;1000 UTC;;;;;;;;;;;;;;;;;;
2024/11/24;1100 UTC;;;;;;;;;;;;;;;;;;
2024/11/24;1200 UTC;;;;;;;;;;;;;;;;;;
2024/11/24;1300 UTC;;;;;;;;;;;;;;;;;;
2024/11/24;1400 UTC;;;;;;;;;;;;;;;;;;
2024/11/24;1500 UTC;;;;;;;;;;;;;;;;;;
2024/11/24;1600 UTC;;;;;;;;;;;;;;;;;;
2024/11/24;1700 UTC;;;;;;;;;;;;;;;;;;
2024/11/24;1800 UTC;;;;;;;;;;;;;;;;;;
2024/11/24;1900 UTC;;;;;;;;;;;;;;;;;;
2024/11/24;2000 UTC;;;;;;;;;;;;;;;;;;
2024/11/24;2100 UTC;;;;;;;;;;;;;;;;;;
2024/11/24;2200 UTC;;;;;;;;;;;;;;;;;;
2024/11/24;2300 UTC;;;;;;;;;;;;;;;;;;
2024/11/25;0000 UTC;;;;;;;;;;;;;;;;;;
2024/11/25;0100 UTC;;;;;;;;;;;;;;;;;;
2024/11/25;0200 UTC;;;;;;;;;;;;;;;;;;
2024/11/25;0300 UTC;;;;;;;;;;;;;;;;;;
2024/11/25;0400 UTC;;;;;;;;;;;;;;;;;;
2024/11/25;0500 UTC;;;;;;;;;;;;;;;;;;
2024/11/25;0600 UTC;;;;;;;;;;;;;;;;;;
2024/11/25;0700 UTC;;;;;;;;;;;;;;;;;;
2024/11/25;0800 UTC;;;;;;;;;;;;;;;;;;
2024/11/25;0900 UTC;;;;;;;;;;;;;;;;;;
2024/11/25;1000 UTC;;;;;;;;;;;;;;;;;;
2024/11/25;1100 UTC;;;;;;;;;;;;;;;;;;
2024/11/25;1200 UTC;;;;;;;;;;;;;;;;;;
2024/11/25;1300 UTC;;;;;;;;;;;;;;;;;;
2024/11/25;1400 UTC;;;;;;;;;;;;;;;;;;
2024/11/25;1500 UTC;;;;;;;;;;;;;;;;;;
2024/11/25;1600 UTC;;;;;;;;;;;;;;;;;;
2024/11/25;1700 UTC;;;;;;;;;;;;;;;;;;
2024/11/25;1800 UTC;;;;;;;;;;;;;;;;;;
2024/11/25;1900 UTC;;;;;;;;;;;;;;;;;;
2024/11/25;2000 UTC;;;;;;;;;;;;;;;;;;
2024/11/25;2100 UTC;;;;;;;;;;;;;;;;;;
2024/11/25;2200 UTC;;;;;;;;;;;;;;;;;;
2024/11/25;2300 UTC;;;;;;;;;;;;;;;;;;
2024/11/26;0000 UTC;;;;;;;;;;;;;;;;;;
2024/11/26;0100 UTC;;;;;;;;;;;;;;;;;;
2024/11/26;0200 UTC;;;;;;;;;;;;;;;;;;
2024/11/26;0300 UTC;;;;;;;;;;;;;;;;;;
2024/11/26;0400 UTC;;;;;;;;;;;;;;;;;;
2024/11/26;0500 UTC;;;;;;;;;;;;;;;;;;
2024/11/26;0600 UTC;;;;;;;;;;;;;;;;;;
2024/11/26;0700 UTC;;;;;;;;;;;;;;;;;;
2024/11/26;0800 UTC;;;;;;;;;;;;;;;;;;
2024/11/26;0900 UTC;;;;;;;;;;;;;;;;;;
2024/11/26;1000 UTC;;;;;;;;;;;;;;;;;;
2024/11/26;1100 UTC;;;;;;;;;;;;;;;;;;
2024/11/26;1200 UTC;;;;;;;;;;;;;;;;;;
2024/11/26;1300 UTC;;;;;;;;;;;;;;;;;;
2024/11/26;1400 UTC;;;;;;;;;;;;;;;;;;
2024/11/26;1500 UTC;;;;;;;;;;;;;;;;;;
2024/11/26;1600 UTC;;;;;;;;;;;;;;;;;;
2024/11/26;1700 UTC;;;;;;;;;;;;;;;;;;
2024/11/26;1800 UTC;;;;;;;;;;;;;;;;;;
2024/11/26;1900 UTC;;;;;;;;;;;;;;;;;;
2024/11/26;2000 UTC;;;;;;;;;;;;;;;;;;
2024/11/26;2100 UTC;;;;;;;;;;;;;;;;;;
2024/11/26;2200 UTC;;;;;;;;;;;;;;;;;;
2024/11/26;2300 UTC;;;;;;;;;;;;;;;;;;
2024/11/27;0000 UTC;;;;;;;;;;;;;;;;;;
2024/11/27;0100 UTC;;;;;;;;;;;;;;;;;;
2024/11/27;0200 UTC;;;;;;;;;;;;;;;;;;
2024/11/27;0300 UTC;;;;;;;;;;;;;;;;;;
2024/11/27;0400 UTC;;;;;;;;;;;;;;;;;;
2024/11/27;0500 UTC;;;;;;;;;;;;;;;;;;
2024/11/27;0600 UTC;;;;;;;;;;;;;;;;;;
2024/11/27;0700 UTC;;;;;;;;;;;;;;;;;;
2024/11/27;0800 UTC;;;;;;;;;;;;;;;;;;
2024/11/27;0900 UTC;;;;;;;;;;;;;;;;;;
2024/11/27;1000 UTC;;;;;;;;;;;;;;;;;;
2024/11/27;1100 UTC;;;;;;;;;;;;;;;;;;
2024/11/27;1200 UTC;;;;;;;;;;;;;;;;;;
2024/11/27;1300 UTC;;;;;;;;;;;;;;;;;;
2024/11/27;1400 UTC;;;;;;;;;;;;;;;;;;
2024/11/27;1500 UTC;;;;;;;;;;;;;;;;;;
2024/11/27;1600 UTC;;;;;;;;;;;;;;;;;;
2024/11/27;1700 UTC;;;;;;;;;;;;;;;;;;
2024/11/27;1800 UTC;;;;;;;;;;;;;;;;;;
2024/11/27;1900 UTC;;;;;;;;;;;;;;;;;;
2024/11/27;2000 UTC;;;;;;;;;;;;;;;;;;
2024/11/27;2100 UTC;;;;;;;;;;;;;;;;;;
2024/11/27;2200 UTC;;;;;;;;;;;;;;;;;;
2024/11/27;2300 UTC;;;;;;;;;;;;;;;;;;
2024/11/28;0000 UTC;;;;;;;;;;;;;;;;;;
2024/11/28;0100 UTC;;;;;;;;;;;;;;;;;;
2024/11/28;0200 UTC;;;;;;;;;;;;;;;;;;
2024/11/28;0300 UTC;;;;;;;;;;;;;;;;;;
2024/11/28;0400 UTC;;;;;;;;;;;;;;;;;;
2024/11/28;0500 UTC;;;;;;;;;;;;;;;;;;
2024/11/28;0600 UTC;;;;;;;;;;;;;;;;;;
2024/11/28;0700 UTC;;;;;;;;;;;;;;;;;;
2024/11/28;0800 UTC;;;;;;;;;;;;;;;;;;
2024/11/28;0900 UTC;;;;;;;;;;;;;;;;;;
2024/11/28;1000 UTC;;;;;;;;;;;;;;;;;;
2024/11/28;1100 UTC;;;;;;;;;;;;;;;;;;
2024/11/28;1200 UTC;;;;;;;;;;;;;;;;;;
2024/11/28;1300 UTC;;;;;;;;;;;;;;;;;;
2024/11/28;1400 UTC;;;;;;;;;;;;;;;;;;
2024/11/28;1500 UTC;;;;;;;;;;;;;;;;;;
2024/11/28;1600 UTC;;;;;;;;;;;;;;;;;;
2024/11/28;1700 UTC;;;;;;;;;;;;;;;;;;
2024/11/28;1800 UTC;;;;;;;;;;;;;;;;;;
2024/11/28;1900 UTC;;;;;;;;;;;;;;;;;;
2024/11/28;2000 UTC;;;;;;;;;;;;;;;;;;
2024/11/28;2100 UTC;;;;;;;;;;;;;;;;;;
2024/11/28;2200 UTC;;;;;;;;;;;;;;;;;;
2024/11/28;2300 UTC;;;;;;;;;;;;;;;;;;
2024/11/29;0000 UTC;;;;;;;;;;;;;;;;;;
2024/11/29;0100 UTC;;;;;;;;;;;;;;;;;;
2024/11/29;0200 UTC;;;;;;;;;;;;;;;;;;
2024/11/29;0300 UTC;;;;;;;;;;;;;;;;;;
2024/11/29;0400 UTC;;;;;;;;;;;;;;;;;;
2024/11/29;0500 UTC;;;;;;;;;;;;;;;;;;
2024/11/29;0600 UTC;;;;;;;;;;;;;;;;;;
2024/11/29;0700 UTC;;;;;;;;;;;;;;;;;;
2024/11/29;0800 UTC;;;;;;;;;;;;;;;;;;
2024/11/29;0900 UTC;;;;;;;;;;;;;;;;;;
2024/11/29;1000 UTC;;;;;;;;;;;;;;;;;;
2024/11/29;1100 UTC;;;;;;;;;;;;;;;;;;
2024/11/29;1200 UTC;;;;;;;;;;;;;;;;;;
2024/11/29;1300 UTC;;;;;;;;;;;;;;;;;;
2024/11/29;1400 UTC;;;;;;;;;;;;;;;;;;
2024/11/29;1500 UTC;;;;;;;;;;;;;;;;;;
2024/11/29;1600 UTC;;;;;;;;;;;;;;;;;;
2024/11/29;1700 UTC;;;;;;;;;;;;;;;;;;
2024/11/29;1800 UTC;;;;;;;;;;;;;;;;;;
2024/11/29;1900 UTC;;;;;;;;;;;;;;;;;;
2024/11/29;2000 UTC;;;;;;;;;;;;;;;;;;
2024/11/29;2100 UTC;;;;;;;;;;;;;;;;;;
2024/11/29;2200 UTC;;;;;;;;;;;;;;;;;;
2024/11/29;2300 UTC;;;;;;;;;;;;;;;;;;
2024/11/30;0000 UTC;;;;;;;;;;;;;;;;;;
2024/11/30;0100 UTC;;;;;;;;;;;;;;;;;;
2024/11/30;0200 UTC;;;;;;;;;;;;;;;;;;
2024/11/30;0300 UTC;;;;;;;;;;;;;;;;;;
2024/11/30;0400 UTC;;;;;;;;;;;;;;;;;;
2024/11/30;0500 UTC;;;;;;;;;;;;;;;;;;
2024/11/30;0600 UTC;;;;;;;;;;;;;;;;;;
2024/11/30;0700 UTC;;;;;;;;;;;;;;;;;;
2024/11/30;0800 UTC;;;;;;;;;;;;;;;;;;
2024/11/30;0900 UTC;;;;;;;;;;;;;;;;;;
2024/11/30;1000 UTC;;;;;;;;;;;;;;;;;;
2024/11/30;1100 UTC;;;;;;;;;;;;;;;;;;
2024/11/30;1200 UTC;;;;;;;;;;;;;;;;;;
2024/11/30;1300 UTC;;;;;;;;;;;;;;;;;;
2024/11/30;1400 UTC;;;;;;;;;;;;;;;;;;
2024/11/30;1500 UTC;;;;;;;;;;;;;;;;;;
2024/11/30;1600 UTC;;;;;;;;;;;;;;;;;;
2024/11/30;1700 UTC;;;;;;;;;;;;;;;;;;
2024/11/30;1800 UTC;;;;;;;;;;;;;;;;;;
2024/11/30;1900 UTC;;;;;;;;;;;;;;;;;;
2024/11/30;2000 UTC;;;;;;;;;;;;;;;;;;
2024/11/30;2100 UTC;;;;;;;;;;;;;;;;;;
2024/11/30;2200 UTC;;;;;;;;;;;;;;;;;;
2024/11/30;2300 UTC;;;;;;;;;;;;;;;;;;
2024/12/01;0000 UTC;;;;;;;;;;;;;;;;;;
2024/12/01;0100 UTC;;;;;;;;;;;;;;;;;;
2024/12/01;0200 UTC;;;;;;;;;;;;;;;;;;
2024/12/01;0300 UTC;;;;;;;;;;;;;;;;;;
2024/12/01;0400 UTC;;;;;;;;;;;;;;;;;;
2024/12/01;0500 UTC;;;;;;;;;;;;;;;;;;
2024/12/01;0600 UTC;;;;;;;;;;;;;;;;;;
2024/12/01;0700 UTC;;;;;;;;;;;;;;;;;;
2024/12/01;0800 UTC;;;;;;;;;;;;;;;;;;
2024/12/01;0900 UTC;;;;;;;;;;;;;;;;;;
2024/12/01;1000 UTC;;;;;;;;;;;;;;;;;;
2024/12/01;1100 UTC;;;;;;;;;;;;;;;;;;
2024/12/01;1200 UTC;;;;;;;;;;;;;;;;;;
2024/12/01;1300 UTC;;;;;;;;;;;;;;;;;;
2024/12/01;1400 UTC;;;;;;;;;;;;;;;;;;
2024/12/01;1500 UTC;;;;;;;;;;;;;;;;;;
2024/12/01;1600 UTC;;;;;;;;;;;;;;;;;;
2024/12/01;1700 UTC;;;;;;;;;;;;;;;;;;
2024/12/01;1800 UTC;;;;;;;;;;;;;;;;;;
2024/12/01;1900 UTC;;;;;;;;;;;;;;;;;;
2024/12/01;2000 UTC;;;;;;;;;;;;;;;;;;
2024/12/01;2100 UTC;;;;;;;;;;;;;;;;;;
2024/12/01;2200 UTC;;;;;;;;;;;;;;;;;;
2024/12/01;2300 UTC;;;;;;;;;;;;;;;;;;
2024/12/02;0000 UTC;;;;;;;;;;;;;;;;;;
2024/12/02;0100 UTC;;;;;;;;;;;;;;;;;;
2024/12/02;0200 UTC;;;;;;;;;;;;;;;;;;
2024/12/02;0300 UTC;;;;;;;;;;;;;;;;;;
2024/12/02;0400 UTC;;;;;;;;;;;;;;;;;;
2024/12/02;0500 UTC;;;;;;;;;;;;;;;;;;
2024/12/02;0600 UTC;;;;;;;;;;;;;;;;;;
2024/12/02;0700 UTC;;;;;;;;;;;;;;;;;;
2024/12/02;0800 UTC;;;;;;;;;;;;;;;;;;
2024/12/02;0900 UTC;;;;;;;;;;;;;;;;;;
2024/12/02;1000 UTC;;;;;;;;;;;;;;;;;;
2024/12/02;1100 UTC;;;;;;;;;;;;;;;;;;
2024/12/02;1200 UTC;;;;;;;;;;;;;;;;;;
2024/12/02;1300 UTC;;;;;;;;;;;;;;;;;;
2024/12/02;1400 UTC;;;;;;;;;;;;;;;;;;
2024/12/02;1500 UTC;;;;;;;;;;;;;;;;;;
2024/12/02;1600 UTC;;;;;;;;;;;;;;;;;;
2024/12/02;1700 UTC;;;;;;;;;;;;;;;;;;
2024/12/02;1800 UTC;;;;;;;;;;;;;;;;;;
2024/12/02;1900 UTC;;;;;;;;;;;;;;;;;;
2024/12/02;2000 UTC;;;;;;;;;;;;;;;;;;
2024/12/02;2100 UTC;;;;;;;;;;;;;;;;;;
2024/12/02;2200 UTC;;;;;;;;;;;;;;;;;;
2024/12/02;2300 UTC;;;;;;;;;;;;;;;;;;
2024/12/03;0000 UTC;;;;;;;;;;;;;;;;;;
2024/12/03;0100 UTC;;;;;;;;;;;;;;;;;;
2024/12/03;0200 UTC;;;;;;;;;;;;;;;;;;
2024/12/03;0300 UTC;;;;;;;;;;;;;;;;;;
2024/12/03;0400 UTC;;;;;;;;;;;;;;;;;;
2024/12/03;0500 UTC;;;;;;;;;;;;;;;;;;
2024/12/03;0600 UTC;;;;;;;;;;;;;;;;;;
2024/12/03;0700 UTC;;;;;;;;;;;;;;;;;;
2024/12/03;0800 UTC;;;;;;;;;;;;;;;;;;
2024/12/03;0900 UTC;;;;;;;;;;;;;;;;;;
2024/12/03;1000 UTC;;;;;;;;;;;;;;;;;;
2024/12/03;1100 UTC;;;;;;;;;;;;;;;;;;
2024/12/03;1200 UTC;;;;;;;;;;;;;;;;;;
2024/12/03;1300 UTC;;;;;;;;;;;;;;;;;;
2024/12/03;1400 UTC;;;;;;;;;;;;;;;;;;
2024/12/03;1500 UTC;;;;;;;;;;;;;;;;;;
2024/12/03;1600 UTC;;;;;;;;;;;;;;;;;;
2024/12/03;1700 UTC;;;;;;;;;;;;;;;;;;
2024/12/03;1800 UTC;;;;;;;;;;;;;;;;;;
2024/12/03;1900 UTC;;;;;;;;;;;;;;;;;;
2024/12/03;2000 UTC;;;;;;;;;;;;;;;;;;
2024/12/03;2100 UTC;;;;;;;;;;;;;;;;;;
2024/12/03;2200 UTC;;;;;;;;;;;;;;;;;;
2024/12/03;2300 UTC;;;;;;;;;;;;;;;;;;
2024/12/04;0000 UTC;;;;;;;;;;;;;;;;;;
2024/12/04;0100 UTC;;;;;;;;;;;;;;;;;;
2024/12/04;0200 UTC;;;;;;;;;;;;;;;;;;
2024/12/04;0300 UTC;;;;;;;;;;;;;;;;;;
2024/12/04;0400 UTC;;;;;;;;;;;;;;;;;;
2024/12/04;0500 UTC;;;;;;;;;;;;;;;;;;
2024/12/04;0600 UTC;;;;;;;;;;;;;;;;;;
2024/12/04;0700 UTC;;;;;;;;;;;;;;;;;;
2024/12/04;0800 UTC;;;;;;;;;;;;;;;;;;
2024/12/04;0900 UTC;;;;;;;;;;;;;;;;;;
2024/12/04;1000 UTC;;;;;;;;;;;;;;;;;;
2024/12/04;1100 UTC;;;;;;;;;;;;;;;;;;
2024/12/04;1200 UTC;;;;;;;;;;;;;;;;;;
2024/12/04;1300 UTC;;;;;;;;;;;;;;;;;;
2024/12/04;1400 UTC;;;;;;;;;;;;;;;;;;
2024/12/04;1500 UTC;;;;;;;;;;;;;;;;;;
2024/12/04;1600 UTC;;;;;;;;;;;;;;;;;;
2024/12/04;1700 UTC;;;;;;;;;;;;;;;;;;
2024/12/04;1800 UTC;;;;;;;;;;;;;;;;;;
2024/12/04;1900 UTC;;;;;;;;;;;;;;;;;;
2024/12/04;2000 UTC;;;;;;;;;;;;;;;;;;
2024/12/04;2100 UTC;;;;;;;;;;;;;;;;;;
2024/12/04;2200 UTC;;;;;;;;;;;;;;;;;;
2024/12/04;2300 UTC;;;;;;;;;;;;;;;;;;
2024/12/05;0000 UTC;;;;;;;;;;;;;;;;;;
2024/12/05;0100 UTC;;;;;;;;;;;;;;;;;;
2024/12/05;0200 UTC;;;;;;;;;;;;;;;;;;
2024/12/05;0300 UTC;;;;;;;;;;;;;;;;;;
2024/12/05;0400 UTC;;;;;;;;;;;;;;;;;;
2024/12/05;0500 UTC;;;;;;;;;;;;;;;;;;
2024/12/05;0600 UTC;;;;;;;;;;;;;;;;;;
2024/12/05;0700 UTC;;;;;;;;;;;;;;;;;;
2024/12/05;0800 UTC;;;;;;;;;;;;;;;;;;
2024/12/05;0900 UTC;;;;;;;;;;;;;;;;;;
2024/12/05;1000 UTC;;;;;;;;;;;;;;;;;;
2024/12/05;1100 UTC;;;;;;;;;;;;;;;;;;
2024/12/05;1200 UTC;;;;;;;;;;;;;;;;;;
2024/12/05;1300 UTC;;;;;;;;;;;;;;;;;;
2024/12/05;1400 UTC;;;;;;;;;;;;;;;;;;
2024/12/05;1500 UTC;;;;;;;;;;;;;;;;;;
2024/12/05;1600 UTC;;;;;;;;;;;;;;;;;;
2024/12/05;1700 UTC;;;;;;;;;;;;;;;;;;
2024/12/05;1800 UTC;;;;;;;;;;;;;;;;;;
2024/12/05;1900 UTC;;;;;;;;;;;;;;;;;;
2024/12/05;2000 UTC;;;;;;;;;;;;;;;;;;
2024/12/05;2100 UTC;;;;;;;;;;;;;;;;;;
2024/12/05;2200 UTC;;;;;;;;;;;;;;;;;;
2024/12/05;2300 UTC;;;;;;;;;;;;;;;;;;
2024/12/06;0000 UTC;;;;;;;;;;;;;;;;;;
2024/12/06;0100 UTC;;;;;;;;;;;;;;;;;;
2024/12/06;0200 UTC;;;;;;;;;;;;;;;;;;
2024/12/06;0300 UTC;;;;;;;;;;;;;;;;;;
2024/12/06;0400 UTC;;;;;;;;;;;;;;;;;;
2024/12/06;0500 UTC;;;;;;;;;;;;;;;;;;
2024/12/06;0600 UTC;;;;;;;;;;;;;;;;;;
2024/12/06;0700 UTC;;;;;;;;;;;;;;;;;;
2024/12/06;0800 UTC;;;;;;;;;;;;;;;;;;
2024/12/06;0900 UTC;;;;;;;;;;;;;;;;;;
2024/12/06;1000 UTC;;;;;;;;;;;;;;;;;;
2024/12/06;1100 UTC;;;;;;;;;;;;;;;;;;
2024/12/06;1200 UTC;;;;;;;;;;;;;;;;;;
2024/12/06;1300 UTC;;;;;;;;;;;;;;;;;;
2024/12/06;1400 UTC;;;;;;;;;;;;;;;;;;
2024/12/06;1500 UTC;;;;;;;;;;;;;;;;;;
2024/12/06;1600 UTC;;;;;;;;;;;;;;;;;;
2024/12/06;1700 UTC;;;;;;;;;;;;;;;;;;
2024/12/06;1800 UTC;;;;;;;;;;;;;;;;;;
2024/12/06;1900 UTC;;;;;;;;;;;;;;;;;;
2024/12/06;2000 UTC;;;;;;;;;;;;;;;;;;
2024/12/06;2100 UTC;;;;;;;;;;;;;;;;;;
2024/12/06;2200 UTC;;;;;;;;;;;;;;;;;;
2024/12/06;2300 UTC;;;;;;;;;;;;;;;;;;
2024/12/07;0000 UTC;;;;;;;;;;;;;;;;;;
2024/12/07;0100 UTC;;;;;;;;;;;;;;;;;;
2024/12/07;0200 UTC;;;;;;;;;;;;;;;;;;
2024/12/07;0300 UTC;;;;;;;;;;;;;;;;;;
2024/12/07;0400 UTC;;;;;;;;;;;;;;;;;;
2024/12/07;0500 UTC;;;;;;;;;;;;;;;;;;
2024/12/07;0600 UTC;;;;;;;;;;;;;;;;;;
2024/12/07;0700 UTC;;;;;;;;;;;;;;;;;;
2024/12/07;0800 UTC;;;;;;;;;;;;;;;;;;
2024/12/07;0900 UTC;;;;;;;;;;;;;;;;;;
2024/12/07;1000 UTC;;;;;;;;;;;;;;;;;;
2024/12/07;1100 UTC;;;;;;;;;;;;;;;;;;
2024/12/07;1200 UTC;;;;;;;;;;;;;;;;;;
2024/12/07;1300 UTC;;;;;;;;;;;;;;;;;;
2024/12/07;1400 UTC;;;;;;;;;;;;;;;;;;
2024/12/07;1500 UTC;;;;;;;;;;;;;;;;;;
2024/12/07;1600 UTC;;;;;;;;;;;;;;;;;;
2024/12/07;1700 UTC;;;;;;;;;;;;;;;;;;
2024/12/07;1800 UTC;;;;;;;;;;;;;;;;;;
2024/12/07;1900 UTC;;;;;;;;;;;;;;;;;;
2024/12/07;2000 UTC;;;;;;;;;;;;;;;;;;
2024/12/07;2100 UTC;;;;;;;;;;;;;;;;;;
2024/12/07;2200 UTC;;;;;;;;;;;;;;;;;;
2024/12/07;2300 UTC;;;;;;;;;;;;;;;;;;
2024/12/08;0000 UTC;;;;;;;;;;;;;;;;;;
2024/12/08;0100 UTC;;;;;;;;;;;;;;;;;;
2024/12/08;0200 UTC;;;;;;;;;;;;;;;;;;
2024/12/08;0300 UTC;;;;;;;;;;;;;;;;;;
2024/12/08;0400 UTC;;;;;;;;;;;;;;;;;;
2024/12/08;0500 UTC;;;;;;;;;;;;;;;;;;
2024/12/08;0600 UTC;;;;;;;;;;;;;;;;;;
2024/12/08;0700 UTC;;;;;;;;;;;;;;;;;;
2024/12/08;0800 UTC;;;;;;;;;;;;;;;;;;
2024/12/08;0900 UTC;;;;;;;;;;;;;;;;;;
2024/12/08;1000 UTC;;;;;;;;;;;;;;;;;;
2024/12/08;1100 UTC;;;;;;;;;;;;;;;;;;
2024/12/08;1200 UTC;;;;;;;;;;;;;;;;;;
2024/12/08;1300 UTC;;;;;;;;;;;;;;;;;;
2024/12/08;1400 UTC;;;;;;;;;;;;;;;;;;
2024/12/08;1500 UTC;;;;;;;;;;;;;;;;;;
2024/12/08;1600 UTC;;;;;;;;;;;;;;;;;;
2024/12/08;1700 UTC;;;;;;;;;;;;;;;;;;
2024/12/08;1800 UTC;;;;;;;;;;;;;;;;;;
2024/12/08;1900 UTC;;;;;;;;;;;;;;;;;;
2024/12/08;2000 UTC;;;;;;;;;;;;;;;;;;
2024/12/08;2100 UTC;;;;;;;;;;;;;;;;;;
2024/12/08;2200 UTC;;;;;;;;;;;;;;;;;;
2024/12/08;2300 UTC;;;;;;;;;;;;;;;;;;
2024/12/09;0000 UTC;;;;;;;;;;;;;;;;;;
2024/12/09;0100 UTC;;;;;;;;;;;;;;;;;;
2024/12/09;0200 UTC;;;;;;;;;;;;;;;;;;
2024/12/09;0300 UTC;;;;;;;;;;;;;;;;;;
2024/12/09;0400 UTC;;;;;;;;;;;;;;;;;;
2024/12/09;0500 UTC;;;;;;;;;;;;;;;;;;
2024/12/09;0600 UTC;;;;;;;;;;;;;;;;;;
2024/12/09;0700 UTC;;;;;;;;;;;;;;;;;;
2024/12/09;0800 UTC;;;;;;;;;;;;;;;;;;
2024/12/09;0900 UTC;;;;;;;;;;;;;;;;;;
2024/12/09;1000 UTC;;;;;;;;;;;;;;;;;;
2024/12/09;1100 UTC;;;;;;;;;;;;;;;;;;
2024/12/09;1200 UTC;;;;;;;;;;;;;;;;;;
2024/12/09;1300 UTC;;;;;;;;;;;;;;;;;;
2024/12/09;1400 UTC;;;;;;;;;;;;;;;;;;
2024/12/09;1500 UTC;;;;;;;;;;;;;;;;;;
2024/12/09;1600 UTC;;;;;;;;;;;;;;;;;;
2024/12/09;1700 UTC;;;;;;;;;;;;;;;;;;
2024/12/09;1800 UTC;;;;;;;;;;;;;;;;;;
2024/12/09;1900 UTC;;;;;;;;;;;;;;;;;;
2024/12/09;2000 UTC;;;;;;;;;;;;;;;;;;
2024/12/09;2100 UTC;;;;;;;;;;;;;;;;;;
2024/12/09;2200 UTC;;;;;;;;;;;;;;;;;;
2024/12/09;2300 UTC;;;;;;;;;;;;;;;;;;
2024/12/10;0000 UTC;;;;;;;;;;;;;;;;;;
2024/12/10;0100 UTC;;;;;;;;;;;;;;;;;;
2024/12/10;0200 UTC;;;;;;;;;;;;;;;;;;
2024/12/10;0300 UTC;;;;;;;;;;;;;;;;;;
2024/12/10;0400 UTC;;;;;;;;;;;;;;;;;;
2024/12/10;0500 UTC;;;;;;;;;;;;;;;;;;
2024/12/10;0600 UTC;;;;;;;;;;;;;;;;;;
2024/12/10;0700 UTC;;;;;;;;;;;;;;;;;;
2024/12/10;0800 UTC;;;;;;;;;;;;;;;;;;
2024/12/10;0900 UTC;;;;;;;;;;;;;;;;;;
2024/12/10;1000 UTC;;;;;;;;;;;;;;;;;;
2024/12/10;1100 UTC;;;;;;;;;;;;;;;;;;
2024/12/10;1200 UTC;;;;;;;;;;;;;;;;;;
2024/12/10;1300 UTC;;;;;;;;;;;;;;;;;;
2024/12/10;1400 UTC;;;;;;;;;;;;;;;;;;
2024/12/10;1500 UTC;;;;;;;;;;;;;;;;;;
2024/12/10;1600 UTC;;;;;;;;;;;;;;;;;;
2024/12/10;1700 UTC;;;;;;;;;;;;;;;;;;
2024/12/10;1800 UTC;;;;;;;;;;;;;;;;;;
2024/12/10;1900 UTC;;;;;;;;;;;;;;;;;;
2024/12/10;2000 UTC;;;;;;;;;;;;;;;;;;
2024/12/10;2100 UTC;;;;;;;;;;;;;;;;;;
2024/12/10;2200 UTC;;;;;;;;;;;;;;;;;;
2024/12/10;2300 UTC;;;;;;;;;;;;;;;;;;
2024/12/11;0000 UTC;;;;;;;;;;;;;;;;;;
2024/12/11;0100 UTC;;;;;;;;;;;;;;;;;;
2024/12/11;0200 UTC;;;;;;;;;;;;;;;;;;
2024/12/11;0300 UTC;;;;;;;;;;;;;;;;;;
2024/12/11;0400 UTC;;;;;;;;;;;;;;;;;;
2024/12/11;0500 UTC;;;;;;;;;;;;;;;;;;
2024/12/11;0600 UTC;;;;;;;;;;;;;;;;;;
2024/12/11;0700 UTC;;;;;;;;;;;;;;;;;;
2024/12/11;0800 UTC;;;;;;;;;;;;;;;;;;
2024/12/11;0900 UTC;;;;;;;;;;;;;;;;;;
2024/12/11;1000 UTC;;;;;;;;;;;;;;;;;;
2024/12/11;1100 UTC;;;;;;;;;;;;;;;;;;
2024/12/11;1200 UTC;;;;;;;;;;;;;;;;;;
2024/12/11;1300 UTC;;;;;;;;;;;;;;;;;;
2024/12/11;1400 UTC;;;;;;;;;;;;;;;;;;
2024/12/11;1500 UTC;;;;;;;;;;;;;;;;;;
2024/12/11;1600 UTC;;;;;;;;;;;;;;;;;;
2024/12/11;1700 UTC;;;;;;;;;;;;;;;;;;
2024/12/11;1800 UTC;;;;;;;;;;;;;;;;;;
2024/12/11;1900 UTC;;;;;;;;;;;;;;;;;;
2024/12/11;2000 UTC;;;;;;;;;;;;;;;;;;
2024/12/11;2100 UTC;;;;;;;;;;;;;;;;;;
2024/12/11;2200 UTC;;;;;;;;;;;;;;;;;;
2024/12/11;2300 UTC;;;;;;;;;;;;;;;;;;
2024/12/12;0000 UTC;;;;;;;;;;;;;;;;;;
2024/12/12;0100 UTC;;;;;;;;;;;;;;;;;;
2024/12/12;0200 UTC;;;;;;;;;;;;;;;;;;
2024/12/12;0300 UTC;;;;;;;;;;;;;;;;;;
2024/12/12;0400 UTC;;;;;;;;;;;;;;;;;;
2024/12/12;0500 UTC;;;;;;;;;;;;;;;;;;
2024/12/12;0600 UTC;;;;;;;;;;;;;;;;;;
2024/12/12;0700 UTC;;;;;;;;;;;;;;;;;;
2024/12/12;0800 UTC;;;;;;;;;;;;;;;;;;
2024/12/12;0900 UTC;;;;;;;;;;;;;;;;;;
2024/12/12;1000 UTC;;;;;;;;;;;;;;;;;;
2024/12/12;1100 UTC;;;;;;;;;;;;;;;;;;
2024/12/12;1200 UTC;;;;;;;;;;;;;;;;;;
2024/12/12;1300 UTC;;;;;;;;;;;;;;;;;;
2024/12/12;1400 UTC;;;;;;;;;;;;;;;;;;
2024/12/12;1500 UTC;;;;;;;;;;;;;;;;;;
2024/12/12;1600 UTC;;;;;;;;;;;;;;;;;;
2024/12/12;1700 UTC;;;;;;;;;;;;;;;;;;
2024/12/12;1800 UTC;;;;;;;;;;;;;;;;;;
2024/12/12;1900 UTC;;;;;;;;;;;;;;;;;;
2024/12/12;2000 UTC;;;;;;;;;;;;;;;;;;
2024/12/12;2100 UTC;;;;;;;;;;;;;;;;;;
2024/12/12;2200 UTC;;;;;;;;;;;;;;;;;;
2024/12/12;2300 UTC;;;;;;;;;;;;;;;;;;
2024/12/13;0000 UTC;;;;;;;;;;;;;;;;;;
2024/12/13;0100 UTC;;;;;;;;;;;;;;;;;;
2024/12/13;0200 UTC;;;;;;;;;;;;;;;;;;
2024/12/13;0300 UTC;;;;;;;;;;;;;;;;;;
2024/12/13;0400 UTC;;;;;;;;;;;;;;;;;;
2024/12/13;0500 UTC;;;;;;;;;;;;;;;;;;
2024/12/13;0600 UTC;;;;;;;;;;;;;;;;;;
2024/12/13;0700 UTC;;;;;;;;;;;;;;;;;;
2024/12/13;0800 UTC;;;;;;;;;;;;;;;;;;
2024/12/13;0900 UTC;;;;;;;;;;;;;;;;;;
2024/12/13;1000 UTC;;;;;;;;;;;;;;;;;;
2024/12/13;1100 UTC;;;;;;;;;;;;;;;;;;
2024/12/13;1200 UTC;;;;;;;;;;;;;;;;;;
2024/12/13;1300 UTC;;;;;;;;;;;;;;;;;;
2024/12/13;1400 UTC;;;;;;;;;;;;;;;;;;
2024/12/13;1500 UTC;;;;;;;;;;;;;;;;;;
2024/12/13;1600 UTC;;;;;;;;;;;;;;;;;;
2024/12/13;1700 UTC;;;;;;;;;;;;;;;;;;
2024/12/13;1800 UTC;;;;;;;;;;;;;;;;;;
2024/12/13;1900 UTC;;;;;;;;;;;;;;;;;;
2024/12/13;2000 UTC;;;;;;;;;;;;;;;;;;
2024/12/13;2100 UTC;;;;;;;;;;;;;;;;;;
2024/12/13;2200 UTC;;;;;;;;;;;;;;;;;;
2024/12/13;2300 UTC;;;;;;;;;;;;;;;;;;
2024/12/14;0000 UTC;;;;;;;;;;;;;;;;;;
2024/12/14;0100 UTC;;;;;;;;;;;;;;;;;;
2024/12/14;0200 UTC;;;;;;;;;;;;;;;;;;
2024/12/14;0300 UTC;;;;;;;;;;;;;;;;;;
2024/12/14;0400 UTC;;;;;;;;;;;;;;;;;;
2024/12/14;0500 UTC;;;;;;;;;;;;;;;;;;
2024/12/14;0600 UTC;;;;;;;;;;;;;;;;;;
2024/12/14;0700 UTC;;;;;;;;;;;;;;;;;;
2024/12/14;0800 UTC;;;;;;;;;;;;;;;;;;
2024/12/14;0900 UTC;;;;;;;;;;;;;;;;;;
2024/12/14;1000 UTC;;;;;;;;;;;;;;;;;;
2024/12/14;1100 UTC;;;;;;;;;;;;;;;;;;
2024/12/14;1200 UTC;;;;;;;;;;;;;;;;;;
2024/12/14;1300 UTC;;;;;;;;;;;;;;;;;;
2024/12/14;1400 UTC;;;;;;;;;;;;;;;;;;
2024/12/14;1500 UTC;;;;;;;;;;;;;;;;;;
2024/12/14;1600 UTC;;;;;;;;;;;;;;;;;;
2024/12/14;1700 UTC;;;;;;;;;;;;;;;;;;
2024/12/14;1800 UTC;;;;;;;;;;;;;;;;;;
2024/12/14;1900 UTC;;;;;;;;;;;;;;;;;;
2024/12/14;2000 UTC;;;;;;;;;;;;;;;;;;
2024/12/14;2100 UTC;;;;;;;;;;;;;;;;;;
2024/12/14;2200 UTC;;;;;;;;;;;;;;;;;;
2024/12/14;2300 UTC;;;;;;;;;;;;;;;;;;
2024/12/15;0000 UTC;;;;;;;;;;;;;;;;;;
2024/12/15;0100 UTC;;;;;;;;;;;;;;;;;;
2024/12/15;0200 UTC;;;;;;;;;;;;;;;;;;
2024/12/15;0300 UTC;;;;;;;;;;;;;;;;;;
2024/12/15;0400 UTC;;;;;;;;;;;;;;;;;;
2024/12/15;0500 UTC;;;;;;;;;;;;;;;;;;
2024/12/15;0600 UTC;;;;;;;;;;;;;;;;;;
2024/12/15;0700 UTC;;;;;;;;;;;;;;;;;;
2024/12/15;0800 UTC;;;;;;;;;;;;;;;;;;
2024/12/15;0900 UTC;;;;;;;;;;;;;;;;;;
2024/12/15;1000 UTC;;;;;;;;;;;;;;;;;;
2024/12/15;1100 UTC;;;;;;;;;;;;;;;;;;
2024/12/15;1200 UTC;;;;;;;;;;;;;;;;;;
2024/12/15;1300 UTC;;;;;;;;;;;;;;;;;;
2024/12/15;1400 UTC;;;;;;;;;;;;;;;;;;
2024/12/15;1500 UTC;;;;;;;;;;;;;;;;;;
2024/12/15;1600 UTC;;;;;;;;;;;;;;;;;;
2024/12/15;1700 UTC;;;;;;;;;;;;;;;;;;
2024/12/15;1800 UTC;;;;;;;;;;;;;;;;;;
2024/12/15;1900 UTC;;;;;;;;;;;;;;;;;;
2024/12/15;2000 UTC;;;;;;;;;;;;;;;;;;
2024/12/15;2100 UTC;;;;;;;;;;;;;;;;;;
2024/12/15;2200 UTC;;;;;;;;;;;;;;;;;;
2024/12/15;2300 UTC;;;;;;;;;;;;;;;;;;
2024/12/16;0000 UTC;;;;;;;;;;;;;;;;;;
2024/12/16;0100 UTC;;;;;;;;;;;;;;;;;;
2024/12/16;0200 UTC;;;;;;;;;;;;;;;;;;
2024/12/16;0300 UTC;;;;;;;;;;;;;;;;;;
2024/12/16;0400 UTC;;;;;;;;;;;;;;;;;;
2024/12/16;0500 UTC;;;;;;;;;;;;;;;;;;
2024/12/16;0600 UTC;;;;;;;;;;;;;;;;;;
2024/12/16;0700 UTC;;;;;;;;;;;;;;;;;;
2024/12/16;0800 UTC;;;;;;;;;;;;;;;;;;
2024/12/16;0900 UTC;;;;;;;;;;;;;;;;;;
2024/12/16;1000 UTC;;;;;;;;;;;;;;;;;;
2024/12/16;1100 UTC;;;;;;;;;;;;;;;;;;
2024/12/16;1200 UTC;;;;;;;;;;;;;;;;;;
2024/12/16;1300 UTC;;;;;;;;;;;;;;;;;;
2024/12/16;1400 UTC;;;;;;;;;;;;;;;;;;
2024/12/16;1500 UTC;;;;;;;;;;;;;;;;;;
2024/12/16;1600 UTC;;;;;;;;;;;;;;;;;;
2024/12/16;1700 UTC;;;;;;;;;;;;;;;;;;
2024/12/16;1800 UTC;;;;;;;;;;;;;;;;;;
2024/12/16;1900 UTC;;;;;;;;;;;;;;;;;;
2024/12/16;2000 UTC;;;;;;;;;;;;;;;;;;
2024/12/16;2100 UTC;;;;;;;;;;;;;;;;;;
2024/12/16;2200 UTC;;;;;;;;;;;;;;;;;;
2024/12/16;2300 UTC;;;;;;;;;;;;;;;;;;
2024/12/17;0000 UTC;;;;;;;;;;;;;;;;;;
2024/12/17;0100 UTC;;;;;;;;;;;;;;;;;;
2024/12/17;0200 UTC;;;;;;;;;;;;;;;;;;
2024/12/17;0300 UTC;;;;;;;;;;;;;;;;;;
2024/12/17;0400 UTC;;;;;;;;;;;;;;;;;;
2024/12/17;0500 UTC;;;;;;;;;;;;;;;;;;
2024/12/17;0600 UTC;;;;;;;;;;;;;;;;;;
2024/12/17;0700 UTC;;;;;;;;;;;;;;;;;;
2024/12/17;0800 UTC;;;;;;;;;;;;;;;;;;
2024/12/17;0900 UTC;;;;;;;;;;;;;;;;;;
2024/12/17;1000 UTC;;;;;;;;;;;;;;;;;;
2024/12/17;1100 UTC;;;;;;;;;;;;;;;;;;
2024/12/17;1200 UTC;;;;;;;;;;;;;;;;;;
2024/12/17;1300 UTC;;;;;;;;;;;;;;;;;;
2024/12/17;1400 UTC;;;;;;;;;;;;;;;;;;
2024/12/17;1500 UTC;;;;;;;;;;;;;;;;;;
2024/12/17;1600 UTC;;;;;;;;;;;;;;;;;;
2024/12/17;1700 UTC;;;;;;;;;;;;;;;;;;
2024/12/17;1800 UTC;;;;;;;;;;;;;;;;;;
2024/12/17;1900 UTC;;;;;;;;;;;;;;;;;;
2024/12/17;2000 UTC;;;;;;;;;;;;;;;;;;
2024/12/17;2100 UTC;;;;;;;;;;;;;;;;;;
2024/12/17;2200 UTC;;;;;;;;;;;;;;;;;;
2024/12/17;2300 UTC;;;;;;;;;;;;;;;;;;
2024/12/18;0000 UTC;;;;;;;;;;;;;;;;;;
2024/12/18;0100 UTC;;;;;;;;;;;;;;;;;;
2024/12/18;0200 UTC;;;;;;;;;;;;;;;;;;
2024/12/18;0300 UTC;;;;;;;;;;;;;;;;;;
2024/12/18;0400 UTC;;;;;;;;;;;;;;;;;;
2024/12/18;0500 UTC;;;;;;;;;;;;;;;;;;
2024/12/18;0600 UTC;;;;;;;;;;;;;;;;;;
2024/12/18;0700 UTC;;;;;;;;;;;;;;;;;;
2024/12/18;0800 UTC;;;;;;;;;;;;;;;;;;
2024/12/18;0900 UTC;;;;;;;;;;;;;;;;;;
2024/12/18;1000 UTC;;;;;;;;;;;;;;;;;;
2024/12/18;1100 UTC;;;;;;;;;;;;;;;;;;
2024/12/18;1200 UTC;;;;;;;;;;;;;;;;;;
2024/12/18;1300 UTC;;;;;;;;;;;;;;;;;;
2024/12/18;1400 UTC;;;;;;;;;;;;;;;;;;
2024/12/18;1500 UTC;;;;;;;;;;;;;;;;;;
2024/12/18;1600 UTC;;;;;;;;;;;;;;;;;;
2024/12/18;1700 UTC;;;;;;;;;;;;;;;;;;
2024/12/18;1800 UTC;;;;;;;;;;;;;;;;;;
2024/12/18;1900 UTC;;;;;;;;;;;;;;;;;;
2024/12/18;2000 UTC;;;;;;;;;;;;;;;;;;
2024/12/18;2100 UTC;;;;;;;;;;;;;;;;;;
2024/12/18;2200 UTC;;;;;;;;;;;;;;;;;;
2024/12/18;2300 UTC;;;;;;;;;;;;;;;;;;
2024/12/19;0000 UTC;;;;;;;;;;;;;;;;;;
2024/12/19;0100 UTC;;;;;;;;;;;;;;;;;;
2024/12/19;0200 UTC;;;;;;;;;;;;;;;;;;
2024/12/19;0300 UTC;;;;;;;;;;;;;;;;;;
2024/12/19;0400 UTC;;;;;;;;;;;;;;;;;;
2024/12/19;0500 UTC;;;;;;;;;;;;;;;;;;
2024/12/19;0600 UTC;;;;;;;;;;;;;;;;;;
2024/12/19;0700 UTC;;;;;;;;;;;;;;;;;;
2024/12/19;0800 UTC;;;;;;;;;;;;;;;;;;
2024/12/19;0900 UTC;;;;;;;;;;;;;;;;;;
2024/12/19;1000 UTC;;;;;;;;;;;;;;;;;;
2024/12/19;1100 UTC;;;;;;;;;;;;;;;;;;
2024/12/19;1200 UTC;;;;;;;;;;;;;;;;;;
2024/12/19;1300 UTC;;;;;;;;;;;;;;;;;;
2024/12/19;1400 UTC;;;;;;;;;;;;;;;;;;
2024/12/19;1500 UTC;;;;;;;;;;;;;;;;;;
2024/12/19;1600 UTC;;;;;;;;;;;;;;;;;;
2024/12/19;1700 UTC;;;;;;;;;;;;;;;;;;
2024/12/19;1800 UTC;;;;;;;;;;;;;;;;;;
2024/12/19;1900 UTC;;;;;;;;;;;;;;;;;;
2024/12/19;2000 UTC;;;;;;;;;;;;;;;;;;
2024/12/19;2100 UTC;;;;;;;;;;;;;;;;;;
2024/12/19;2200 UTC;;;;;;;;;;;;;;;;;;
2024/12/19;2300 UTC;;;;;;;;;;;;;;;;;;
2024/12/20;0000 UTC;;;;;;;;;;;;;;;;;;
2024/12/20;0100 UTC;;;;;;;;;;;;;;;;;;
2024/12/20;0200 UTC;;;;;;;;;;;;;;;;;;
2024/12/20;0300 UTC;;;;;;;;;;;;;;;;;;
2024/12/20;0400 UTC;;;;;;;;;;;;;;;;;;
2024/12/20;0500 UTC;;;;;;;;;;;;;;;;;;
2024/12/20;0600 UTC;;;;;;;;;;;;;;;;;;
2024/12/20;0700 UTC;;;;;;;;;;;;;;;;;;
2024/12/20;0800 UTC;;;;;;;;;;;;;;;;;;
2024/12/20;0900 UTC;;;;;;;;;;;;;;;;;;
2024/12/20;1000 UTC;;;;;;;;;;;;;;;;;;
2024/12/20;1100 UTC;;;;;;;;;;;;;;;;;;
2024/12/20;1200 UTC;;;;;;;;;;;;;;;;;;
2024/12/20;1300 UTC;;;;;;;;;;;;;;;;;;
2024/12/20;1400 UTC;;;;;;;;;;;;;;;;;;
2024/12/20;1500 UTC;;;;;;;;;;;;;;;;;;
2024/12/20;1600 UTC;;;;;;;;;;;;;;;;;;
2024/12/20;1700 UTC;;;;;;;;;;;;;;;;;;
2024/12/20;1800 UTC;;;;;;;;;;;;;;;;;;
2024/12/20;1900 UTC;;;;;;;;;;;;;;;;;;
2024/12/20;2000 UTC;;;;;;;;;;;;;;;;;;
2024/12/20;2100 UTC;;;;;;;;;;;;;;;;;;
2024/12/20;2200 UTC;;;;;;;;;;;;;;;;;;
2024/12/20;2300 UTC;;;;;;;;;;;;;;;;;;
2024/12/21;0000 UTC;;;;;;;;;;;;;;;;;;
2024/12/21;0100 UTC;;;;;;;;;;;;;;;;;;
2024/12/21;0200 UTC;;;;;;;;;;;;;;;;;;
2024/12/21;0300 UTC;;;;;;;;;;;;;;;;;;
2024/12/21;0400 UTC;;;;;;;;;;;;;;;;;;
2024/12/21;0500 UTC;;;;;;;;;;;;;;;;;;
2024/12/21;0600 UTC;;;;;;;;;;;;;;;;;;
2024/12/21;0700 UTC;;;;;;;;;;;;;;;;;;
2024/12/21;0800 UTC;;;;;;;;;;;;;;;;;;
2024/12/21;0900 UTC;;;;;;;;;;;;;;;;;;
2024/12/21;1000 UTC;;;;;;;;;;;;;;;;;;
2024/12/21;1100 UTC;;;;;;;;;;;;;;;;;;
2024/12/21;1200 UTC;;;;;;;;;;;;;;;;;;
2024/12/21;1300 UTC;;;;;;;;;;;;;;;;;;
2024/12/21;1400 UTC;;;;;;;;;;;;;;;;;;
2024/12/21;1500 UTC;;;;;;;;;;;;;;;;;;
2024/12/21;1600 UTC;;;;;;;;;;;;;;;;;;
2024/12/21;1700 UTC;;;;;;;;;;;;;;;;;;
2024/12/21;1800 UTC;;;;;;;;;;;;;;;;;;
2024/12/21;1900 UTC;;;;;;;;;;;;;;;;;;
2024/12/21;2000 UTC;;;;;;;;;;;;;;;;;;
2024/12/21;2100 UTC;;;;;;;;;;;;;;;;;;
2024/12/21;2200 UTC;;;;;;;;;;;;;;;;;;
2024/12/21;2300 UTC;;;;;;;;;;;;;;;;;;
2024/12/22;0000 UTC;;;;;;;;;;;;;;;;;;
2024/12/22;0100 UTC;;;;;;;;;;;;;;;;;;
2024/12/22;0200 UTC;;;;;;;;;;;;;;;;;;
2024/12/22;0300 UTC;;;;;;;;;;;;;;;;;;
2024/12/22;0400 UTC;;;;;;;;;;;;;;;;;;
2024/12/22;0500 UTC;;;;;;;;;;;;;;;;;;
2024/12/22;0600 UTC;;;;;;;;;;;;;;;;;;
2024/12/22;0700 UTC;;;;;;;;;;;;;;;;;;
2024/12/22;0800 UTC;;;;;;;;;;;;;;;;;;
2024/12/22;0900 UTC;;;;;;;;;;;;;;;;;;
2024/12/22;1000 UTC;;;;;;;;;;;;;;;;;;
2024/12/22;1100 UTC;;;;;;;;;;;;;;;;;;
2024/12/22;1200 UTC;;;;;;;;;;;;;;;;;;
2024/12/22;1300 UTC;;;;;;;;;;;;;;;;;;
2024/12/22;1400 UTC;;;;;;;;;;;;;;;;;;
2024/12/22;1500 UTC;;;;;;;;;;;;;;;;;;
2024/12/22;1600 UTC;;;;;;;;;;;;;;;;;;
2024/12/22;1700 UTC;;;;;;;;;;;;;;;;;;
2024/12/22;1800 UTC;;;;;;;;;;;;;;;;;;
2024/12/22;1900 UTC;;;;;;;;;;;;;;;;;;
2024/12/22;2000 UTC;;;;;;;;;;;;;;;;;;
2024/12/22;2100 UTC;;;;;;;;;;;;;;;;;;
2024/12/22;2200 UTC;;;;;;;;;;;;;;;;;;
2024/12/22;2300 UTC;;;;;;;;;;;;;;;;;;
2024/12/23;0000 UTC;;;;;;;;;;;;;;;;;;
2024/12/23;0100 UTC;;;;;;;;;;;;;;;;;;
2024/12/23;0200 UTC;;;;;;;;;;;;;;;;;;
2024/12/23;0300 UTC;;;;;;;;;;;;;;;;;;
2024/12/23;0400 UTC;;;;;;;;;;;;;;;;;;
2024/12/23;0500 UTC;;;;;;;;;;;;;;;;;;
2024/12/23;0600 UTC;;;;;;;;;;;;;;;;;;
2024/12/23;0700 UTC;;;;;;;;;;;;;;;;;;
2024/12/23;0800 UTC;;;;;;;;;;;;;;;;;;
2024/12/23;0900 UTC;;;;;;;;;;;;;;;;;;
2024/12/23;1000 UTC;;;;;;;;;;;;;;;;;;
2024/12/23;1100 UTC;;;;;;;;;;;;;;;;;;
2024/12/23;1200 UTC;;;;;;;;;;;;;;;;;;
2024/12/23;1300 UTC;;;;;;;;;;;;;;;;;;
2024/12/23;1400 UTC;;;;;;;;;;;;;;;;;;
2024/12/23;1500 UTC;;;;;;;;;;;;;;;;;;
2024/12/23;1600 UTC;;;;;;;;;;;;;;;;;;
2024/12/23;1700 UTC;;;;;;;;;;;;;;;;;;
2024/12/23;1800 UTC;;;;;;;;;;;;;;;;;;
2024/12/23;1900 UTC;;;;;;;;;;;;;;;;;;
2024/12/23;2000 UTC;;;;;;;;;;;;;;;;;;
2024/12/23;2100 UTC;;;;;;;;;;;;;;;;;;
2024/12/23;2200 UTC;;;;;;;;;;;;;;;;;;
2024/12/23;2300 UTC;;;;;;;;;;;;;;;;;;
2024/12/24;0000 UTC;;;;;;;;;;;;;;;;;;
2024/12/24;0100 UTC;;;;;;;;;;;;;;;;;;
2024/12/24;0200 UTC;;;;;;;;;;;;;;;;;;
2024/12/24;0300 UTC;;;;;;;;;;;;;;;;;;
2024/12/24;0400 UTC;;;;;;;;;;;;;;;;;;
2024/12/24;0500 UTC;;;;;;;;;;;;;;;;;;
2024/12/24;0600 UTC;;;;;;;;;;;;;;;;;;
2024/12/24;0700 UTC;;;;;;;;;;;;;;;;;;
2024/12/24;0800 UTC;;;;;;;;;;;;;;;;;;
2024/12/24;0900 UTC;;;;;;;;;;;;;;;;;;
2024/12/24;1000 UTC;;;;;;;;;;;;;;;;;;
2024/12/24;1100 UTC;;;;;;;;;;;;;;;;;;
2024/12/24;1200 UTC;;;;;;;;;;;;;;;;;;
2024/12/24;1300 UTC;;;;;;;;;;;;;;;;;;
2024/12/24;1400 UTC;;;;;;;;;;;;;;;;;;
2024/12/24;1500 UTC;;;;;;;;;;;;;;;;;;
2024/12/24;1600 UTC;;;;;;;;;;;;;;;;;;
2024/12/24;1700 UTC;;;;;;;;;;;;;;;;;;
2024/12/24;1800 UTC;;;;;;;;;;;;;;;;;;
2024/12/24;1900 UTC;;;;;;;;;;;;;;;;;;
2024/12/24;2000 UTC;;;;;;;;;;;;;;;;;;
2024/12/24;2100 UTC;;;;;;;;;;;;;;;;;;
2024/12/24;2200 UTC;;;;;;;;;;;;;;;;;;
2024/12/24;2300 UTC;;;;;;;;;;;;;;;;;;
2024/12/25;0000 UTC;;;;;;;;;;;;;;;;;;
2024/12/25;0100 UTC;;;;;;;;;;;;;;;;;;
2024/12/25;0200 UTC;;;;;;;;;;;;;;;;;;
2024/12/25;0300 UTC;;;;;;;;;;;;;;;;;;
2024/12/25;0400 UTC;;;;;;;;;;;;;;;;;;
2024/12/25;0500 UTC;;;;;;;;;;;;;;;;;;
2024/12/25;0600 UTC;;;;;;;;;;;;;;;;;;
2024/12/25;0700 UTC;;;;;;;;;;;;;;;;;;
2024/12/25;0800 UTC;;;;;;;;;;;;;;;;;;
2024/12/25;0900 UTC;;;;;;;;;;;;;;;;;;
2024/12/25;1000 UTC;;;;;;;;;;;;;;;;;;
2024/12/25;1100 UTC;;;;;;;;;;;;;;;;;;
2024/12/25;1200 UTC;;;;;;;;;;;;;;;;;;
2024/12/25;1300 UTC;;;;;;;;;;;;;;;;;;
2024/12/25;1400 UTC;;;;;;;;;;;;;;;;;;
2024/12/25;1500 UTC;;;;;;;;;;;;;;;;;;
2024/12/25;1600 UTC;;;;;;;;;;;;;;;;;;
2024/12/25;1700 UTC;;;;;;;;;;;;;;;;;;
2024/12/25;1800 UTC;;;;;;;;;;;;;;;;;;
2024/12/25;1900 UTC;;;;;;;;;;;;;;;;;;
2024/12/25;2000 UTC;;;;;;;;;;;;;;;;;;
2024/12/25;2100 UTC;;;;;;;;;;;;;;;;;;
2024/12/25;2200 UTC;;;;;;;;;;;;;;;;;;
2024/12/25;2300 UTC;;;;;;;;;;;;;;;;;;
2024/12/26;0000 UTC;;;;;;;;;;;;;;;;;;
2024/12/26;0100 UTC;;;;;;;;;;;;;;;;;;
2024/12/26;0200 UTC;;;;;;;;;;;;;;;;;;
2024/12/26;0300 UTC;;;;;;;;;;;;;;;;;;
2024/12/26;0400 UTC;;;;;;;;;;;;;;;;;;
2024/12/26;0500 UTC;;;;;;;;;;;;;;;;;;
2024/12/26;0600 UTC;;;;;;;;;;;;;;;;;;
2024/12/26;0700 UTC;;;;;;;;;;;;;;;;;;
2024/12/26;0800 UTC;;;;;;;;;;;;;;;;;;
2024/12/26;0900 UTC;;;;;;;;;;;;;;;;;;
2024/12/26;1000 UTC;;;;;;;;;;;;;;;;;;
2024/12/26;1100 UTC;;;;;;;;;;;;;;;;;;
2024/12/26;1200 UTC;;;;;;;;;;;;;;;;;;
2024/12/26;1300 UTC;;;;;;;;;;;;;;;;;;
2024/12/26;1400 UTC;;;;;;;;;;;;;;;;;;
2024/12/26;1500 UTC;;;;;;;;;;;;;;;;;;
2024/12/26;1600 UTC;;;;;;;;;;;;;;;;;;
2024/12/26;1700 UTC;;;;;;;;;;;;;;;;;;
2024/12/26;1800 UTC;;;;;;;;;;;;;;;;;;
2024/12/26;1900 UTC;;;;;;;;;;;;;;;;;;
2024/12/26;2000 UTC;;;;;;;;;;;;;;;;;;
2024/12/26;2100 UTC;;;;;;;;;;;;;;;;;;
2024/12/26;2200 UTC;;;;;;;;;;;;;;;;;;
2024/12/26;2300 UTC;;;;;;;;;;;;;;;;;;
2024/12/27;0000 UTC;;;;;;;;;;;;;;;;;;
2024/12/27;0100 UTC;;;;;;;;;;;;;;;;;;
2024/12/27;0200 UTC;;;;;;;;;;;;;;;;;;
2024/12/27;0300 UTC;;;;;;;;;;;;;;;;;;
2024/12/27;0400 UTC;;;;;;;;;;;;;;;;;;
2024/12/27;0500 UTC;;;;;;;;;;;;;;;;;;
2024/12/27;0600 UTC;;;;;;;;;;;;;;;;;;
2024/12/27;0700 UTC;;;;;;;;;;;;;;;;;;
2024/12/27;0800 UTC;;;;;;;;;;;;;;;;;;
2024/12/27;0900 UTC;;;;;;;;;;;;;;;;;;
2024/12/27;1000 UTC;;;;;;;;;;;;;;;;;;
2024/12/27;1100 UTC;;;;;;;;;;;;;;;;;;
2024/12/27;1200 UTC;;;;;;;;;;;;;;;;;;
2024/12/27;1300 UTC;;;;;;;;;;;;;;;;;;
2024/12/27;1400 UTC;;;;;;;;;;;;;;;;;;
2024/12/27;1500 UTC;;;;;;;;;;;;;;;;;;
2024/12/27;1600 UTC;;;;;;;;;;;;;;;;;;
2024/12/27;1700 UTC;;;;;;;;;;;;;;;;;;
2024/12/27;1800 UTC;;;;;;;;;;;;;;;;;;
2024/12/27;1900 UTC;;;;;;;;;;;;;;;;;;
2024/12/27;2000 UTC;;;;;;;;;;;;;;;;;;
2024/12/27;2100 UTC;;;;;;;;;;;;;;;;;;
2024/12/27;2200 UTC;;;;;;;;;;;;;;;;;;
2024/12/27;2300 UTC;;;;;;;;;;;;;;;;;;
2024/12/28;0000 UTC;;;;;;;;;;;;;;;;;;
2024/12/28;0100 UTC;;;;;;;;;;;;;;;;;;
2024/12/28;0200 UTC;;;;;;;;;;;;;;;;;;
2024/12/28;0300 UTC;;;;;;;;;;;;;;;;;;
2024/12/28;0400 UTC;;;;;;;;;;;;;;;;;;
2024/12/28;0500 UTC;;;;;;;;;;;;;;;;;;
2024/12/28;0600 UTC;;;;;;;;;;;;;;;;;;
2024/12/28;0700 UTC;;;;;;;;;;;;;;;;;;
2024/12/28;0800 UTC;;;;;;;;;;;;;;;;;;
2024/12/28;0900 UTC;;;;;;;;;;;;;;;;;;
2024/12/28;1000 UTC;;;;;;;;;;;;;;;;;;
2024/12/28;1100 UTC;;;;;;;;;;;;;;;;;;
2024/12/28;1200 UTC;;;;;;;;;;;;;;;;;;
2024/12/28;1300 UTC;;;;;;;;;;;;;;;;;;
2024/12/28;1400 UTC;;;;;;;;;;;;;;;;;;
2024/12/28;1500 UTC;;;;;;;;;;;;;;;;;;
2024/12/28;1600 UTC;;;;;;;;;;;;;;;;;;
2024/12/28;1700 UTC;;;;;;;;;;;;;;;;;;
2024/12/28;1800 UTC;;;;;;;;;;;;;;;;;;
2024/12/28;1900 UTC;;;;;;;;;;;;;;;;;;
2024/12/28;2000 UTC;;;;;;;;;;;;;;;;;;
2024/12/28;2100 UTC;;;;;;;;;;;;;;;;;;
2024/12/28;2200 UTC;;;;;;;;;;;;;;;;;;
2024/12/28;2300 UTC;;;;;;;;;;;;;;;;;;
2024/12/29;0000 UTC;;;;;;;;;;;;;;;;;;
2024/12/29;0100 UTC;;;;;;;;;;;;;;;;;;
2024/12/29;0200 UTC;;;;;;;;;;;;;;;;;;
2024/12/29;0300 UTC;;;;;;;;;;;;;;;;;;
2024/12/29;0400 UTC;;;;;;;;;;;;;;;;;;
2024/12/29;0500 UTC;;;;;;;;;;;;;;;;;;
2024/12/29;0600 UTC;;;;;;;;;;;;;;;;;;
2024/12/29;0700 UTC;;;;;;;;;;;;;;;;;;
2024/12/29;0800 UTC;;;;;;;;;;;;;;;;;;
2024/12/29;0900 UTC;;;;;;;;;;;;;;;;;;
2024/12/29;1000 UTC;;;;;;;;;;;;;;;;;;
2024/12/29;1100 UTC;;;;;;;;;;;;;;;;;;
2024/12/29;1200 UTC;;;;;;;;;;;;;;;;;;
2024/12/29;1300 UTC;;;;;;;;;;;;;;;;;;
2024/12/29;1400 UTC;;;;;;;;;;;;;;;;;;
2024/12/29;1500 UTC;;;;;;;;;;;;;;;;;;
2024/12/29;1600 UTC;;;;;;;;;;;;;;;;;;
2024/12/29;1700 UTC;;;;;;;;;;;;;;;;;;
2024/12/29;1800 UTC;;;;;;;;;;;;;;;;;;
2024/12/29;1900 UTC;;;;;;;;;;;;;;;;;;
2024/12/29;2000 UTC;;;;;;;;;;;;;;;;;;
2024/12/29;2100 UTC;;;;;;;;;;;;;;;;;;
2024/12/29;2200 UTC;;;;;;;;;;;;;;;;;;
2024/12/29;2300 UTC;;;;;;;;;;;;;;;;;;
2024/12/30;0000 UTC;;;;;;;;;;;;;;;;;;
2024/12/30;0100 UTC;;;;;;;;;;;;;;;;;;
2024/12/30;0200 UTC;;;;;;;;;;;;;;;;;;
2024/12/30;0300 UTC;;;;;;;;;;;;;;;;;;
2024/12/30;0400 UTC;;;;;;;;;;;;;;;;;;
2024/12/30;0500 UTC;;;;;;;;;;;;;;;;;;
2024/12/30;0600 UTC;;;;;;;;;;;;;;;;;;
2024/12/30;0700 UTC;;;;;;;;;;;;;;;;;;
2024/12/30;0800 UTC;;;;;;;;;;;;;;;;;;
2024/12/30;0900 UTC;;;;;;;;;;;;;;;;;;
2024/12/30;1000 UTC;;;;;;;;;;;;;;;;;;
2024/12/30;1100 UTC;;;;;;;;;;;;;;;;;;
2024/12/30;1200 UTC;;;;;;;;;;;;;;;;;;
2024/12/30;1300 UTC;;;;;;;;;;;;;;;;;;
2024/12/30;1400 UTC;;;;;;;;;;;;;;;;;;
2024/12/30;1500 UTC;;;;;;;;;;;;;;;;;;
2024/12/30;1600 UTC;;;;;;;;;;;;;;;;;;
2024/12/30;1700 UTC;;;;;;;;;;;;;;;;;;
2024/12/30;1800 UTC;;;;;;;;;;;;;;;;;;
2024/12/30;1900 UTC;;;;;;;;;;;;;;;;;;
2024/12/30;2000 UTC;;;;;;;;;;;;;;;;;;
2024/12/30;2100 UTC;;;;;;;;;;;;;;;;;;
2024/12/30;2200 UTC;;;;;;;;;;;;;;;;;;
2024/12/30;2300 UTC;;;;;;;;;;;;;;;;;;
2024/12/31;0000 UTC;;;;;;;;;;;;;;;;;;
2024/12/31;0100 UTC;;;;;;;;;;;;;;;;;;
2024/12/31;0200 UTC;;;;;;;;;;;;;;;;;;
2024/12/31;0300 UTC;;;;;;;;;;;;;;;;;;
2024/12/31;0400 UTC;;;;;;;;;;;;;;;;;;
2024/12/31;0500 UTC;;;;;;;;;;;;;;;;;;
2024/12/31;0600 UTC;;;;;;;;;;;;;;;;;;
2024/12/31;0700 UTC;;;;;;;;;;;;;;;;;;
2024/12/31;0800 UTC;;;;;;;;;;;;;;;;;;
2024/12/31;0900 UTC;;;;;;;;;;;;;;;;;;
2024/12/31;1000 UTC;;;;;;;;;;;;;;;;;;
2024/12/31;1100 UTC;;;;;;;;;;;;;;;;;;
2024/12/31;1200 UTC;;;;;;;;;;;;;;;;;;
2024/12/31;1300 UTC;;;;;;;;;;;;;;;;;;
2024/12/31;1400 UTC;;;;;;;;;;;;;;;;;;
2024/12/31;1500 UTC;;;;;;;;;;;;;;;;;;
2024/12/31;1600 UTC;;;;;;;;;;;;;;;;;;
2024/12/31;1700 UTC;;;;;;;;;;;;;;;;;;
2024/12/31;1800 UTC;;;;;;;;;;;;;;;;;;
2024/12/31;1900 UTC;;;;;;;;;;;;;;;;;;
2024/12/31;2000 UTC;;;;;;;;;;;;;;;;;;
2024/12/31;2100 UTC;;;;;;;;;;;;;;;;;;
2024/12/31;2200 UTC;;;;;;;;;;;;;;;;;;
2024/12/31;2300 UTC;;;;;;;;;;;;;;;;;;
